version 3
run General-33-20221103-10:28:22-6760
attr configname General
attr datetime 20221103-10:28:22
attr datetimef 20221103-102822
attr experiment General
attr inifile block.ini
attr iterationvars "$0=4, $1=10"
attr iterationvarsd 4/10
attr iterationvarsf 4,10-
attr measurement "$0=4, $1=10"
attr network Block
attr processid 6760
attr repetition 3
attr replication #3
attr resultdir results
attr runnumber 33
attr seedset 33
config network Block
config repeat 5
config sim-time-limit 1000s
config warmup-period 100s
config **.alloca.resourceModuleName "\"risorse\""
config **.dealloca.resourceModuleName "\"risorse\""
config **.is.delay exponential(3s)
config **.servente.serviceTime exponential(4s)
config **.dealloca.resourceAmount 2
config **.alloca.resourceAmount 2
config **.risorse.amount 6
config **.sorgente.numJobs (10)
config **.result-recording-modes all

vector 0 Block.is delayedJobs:vector ETV
attr interpolationmode sample-hold
attr recordingmode vector
attr title "number of delayed jobs"
vector 1 Block.alloca queueLength:vector ETV
attr interpolationmode sample-hold
attr recordingmode vector
attr title "queue length"
vector 2 Block.servente queueLength:vector ETV
attr interpolationmode sample-hold
attr recordingmode vector
attr title "queue length"
vector 3 Block.servente queueingTime:vector ETV
attr interpolationmode none
attr recordingmode vector
attr title "queueing time at dequeue"
attr unit s
vector 4 Block.alloca queueingTime:vector ETV
attr interpolationmode none
attr recordingmode vector
attr title "queueing time at dequeue"
attr unit s
vector 5 Block.risorse amount:vector ETV
attr interpolationmode sample-hold
attr recordingmode vector
attr title "available resource"
0	177	102.213618963802	0
0	182	102.707167548313	1
0	186	104.215953789488	2
0	190	108.246333773336	3
0	191	109.386621370188	2
0	193	110.495810634144	1
0	195	113.255953995582	0
0	200	122.021179930697	1
0	201	123.229232163781	0
0	206	126.525350136837	1
0	207	127.836134795234	0
0	212	129.496562041569	1
0	216	129.679266467006	2
0	217	129.743546461697	1
0	219	132.114480158166	0
0	224	132.27951882556	1
0	228	132.715311073701	2
0	229	132.823345213633	1
0	234	133.245055291154	2
0	235	133.764995705208	1
0	237	138.754230561748	0
0	242	142.534423074762	1
0	246	142.596966524231	2
0	250	143.30686479275	3
0	251	143.847215025201	2
0	253	143.885317920023	1
0	255	147.024646778427	0
0	260	148.599933917558	1
0	261	148.696597907242	0
0	266	148.916020324852	1
0	270	150.765287333245	2
0	271	150.834201910572	1
0	276	151.255029996623	2
0	280	151.877110251455	3
0	281	152.705338457648	2
0	286	154.457836495152	3
0	287	154.710856722084	2
0	289	155.55453833555	1
0	291	155.706298803528	0
0	296	163.548359098022	1
0	297	163.989163162706	0
0	302	169.404903371579	1
0	303	172.121962710834	0
0	308	188.259902408736	1
0	309	188.792151149059	0
0	314	194.505923332692	1
0	315	199.369349988397	0
0	320	203.814584471412	1
0	321	205.894785986142	0
0	326	210.711652039917	1
0	327	210.895664845575	0
0	332	224.548831783885	1
0	336	225.275030032044	2
0	340	225.843332341181	3
0	341	226.040910765052	2
0	343	226.468806014006	1
0	345	228.176010237529	0
0	350	231.376737873786	1
0	351	233.052001854624	0
0	356	235.405677711602	1
0	357	235.685254404209	0
0	362	249.190504286387	1
0	366	250.496464728742	2
0	367	251.995624061947	1
0	372	252.944629617096	2
0	373	253.147874639096	1
0	375	254.210036877856	0
0	380	262.338308038058	1
0	381	263.855248891055	0
0	386	271.961720732949	1
0	387	272.014294787788	0
0	392	274.740109212995	1
0	393	276.635503520118	0
0	398	282.318521603127	1
0	402	287.366318253076	2
0	403	287.894970805521	1
0	405	289.030332989173	0
0	410	299.585819972436	1
0	414	300.969921720583	2
0	415	301.934955217655	1
0	420	303.784171946041	2
0	421	305.168366713287	1
0	423	308.176713037455	0
0	428	311.380479030987	1
0	432	316.556817452044	2
0	436	316.618985654537	3
0	440	316.684634857861	4
0	441	316.767828908691	3
0	443	318.365923087371	2
0	448	322.34319183588	3
0	449	323.503716637247	2
0	454	324.363767419159	3
0	455	325.548578243541	2
0	457	325.819084268847	1
0	459	327.326937450473	0
0	464	330.661029750454	1
0	465	335.451915777114	0
0	470	337.645002582433	1
0	471	339.355288035111	0
0	476	343.857594769852	1
0	477	345.998834825807	0
0	482	360.524352574538	1
0	486	362.529651261981	2
0	487	363.102839144948	1
0	492	364.686916200257	2
0	493	364.847600807429	1
0	495	366.493796241316	0
0	500	368.012698404018	1
0	504	368.824293980733	2
0	508	371.749055754673	3
0	509	372.330913412891	2
0	511	372.759546673814	1
0	516	373.960560454418	2
0	520	374.756204531578	3
0	521	374.866679413431	2
0	523	375.599211639171	1
0	528	376.686020415328	2
0	529	377.273643313559	1
0	534	378.604544732118	2
0	535	381.072334585352	1
0	537	386.977736749843	0
0	542	391.407618197002	1
0	546	392.413416841821	2
0	550	392.813941147177	3
0	551	392.975988628965	2
0	553	393.621132041146	1
0	558	396.6298643016	2
0	562	397.661147298442	3
0	563	399.136029384852	2
0	565	400.839162863611	1
0	570	401.963693070391	2
0	571	402.228323847443	1
0	576	402.71236723338	2
0	580	403.369451393686	3
0	581	404.747121297884	2
0	586	408.426508549286	3
0	587	409.213270573281	2
0	589	409.681379345304	1
0	594	411.448410866024	2
0	595	411.925693200299	1
0	600	413.719945324979	2
0	601	415.196417407798	1
0	603	417.153231597656	0
0	608	421.906703748567	1
0	609	425.200210833486	0
0	614	427.120106245441	1
0	615	428.878696639003	0
0	620	433.7783968147	1
0	621	436.595081082827	0
0	626	440.800029241782	1
0	630	442.342251404436	2
0	631	445.403317244275	1
0	636	450.581719937051	2
0	640	451.269986425445	3
0	641	451.983428878188	2
0	643	452.666060500356	1
0	648	453.60554313517	2
0	649	454.620843400541	1
0	651	458.551327444343	0
0	656	469.891186138493	1
0	660	470.015635239294	2
0	664	470.977466752409	3
0	665	471.909391733204	2
0	667	473.477812975112	1
0	669	474.93733875556	0
0	674	486.417797465331	1
0	678	486.759940618908	2
0	682	487.154343310723	3
0	683	487.28287451781	2
0	685	487.568179913602	1
0	690	490.069645539992	2
0	694	491.060661776877	3
0	698	491.642404170451	4
0	699	492.234017050693	3
0	701	495.864510404595	2
0	703	496.255022138452	1
0	705	496.305441537829	0
0	710	499.740183978078	1
0	711	501.924136705984	0
0	716	504.680265507639	1
0	717	507.093818484831	0
0	722	509.084811731137	1
0	723	511.535053776385	0
0	728	516.155362493072	1
0	732	519.510089894755	2
0	736	520.73630426738	3
0	740	521.95012467517	4
0	744	522.799465265774	5
0	745	522.877464161325	4
0	747	526.177848197315	3
0	752	526.65533677292	4
0	753	530.286920399555	3
0	755	531.074113867341	2
0	757	531.365818712381	1
0	759	532.433352232029	0
0	764	546.803132126842	1
0	768	547.950602515828	2
0	769	548.341085088175	1
0	771	548.501482556458	0
0	776	549.600365851863	1
0	777	552.585448742668	0
0	782	553.778940101971	1
0	786	556.505827992153	2
0	790	556.878616314602	3
0	791	557.273169374409	2
0	793	557.422938432507	1
0	798	557.862281581401	2
0	799	558.153975212481	1
0	804	560.014031207552	2
0	805	560.955682511148	1
0	807	561.710018022046	0
0	812	563.811787512386	1
0	813	564.733500055508	0
0	818	565.395292549351	1
0	819	566.069615272005	0
0	824	574.909389145744	1
0	825	580.764483208912	0
0	830	584.879440764928	1
0	831	587.361515752071	0
0	836	589.400439919662	1
0	837	590.339777224237	0
0	842	592.801172477822	1
0	846	593.076207420618	2
0	850	594.686711290356	3
0	851	594.721492450298	2
0	853	594.749646285556	1
0	858	597.286602388751	2
0	859	597.496261415228	1
0	861	601.092557315224	0
0	866	602.449765721662	1
0	870	602.735992369456	2
0	871	604.202966989985	1
0	873	604.30968099604	0
0	878	608.622545325727	1
0	879	608.78855908676	0
0	884	610.813844412778	1
0	885	610.931065217318	0
0	890	614.074552861487	1
0	891	614.690670699729	0
0	896	621.690624888068	1
0	897	621.780239798024	0
0	902	625.502650599292	1
0	906	626.129581192369	2
0	907	627.069173965401	1
0	909	629.359004777378	0
0	914	634.18073934303	1
0	918	638.612294328648	2
0	919	639.040162182864	1
0	921	640.401125637657	0
0	926	643.287458485358	1
0	927	648.159499235982	0
0	932	648.953425453872	1
0	933	651.493649099289	0
0	938	663.05198945874	1
0	942	664.861796986388	2
0	943	667.443477805749	1
0	948	669.341790005328	2
0	949	669.796337338576	1
0	951	670.638970351321	0
0	956	673.913846244451	1
0	957	674.565091393302	0
0	962	674.791992395316	1
0	963	675.636668101741	0
0	968	682.141655899508	1
0	969	683.704735420113	0
0	974	685.247447810848	1
0	978	689.648492180202	2
0	979	690.564534942571	1
0	984	694.426422208815	2
0	988	695.954025396508	3
0	989	697.020800750316	2
0	991	697.933303435744	1
0	996	698.686436496898	2
0	997	700.829144686007	1
0	999	701.202961053034	0
0	1004	714.077718470188	1
0	1005	715.39428585672	0
0	1010	718.288914511991	1
0	1014	718.531404612939	2
0	1018	718.5725379802	3
0	1019	719.26654670034	2
0	1021	719.33633767257	1
0	1023	722.027698509759	0
0	1028	722.425328440067	1
0	1032	723.405255865547	2
0	1033	723.682154443586	1
0	1035	724.773829474752	0
0	1040	733.41610188425	1
0	1041	734.961144673399	0
0	1046	737.384449807413	1
0	1047	738.611471054196	0
0	1052	740.241504329306	1
0	1053	741.913785983763	0
0	1058	745.989743962165	1
0	1062	746.54019402091	2
0	1063	746.689645959916	1
0	1068	747.069165304598	2
0	1069	747.541495058687	1
0	1071	751.807661392321	0
0	1076	754.432577061616	1
0	1080	754.908824652681	2
0	1084	756.41252792977	3
0	1085	756.812256101059	2
0	1087	757.571045852519	1
0	1089	759.623909042563	0
0	1094	764.18378947098	1
0	1095	765.662321655632	0
0	1100	767.443640813992	1
0	1101	769.043980867159	0
0	1106	772.838679554246	1
0	1110	773.212604261858	2
0	1111	774.510072667881	1
0	1113	775.698962644531	0
0	1118	776.601241506459	1
0	1122	779.468922371904	2
0	1123	779.659282817941	1
0	1125	779.94734514489	0
0	1130	781.612904436276	1
0	1131	782.298786772535	0
0	1136	787.39990492119	1
0	1137	787.552336935331	0
0	1142	789.223581090167	1
0	1146	789.540364775193	2
0	1147	789.656892607994	1
0	1152	792.77622666607	2
0	1153	794.102775437477	1
0	1155	795.892995963269	0
0	1160	796.211860916824	1
0	1164	796.842346472744	2
0	1165	797.430149088083	1
0	1170	797.967109587647	2
0	1171	798.471517214728	1
0	1176	798.95100565172	2
0	1180	801.923885505129	3
0	1181	803.599422535963	2
0	1186	804.604219010784	3
0	1190	805.855964213707	4
0	1191	805.86670120296	3
0	1193	806.852990538902	2
0	1195	807.042583463207	1
0	1200	810.199433989441	2
0	1201	811.12914310357	1
0	1206	811.617240907513	2
0	1210	813.667138918572	3
0	1211	813.905141444641	2
0	1216	814.01795729464	3
0	1217	815.844073402221	2
0	1219	815.933948710854	1
0	1221	818.592341457553	0
0	1226	829.768045100341	1
0	1227	831.554282897501	0
0	1232	832.617220877319	1
0	1236	832.948052861215	2
0	1237	833.168905982171	1
0	1239	834.370089553215	0
0	1244	834.447809108871	1
0	1248	841.902168231772	2
0	1249	842.778683810418	1
0	1251	844.627212337326	0
0	1256	846.743980461905	1
0	1257	849.202462035578	0
0	1262	851.619703052325	1
0	1266	853.279000541993	2
0	1267	855.549114836039	1
0	1269	859.798047449805	0
0	1274	863.88426860745	1
0	1278	865.696492066719	2
0	1282	868.243124323399	3
0	1283	868.251148990291	2
0	1285	868.448469372724	1
0	1287	868.762444771659	0
0	1292	882.213299355938	1
0	1293	884.310249796715	0
0	1298	888.342563986744	1
0	1299	891.837039633596	0
0	1304	898.046634603466	1
0	1305	898.192522374245	0
0	1310	921.196617697615	1
0	1311	922.233264733942	0
0	1316	924.256641897208	1
0	1320	924.447429564812	2
0	1321	927.720585077548	1
0	1326	927.745551242594	2
0	1327	927.990806441077	1
0	1332	928.098819483093	2
0	1333	929.669001934374	1
0	1335	930.285604879547	0
0	1340	934.953265644243	1
0	1344	941.171539321927	2
0	1345	942.25205720095	1
0	1350	942.286137503622	2
0	1351	942.374532013423	1
0	1353	944.157578025745	0
0	1358	945.919966148978	1
0	1362	946.955861749844	2
0	1363	947.98434293414	1
0	1365	949.692630903059	0
0	1370	961.875565754659	1
0	1374	964.799955121888	2
0	1378	965.365945378246	3
0	1379	965.868279679255	2
0	1381	966.333627730194	1
0	1383	966.491786892153	0
0	1388	975.937032542704	1
0	1389	977.315131847728	0
0	1394	985.986972475578	1
0	1395	986.463150739982	0
0	1400	990.180698271351	1
0	1404	990.446241670164	2
0	1408	992.662230396984	3
0	1409	992.695921576831	2
0	1411	992.810582950861	1
0	1416	994.884322581115	2
0	1417	995.943566604246	1
0	1422	996.889871461191	2
0	1426	998.633403644877	3
1	178	102.213618963802	7
1	180	102.707167548313	6
1	184	104.215953789488	5
1	188	108.246333773336	4
1	192	109.386621370188	5
1	194	110.495810634144	6
1	196	113.255953995582	7
1	198	122.021179930697	6
1	202	123.229232163781	7
1	204	126.525350136837	6
1	208	127.836134795234	7
1	210	129.496562041569	6
1	214	129.679266467006	5
1	218	129.743546461697	6
1	220	132.114480158166	7
1	222	132.27951882556	6
1	226	132.715311073701	5
1	230	132.823345213633	6
1	232	133.245055291154	5
1	236	133.764995705208	6
1	238	138.754230561748	7
1	240	142.534423074762	6
1	244	142.596966524231	5
1	248	143.30686479275	4
1	252	143.847215025201	5
1	254	143.885317920023	6
1	256	147.024646778427	7
1	258	148.599933917558	6
1	262	148.696597907242	7
1	264	148.916020324852	6
1	268	150.765287333245	5
1	272	150.834201910572	6
1	274	151.255029996623	5
1	278	151.877110251455	4
1	282	152.705338457648	5
1	284	154.457836495152	4
1	288	154.710856722084	5
1	290	155.55453833555	6
1	292	155.706298803528	7
1	294	163.548359098022	6
1	298	163.989163162706	7
1	300	169.404903371579	6
1	304	172.121962710834	7
1	306	188.259902408736	6
1	310	188.792151149059	7
1	312	194.505923332692	6
1	316	199.369349988397	7
1	318	203.814584471412	6
1	322	205.894785986142	7
1	324	210.711652039917	6
1	328	210.895664845575	7
1	330	224.548831783885	6
1	334	225.275030032044	5
1	338	225.843332341181	4
1	342	226.040910765052	5
1	344	226.468806014006	6
1	346	228.176010237529	7
1	348	231.376737873786	6
1	352	233.052001854624	7
1	354	235.405677711602	6
1	358	235.685254404209	7
1	360	249.190504286387	6
1	364	250.496464728742	5
1	368	251.995624061947	6
1	370	252.944629617096	5
1	374	253.147874639096	6
1	376	254.210036877856	7
1	378	262.338308038058	6
1	382	263.855248891055	7
1	384	271.961720732949	6
1	388	272.014294787788	7
1	390	274.740109212995	6
1	394	276.635503520118	7
1	396	282.318521603127	6
1	400	287.366318253076	5
1	404	287.894970805521	6
1	406	289.030332989173	7
1	408	299.585819972436	6
1	412	300.969921720583	5
1	416	301.934955217655	6
1	418	303.784171946041	5
1	422	305.168366713287	6
1	424	308.176713037455	7
1	426	311.380479030987	6
1	430	316.556817452044	5
1	434	316.618985654537	4
1	438	316.684634857861	3
1	442	316.767828908691	4
1	444	318.365923087371	5
1	446	322.34319183588	4
1	450	323.503716637247	5
1	452	324.363767419159	4
1	456	325.548578243541	5
1	458	325.819084268847	6
1	460	327.326937450473	7
1	462	330.661029750454	6
1	466	335.451915777114	7
1	468	337.645002582433	6
1	472	339.355288035111	7
1	474	343.857594769852	6
1	478	345.998834825807	7
1	480	360.524352574538	6
1	484	362.529651261981	5
1	488	363.102839144948	6
1	490	364.686916200257	5
1	494	364.847600807429	6
1	496	366.493796241316	7
1	498	368.012698404018	6
1	502	368.824293980733	5
1	506	371.749055754673	4
1	510	372.330913412891	5
1	512	372.759546673814	6
1	514	373.960560454418	5
1	518	374.756204531578	4
1	522	374.866679413431	5
1	524	375.599211639171	6
1	526	376.686020415328	5
1	530	377.273643313559	6
1	532	378.604544732118	5
1	536	381.072334585352	6
1	538	386.977736749843	7
1	540	391.407618197002	6
1	544	392.413416841821	5
1	548	392.813941147177	4
1	552	392.975988628965	5
1	554	393.621132041146	6
1	556	396.6298643016	5
1	560	397.661147298442	4
1	564	399.136029384852	5
1	566	400.839162863611	6
1	568	401.963693070391	5
1	572	402.228323847443	6
1	574	402.71236723338	5
1	578	403.369451393686	4
1	582	404.747121297884	5
1	584	408.426508549286	4
1	588	409.213270573281	5
1	590	409.681379345304	6
1	592	411.448410866024	5
1	596	411.925693200299	6
1	598	413.719945324979	5
1	602	415.196417407798	6
1	604	417.153231597656	7
1	606	421.906703748567	6
1	610	425.200210833486	7
1	612	427.120106245441	6
1	616	428.878696639003	7
1	618	433.7783968147	6
1	622	436.595081082827	7
1	624	440.800029241782	6
1	628	442.342251404436	5
1	632	445.403317244275	6
1	634	450.581719937051	5
1	638	451.269986425445	4
1	642	451.983428878188	5
1	644	452.666060500356	6
1	646	453.60554313517	5
1	650	454.620843400541	6
1	652	458.551327444343	7
1	654	469.891186138493	6
1	658	470.015635239294	5
1	662	470.977466752409	4
1	666	471.909391733204	5
1	668	473.477812975112	6
1	670	474.93733875556	7
1	672	486.417797465331	6
1	676	486.759940618908	5
1	680	487.154343310723	4
1	684	487.28287451781	5
1	686	487.568179913602	6
1	688	490.069645539992	5
1	692	491.060661776877	4
1	696	491.642404170451	3
1	700	492.234017050693	4
1	702	495.864510404595	5
1	704	496.255022138452	6
1	706	496.305441537829	7
1	708	499.740183978078	6
1	712	501.924136705984	7
1	714	504.680265507639	6
1	718	507.093818484831	7
1	720	509.084811731137	6
1	724	511.535053776385	7
1	726	516.155362493072	6
1	730	519.510089894755	5
1	734	520.73630426738	4
1	738	521.95012467517	3
1	742	522.799465265774	2
1	746	522.877464161325	3
1	748	526.177848197315	4
1	750	526.65533677292	3
1	754	530.286920399555	4
1	756	531.074113867341	5
1	758	531.365818712381	6
1	760	532.433352232029	7
1	762	546.803132126842	6
1	766	547.950602515828	5
1	770	548.341085088175	6
1	772	548.501482556458	7
1	774	549.600365851863	6
1	778	552.585448742668	7
1	780	553.778940101971	6
1	784	556.505827992153	5
1	788	556.878616314602	4
1	792	557.273169374409	5
1	794	557.422938432507	6
1	796	557.862281581401	5
1	800	558.153975212481	6
1	802	560.014031207552	5
1	806	560.955682511148	6
1	808	561.710018022046	7
1	810	563.811787512386	6
1	814	564.733500055508	7
1	816	565.395292549351	6
1	820	566.069615272005	7
1	822	574.909389145744	6
1	826	580.764483208912	7
1	828	584.879440764928	6
1	832	587.361515752071	7
1	834	589.400439919662	6
1	838	590.339777224237	7
1	840	592.801172477822	6
1	844	593.076207420618	5
1	848	594.686711290356	4
1	852	594.721492450298	5
1	854	594.749646285556	6
1	856	597.286602388751	5
1	860	597.496261415228	6
1	862	601.092557315224	7
1	864	602.449765721662	6
1	868	602.735992369456	5
1	872	604.202966989985	6
1	874	604.30968099604	7
1	876	608.622545325727	6
1	880	608.78855908676	7
1	882	610.813844412778	6
1	886	610.931065217318	7
1	888	614.074552861487	6
1	892	614.690670699729	7
1	894	621.690624888068	6
1	898	621.780239798024	7
1	900	625.502650599292	6
1	904	626.129581192369	5
1	908	627.069173965401	6
1	910	629.359004777378	7
1	912	634.18073934303	6
1	916	638.612294328648	5
1	920	639.040162182864	6
1	922	640.401125637657	7
1	924	643.287458485358	6
1	928	648.159499235982	7
1	930	648.953425453872	6
1	934	651.493649099289	7
1	936	663.05198945874	6
1	940	664.861796986388	5
1	944	667.443477805749	6
1	946	669.341790005328	5
1	950	669.796337338576	6
1	952	670.638970351321	7
1	954	673.913846244451	6
1	958	674.565091393302	7
1	960	674.791992395316	6
1	964	675.636668101741	7
1	966	682.141655899508	6
1	970	683.704735420113	7
1	972	685.247447810848	6
1	976	689.648492180202	5
1	980	690.564534942571	6
1	982	694.426422208815	5
1	986	695.954025396508	4
1	990	697.020800750316	5
1	992	697.933303435744	6
1	994	698.686436496898	5
1	998	700.829144686007	6
1	1000	701.202961053034	7
1	1002	714.077718470188	6
1	1006	715.39428585672	7
1	1008	718.288914511991	6
1	1012	718.531404612939	5
1	1016	718.5725379802	4
1	1020	719.26654670034	5
1	1022	719.33633767257	6
1	1024	722.027698509759	7
1	1026	722.425328440067	6
1	1030	723.405255865547	5
1	1034	723.682154443586	6
1	1036	724.773829474752	7
1	1038	733.41610188425	6
1	1042	734.961144673399	7
1	1044	737.384449807413	6
1	1048	738.611471054196	7
1	1050	740.241504329306	6
1	1054	741.913785983763	7
1	1056	745.989743962165	6
1	1060	746.54019402091	5
1	1064	746.689645959916	6
1	1066	747.069165304598	5
1	1070	747.541495058687	6
1	1072	751.807661392321	7
1	1074	754.432577061616	6
1	1078	754.908824652681	5
1	1082	756.41252792977	4
1	1086	756.812256101059	5
1	1088	757.571045852519	6
1	1090	759.623909042563	7
1	1092	764.18378947098	6
1	1096	765.662321655632	7
1	1098	767.443640813992	6
1	1102	769.043980867159	7
1	1104	772.838679554246	6
1	1108	773.212604261858	5
1	1112	774.510072667881	6
1	1114	775.698962644531	7
1	1116	776.601241506459	6
1	1120	779.468922371904	5
1	1124	779.659282817941	6
1	1126	779.94734514489	7
1	1128	781.612904436276	6
1	1132	782.298786772535	7
1	1134	787.39990492119	6
1	1138	787.552336935331	7
1	1140	789.223581090167	6
1	1144	789.540364775193	5
1	1148	789.656892607994	6
1	1150	792.77622666607	5
1	1154	794.102775437477	6
1	1156	795.892995963269	7
1	1158	796.211860916824	6
1	1162	796.842346472744	5
1	1166	797.430149088083	6
1	1168	797.967109587647	5
1	1172	798.471517214728	6
1	1174	798.95100565172	5
1	1178	801.923885505129	4
1	1182	803.599422535963	5
1	1184	804.604219010784	4
1	1188	805.855964213707	3
1	1192	805.86670120296	4
1	1194	806.852990538902	5
1	1196	807.042583463207	6
1	1198	810.199433989441	5
1	1202	811.12914310357	6
1	1204	811.617240907513	5
1	1208	813.667138918572	4
1	1212	813.905141444641	5
1	1214	814.01795729464	4
1	1218	815.844073402221	5
1	1220	815.933948710854	6
1	1222	818.592341457553	7
1	1224	829.768045100341	6
1	1228	831.554282897501	7
1	1230	832.617220877319	6
1	1234	832.948052861215	5
1	1238	833.168905982171	6
1	1240	834.370089553215	7
1	1242	834.447809108871	6
1	1246	841.902168231772	5
1	1250	842.778683810418	6
1	1252	844.627212337326	7
1	1254	846.743980461905	6
1	1258	849.202462035578	7
1	1260	851.619703052325	6
1	1264	853.279000541993	5
1	1268	855.549114836039	6
1	1270	859.798047449805	7
1	1272	863.88426860745	6
1	1276	865.696492066719	5
1	1280	868.243124323399	4
1	1284	868.251148990291	5
1	1286	868.448469372724	6
1	1288	868.762444771659	7
1	1290	882.213299355938	6
1	1294	884.310249796715	7
1	1296	888.342563986744	6
1	1300	891.837039633596	7
1	1302	898.046634603466	6
1	1306	898.192522374245	7
1	1308	921.196617697615	6
1	1312	922.233264733942	7
1	1314	924.256641897208	6
1	1318	924.447429564812	5
1	1322	927.720585077548	6
1	1324	927.745551242594	5
1	1328	927.990806441077	6
1	1330	928.098819483093	5
1	1334	929.669001934374	6
1	1336	930.285604879547	7
1	1338	934.953265644243	6
1	1342	941.171539321927	5
1	1346	942.25205720095	6
1	1348	942.286137503622	5
1	1352	942.374532013423	6
1	1354	944.157578025745	7
1	1356	945.919966148978	6
1	1360	946.955861749844	5
1	1364	947.98434293414	6
1	1366	949.692630903059	7
1	1368	961.875565754659	6
1	1372	964.799955121888	5
1	1376	965.365945378246	4
1	1380	965.868279679255	5
1	1382	966.333627730194	6
1	1384	966.491786892153	7
1	1386	975.937032542704	6
1	1390	977.315131847728	7
1	1392	985.986972475578	6
1	1396	986.463150739982	7
1	1398	990.180698271351	6
1	1402	990.446241670164	5
1	1406	992.662230396984	4
1	1410	992.695921576831	5
1	1412	992.810582950861	6
1	1414	994.884322581115	5
1	1418	995.943566604246	6
1	1420	996.889871461191	5
1	1424	998.633403644877	4
2	179	102.707167548313	1
2	181	102.707167548313	2
2	183	104.215953789488	1
2	185	104.215953789488	2
2	187	108.246333773336	1
2	189	108.246333773336	2
2	197	122.021179930697	1
2	199	122.021179930697	2
2	203	126.525350136837	1
2	205	126.525350136837	2
2	209	129.496562041569	1
2	211	129.496562041569	2
2	213	129.679266467006	1
2	215	129.679266467006	2
2	221	132.27951882556	1
2	223	132.27951882556	2
2	225	132.715311073701	1
2	227	132.715311073701	2
2	231	133.245055291154	1
2	233	133.245055291154	2
2	239	142.534423074762	1
2	241	142.534423074762	2
2	243	142.596966524231	1
2	245	142.596966524231	2
2	247	143.30686479275	1
2	249	143.30686479275	2
2	257	148.599933917558	1
2	259	148.599933917558	2
2	263	148.916020324852	1
2	265	148.916020324852	2
2	267	150.765287333245	1
2	269	150.765287333245	2
2	273	151.255029996623	1
2	275	151.255029996623	2
2	277	151.877110251455	1
2	279	151.877110251455	2
2	283	154.457836495152	1
2	285	154.457836495152	2
2	293	163.548359098022	1
2	295	163.548359098022	2
2	299	169.404903371579	1
2	301	169.404903371579	2
2	305	188.259902408736	1
2	307	188.259902408736	2
2	311	194.505923332692	1
2	313	194.505923332692	2
2	317	203.814584471412	1
2	319	203.814584471412	2
2	323	210.711652039917	1
2	325	210.711652039917	2
2	329	224.548831783885	1
2	331	224.548831783885	2
2	333	225.275030032044	1
2	335	225.275030032044	2
2	337	225.843332341181	1
2	339	225.843332341181	2
2	347	231.376737873786	1
2	349	231.376737873786	2
2	353	235.405677711602	1
2	355	235.405677711602	2
2	359	249.190504286387	1
2	361	249.190504286387	2
2	363	250.496464728742	1
2	365	250.496464728742	2
2	369	252.944629617096	1
2	371	252.944629617096	2
2	377	262.338308038058	1
2	379	262.338308038058	2
2	383	271.961720732949	1
2	385	271.961720732949	2
2	389	274.740109212995	1
2	391	274.740109212995	2
2	395	282.318521603127	1
2	397	282.318521603127	2
2	399	287.366318253076	1
2	401	287.366318253076	2
2	407	299.585819972436	1
2	409	299.585819972436	2
2	411	300.969921720583	1
2	413	300.969921720583	2
2	417	303.784171946041	1
2	419	303.784171946041	2
2	425	311.380479030987	1
2	427	311.380479030987	2
2	429	316.556817452044	1
2	431	316.556817452044	2
2	433	316.618985654537	1
2	435	316.618985654537	2
2	437	316.684634857861	1
2	439	316.684634857861	2
2	445	322.34319183588	1
2	447	322.34319183588	2
2	451	324.363767419159	1
2	453	324.363767419159	2
2	461	330.661029750454	1
2	463	330.661029750454	2
2	467	337.645002582433	1
2	469	337.645002582433	2
2	473	343.857594769852	1
2	475	343.857594769852	2
2	479	360.524352574538	1
2	481	360.524352574538	2
2	483	362.529651261981	1
2	485	362.529651261981	2
2	489	364.686916200257	1
2	491	364.686916200257	2
2	497	368.012698404018	1
2	499	368.012698404018	2
2	501	368.824293980733	1
2	503	368.824293980733	2
2	505	371.749055754673	1
2	507	371.749055754673	2
2	513	373.960560454418	1
2	515	373.960560454418	2
2	517	374.756204531578	1
2	519	374.756204531578	2
2	525	376.686020415328	1
2	527	376.686020415328	2
2	531	378.604544732118	1
2	533	378.604544732118	2
2	539	391.407618197002	1
2	541	391.407618197002	2
2	543	392.413416841821	1
2	545	392.413416841821	2
2	547	392.813941147177	1
2	549	392.813941147177	2
2	555	396.6298643016	1
2	557	396.6298643016	2
2	559	397.661147298442	1
2	561	397.661147298442	2
2	567	401.963693070391	1
2	569	401.963693070391	2
2	573	402.71236723338	1
2	575	402.71236723338	2
2	577	403.369451393686	1
2	579	403.369451393686	2
2	583	408.426508549286	1
2	585	408.426508549286	2
2	591	411.448410866024	1
2	593	411.448410866024	2
2	597	413.719945324979	1
2	599	413.719945324979	2
2	605	421.906703748567	1
2	607	421.906703748567	2
2	611	427.120106245441	1
2	613	427.120106245441	2
2	617	433.7783968147	1
2	619	433.7783968147	2
2	623	440.800029241782	1
2	625	440.800029241782	2
2	627	442.342251404436	1
2	629	442.342251404436	2
2	633	450.581719937051	1
2	635	450.581719937051	2
2	637	451.269986425445	1
2	639	451.269986425445	2
2	645	453.60554313517	1
2	647	453.60554313517	2
2	653	469.891186138493	1
2	655	469.891186138493	2
2	657	470.015635239294	1
2	659	470.015635239294	2
2	661	470.977466752409	1
2	663	470.977466752409	2
2	671	486.417797465331	1
2	673	486.417797465331	2
2	675	486.759940618908	1
2	677	486.759940618908	2
2	679	487.154343310723	1
2	681	487.154343310723	2
2	687	490.069645539992	1
2	689	490.069645539992	2
2	691	491.060661776877	1
2	693	491.060661776877	2
2	695	491.642404170451	1
2	697	491.642404170451	2
2	707	499.740183978078	1
2	709	499.740183978078	2
2	713	504.680265507639	1
2	715	504.680265507639	2
2	719	509.084811731137	1
2	721	509.084811731137	2
2	725	516.155362493072	1
2	727	516.155362493072	2
2	729	519.510089894755	1
2	731	519.510089894755	2
2	733	520.73630426738	1
2	735	520.73630426738	2
2	737	521.95012467517	1
2	739	521.95012467517	2
2	741	522.799465265774	1
2	743	522.799465265774	2
2	749	526.65533677292	1
2	751	526.65533677292	2
2	761	546.803132126842	1
2	763	546.803132126842	2
2	765	547.950602515828	1
2	767	547.950602515828	2
2	773	549.600365851863	1
2	775	549.600365851863	2
2	779	553.778940101971	1
2	781	553.778940101971	2
2	783	556.505827992153	1
2	785	556.505827992153	2
2	787	556.878616314602	1
2	789	556.878616314602	2
2	795	557.862281581401	1
2	797	557.862281581401	2
2	801	560.014031207552	1
2	803	560.014031207552	2
2	809	563.811787512386	1
2	811	563.811787512386	2
2	815	565.395292549351	1
2	817	565.395292549351	2
2	821	574.909389145744	1
2	823	574.909389145744	2
2	827	584.879440764928	1
2	829	584.879440764928	2
2	833	589.400439919662	1
2	835	589.400439919662	2
2	839	592.801172477822	1
2	841	592.801172477822	2
2	843	593.076207420618	1
2	845	593.076207420618	2
2	847	594.686711290356	1
2	849	594.686711290356	2
2	855	597.286602388751	1
2	857	597.286602388751	2
2	863	602.449765721662	1
2	865	602.449765721662	2
2	867	602.735992369456	1
2	869	602.735992369456	2
2	875	608.622545325727	1
2	877	608.622545325727	2
2	881	610.813844412778	1
2	883	610.813844412778	2
2	887	614.074552861487	1
2	889	614.074552861487	2
2	893	621.690624888068	1
2	895	621.690624888068	2
2	899	625.502650599292	1
2	901	625.502650599292	2
2	903	626.129581192369	1
2	905	626.129581192369	2
2	911	634.18073934303	1
2	913	634.18073934303	2
2	915	638.612294328648	1
2	917	638.612294328648	2
2	923	643.287458485358	1
2	925	643.287458485358	2
2	929	648.953425453872	1
2	931	648.953425453872	2
2	935	663.05198945874	1
2	937	663.05198945874	2
2	939	664.861796986388	1
2	941	664.861796986388	2
2	945	669.341790005328	1
2	947	669.341790005328	2
2	953	673.913846244451	1
2	955	673.913846244451	2
2	959	674.791992395316	1
2	961	674.791992395316	2
2	965	682.141655899508	1
2	967	682.141655899508	2
2	971	685.247447810848	1
2	973	685.247447810848	2
2	975	689.648492180202	1
2	977	689.648492180202	2
2	981	694.426422208815	1
2	983	694.426422208815	2
2	985	695.954025396508	1
2	987	695.954025396508	2
2	993	698.686436496898	1
2	995	698.686436496898	2
2	1001	714.077718470188	1
2	1003	714.077718470188	2
2	1007	718.288914511991	1
2	1009	718.288914511991	2
2	1011	718.531404612939	1
2	1013	718.531404612939	2
2	1015	718.5725379802	1
2	1017	718.5725379802	2
2	1025	722.425328440067	1
2	1027	722.425328440067	2
2	1029	723.405255865547	1
2	1031	723.405255865547	2
2	1037	733.41610188425	1
2	1039	733.41610188425	2
2	1043	737.384449807413	1
2	1045	737.384449807413	2
2	1049	740.241504329306	1
2	1051	740.241504329306	2
2	1055	745.989743962165	1
2	1057	745.989743962165	2
2	1059	746.54019402091	1
2	1061	746.54019402091	2
2	1065	747.069165304598	1
2	1067	747.069165304598	2
2	1073	754.432577061616	1
2	1075	754.432577061616	2
2	1077	754.908824652681	1
2	1079	754.908824652681	2
2	1081	756.41252792977	1
2	1083	756.41252792977	2
2	1091	764.18378947098	1
2	1093	764.18378947098	2
2	1097	767.443640813992	1
2	1099	767.443640813992	2
2	1103	772.838679554246	1
2	1105	772.838679554246	2
2	1107	773.212604261858	1
2	1109	773.212604261858	2
2	1115	776.601241506459	1
2	1117	776.601241506459	2
2	1119	779.468922371904	1
2	1121	779.468922371904	2
2	1127	781.612904436276	1
2	1129	781.612904436276	2
2	1133	787.39990492119	1
2	1135	787.39990492119	2
2	1139	789.223581090167	1
2	1141	789.223581090167	2
2	1143	789.540364775193	1
2	1145	789.540364775193	2
2	1149	792.77622666607	1
2	1151	792.77622666607	2
2	1157	796.211860916824	1
2	1159	796.211860916824	2
2	1161	796.842346472744	1
2	1163	796.842346472744	2
2	1167	797.967109587647	1
2	1169	797.967109587647	2
2	1173	798.95100565172	1
2	1175	798.95100565172	2
2	1177	801.923885505129	1
2	1179	801.923885505129	2
2	1183	804.604219010784	1
2	1185	804.604219010784	2
2	1187	805.855964213707	1
2	1189	805.855964213707	2
2	1197	810.199433989441	1
2	1199	810.199433989441	2
2	1203	811.617240907513	1
2	1205	811.617240907513	2
2	1207	813.667138918572	1
2	1209	813.667138918572	2
2	1213	814.01795729464	1
2	1215	814.01795729464	2
2	1223	829.768045100341	1
2	1225	829.768045100341	2
2	1229	832.617220877319	1
2	1231	832.617220877319	2
2	1233	832.948052861215	1
2	1235	832.948052861215	2
2	1241	834.447809108871	1
2	1243	834.447809108871	2
2	1245	841.902168231772	1
2	1247	841.902168231772	2
2	1253	846.743980461905	1
2	1255	846.743980461905	2
2	1259	851.619703052325	1
2	1261	851.619703052325	2
2	1263	853.279000541993	1
2	1265	853.279000541993	2
2	1271	863.88426860745	1
2	1273	863.88426860745	2
2	1275	865.696492066719	1
2	1277	865.696492066719	2
2	1279	868.243124323399	1
2	1281	868.243124323399	2
2	1289	882.213299355938	1
2	1291	882.213299355938	2
2	1295	888.342563986744	1
2	1297	888.342563986744	2
2	1301	898.046634603466	1
2	1303	898.046634603466	2
2	1307	921.196617697615	1
2	1309	921.196617697615	2
2	1313	924.256641897208	1
2	1315	924.256641897208	2
2	1317	924.447429564812	1
2	1319	924.447429564812	2
2	1323	927.745551242594	1
2	1325	927.745551242594	2
2	1329	928.098819483093	1
2	1331	928.098819483093	2
2	1337	934.953265644243	1
2	1339	934.953265644243	2
2	1341	941.171539321927	1
2	1343	941.171539321927	2
2	1347	942.286137503622	1
2	1349	942.286137503622	2
2	1355	945.919966148978	1
2	1357	945.919966148978	2
2	1359	946.955861749844	1
2	1361	946.955861749844	2
2	1367	961.875565754659	1
2	1369	961.875565754659	2
2	1371	964.799955121888	1
2	1373	964.799955121888	2
2	1375	965.365945378246	1
2	1377	965.365945378246	2
2	1385	975.937032542704	1
2	1387	975.937032542704	2
2	1391	985.986972475578	1
2	1393	985.986972475578	2
2	1397	990.180698271351	1
2	1399	990.180698271351	2
2	1401	990.446241670164	1
2	1403	990.446241670164	2
2	1405	992.662230396984	1
2	1407	992.662230396984	2
2	1413	994.884322581115	1
2	1415	994.884322581115	2
2	1419	996.889871461191	1
2	1421	996.889871461191	2
2	1423	998.633403644877	1
2	1425	998.633403644877	2
3	179	102.707167548313	14.159461404394
3	183	104.215953789488	5.853522501689
3	187	108.246333773336	5.539166225023
3	197	122.021179930697	17.805226141209
3	203	126.525350136837	18.279016363501
3	209	129.496562041569	7.475382110872
3	213	129.679266467006	3.153916330169
3	221	132.27951882556	2.782956783991
3	225	132.715311073701	3.036044606695
3	231	133.245055291154	0.965536465594
3	239	142.534423074762	9.819112001061
3	243	142.596966524231	9.351911233077
3	247	143.30686479275	0.772441717988
3	257	148.599933917558	6.002967393327
3	263	148.916020324852	5.609155532102
3	267	150.765287333245	2.165353415687
3	273	151.255029996623	2.339009671771
3	277	151.877110251455	1.11182291821
3	283	154.457836495152	3.202806498529
3	293	163.548359098022	11.671248846567
3	299	169.404903371579	14.947066876427
3	305	188.259902408736	24.711543310714
3	311	194.505923332692	25.101019961113
3	317	203.814584471412	15.554682062676
3	323	210.711652039917	16.205728707225
3	329	224.548831783885	20.734247312473
3	333	225.275030032044	14.563377992127
3	337	225.843332341181	1.294500557296
3	347	231.376737873786	6.101707841742
3	353	235.405677711602	9.562345370421
3	359	249.190504286387	17.813766412601
3	363	250.496464728742	15.09078701714
3	369	252.944629617096	3.754125330709
3	377	262.338308038058	11.841843309316
3	383	271.961720732949	19.017091115853
3	389	274.740109212995	12.401801174937
3	395	282.318521603127	10.356800870178
3	399	287.366318253076	12.626209040081
3	407	299.585819972436	17.267298369309
3	411	300.969921720583	13.603603467507
3	417	303.784171946041	4.198351973605
3	425	311.380479030987	10.410557310404
3	429	316.556817452044	12.772645506003
3	433	316.618985654537	5.23850662355
3	437	316.684634857861	0.127817405817
3	445	322.34319183588	5.724206181343
3	451	324.363767419159	7.679132561298
3	461	330.661029750454	8.317837914574
3	467	337.645002582433	13.281235163274
3	473	343.857594769852	13.196565019398
3	479	360.524352574538	22.879349992105
3	483	362.529651261981	18.672056492129
3	489	364.686916200257	4.162563625719
3	497	368.012698404018	5.483047142037
3	501	368.824293980733	4.137377780476
3	505	371.749055754673	3.736357350655
3	513	373.960560454418	5.136266473685
3	517	374.756204531578	3.007148776905
3	525	376.686020415328	2.72545996091
3	531	378.604544732118	3.84834020054
3	539	391.407618197002	14.721597781674
3	543	392.413416841821	13.808872109703
3	547	392.813941147177	1.406322950175
3	555	396.6298643016	4.216447459779
3	559	397.661147298442	4.847206151265
3	567	401.963693070391	5.333828768791
3	573	402.71236723338	5.051219934938
3	577	403.369451393686	1.405758323295
3	583	408.426508549286	5.714141315906
3	591	411.448410866024	8.078959472338
3	597	413.719945324979	5.293436775693
3	605	421.906703748567	10.458292882543
3	611	427.120106245441	13.400160920462
3	617	433.7783968147	11.871693066133
3	623	440.800029241782	13.679922996341
3	627	442.342251404436	8.563854589736
3	633	450.581719937051	9.781690695269
3	637	451.269986425445	8.927735021009
3	645	453.60554313517	3.023823198119
3	653	469.891186138493	18.621199713048
3	657	470.015635239294	16.410092104124
3	661	470.977466752409	1.086280613916
3	671	486.417797465331	16.402162226037
3	675	486.759940618908	15.782473866499
3	679	487.154343310723	0.736545845392
3	687	490.069645539992	3.309704921084
3	691	491.060661776877	3.906318466154
3	695	491.642404170451	1.572758630459
3	707	499.740183978078	8.679522201201
3	713	504.680265507639	13.037861337188
3	719	509.084811731137	9.344627753059
3	725	516.155362493072	11.475096985433
3	729	519.510089894755	10.425278163618
3	733	520.73630426738	4.580941774308
3	737	521.95012467517	2.440034780415
3	741	522.799465265774	2.063160998394
3	749	526.65533677292	4.70521209775
3	761	546.803132126842	24.003666861068
3	765	547.950602515828	21.295265742908
3	773	549.600365851863	2.797233725021
3	779	553.778940101971	5.828337586143
3	783	556.505827992153	6.90546214029
3	787	556.878616314602	3.099676212631
3	795	557.862281581401	1.356453589248
3	801	560.014031207552	3.13541489295
3	809	563.811787512386	5.949505930985
3	815	565.395292549351	5.381261341799
3	821	574.909389145744	11.097601633358
3	827	584.879440764928	19.484148215577
3	833	589.400439919662	14.491050773918
3	839	592.801172477822	7.921731712894
3	843	593.076207420618	3.675767500956
3	847	594.686711290356	1.885538812534
3	855	597.286602388751	4.210394968133
3	863	602.449765721662	7.763054431306
3	867	602.735992369456	5.449389980705
3	875	608.622545325727	6.172779604065
3	881	610.813844412778	8.077852043322
3	887	614.074552861487	5.45200753576
3	893	621.690624888068	10.87678047529
3	899	625.502650599292	11.428097737805
3	903	626.129581192369	4.438956304301
3	911	634.18073934303	8.678088743738
3	915	638.612294328648	12.482713136279
3	923	643.287458485358	9.106719142328
3	929	648.953425453872	10.341131125224
3	935	663.05198945874	19.764530973382
3	939	664.861796986388	15.908371532516
3	945	669.341790005328	6.289800546588
3	953	673.913846244451	9.052049258063
3	959	674.791992395316	5.450202389988
3	965	682.141655899508	8.227809655057
3	971	685.247447810848	10.455455415532
3	975	689.648492180202	7.506836280694
3	981	694.426422208815	9.178974397967
3	985	695.954025396508	6.305533216306
3	993	698.686436496898	4.260014288083
3	1001	714.077718470188	18.12369307368
3	1007	718.288914511991	19.602478015093
3	1011	718.531404612939	4.453686142751
3	1015	718.5725379802	0.283623468209
3	1025	722.425328440067	3.893923827128
3	1029	723.405255865547	4.832717885347
3	1037	733.41610188425	10.990773444183
3	1043	737.384449807413	13.979193941866
3	1049	740.241504329306	6.825402445056
3	1055	745.989743962165	8.605294154752
3	1059	746.54019402091	6.298689691604
3	1065	747.069165304598	1.079421342433
3	1073	754.432577061616	7.892383040706
3	1077	754.908824652681	7.839659348083
3	1081	756.41252792977	1.979950868154
3	1091	764.18378947098	9.274964818299
3	1097	767.443640813992	11.031112884222
3	1103	772.838679554246	8.654890083266
3	1107	773.212604261858	5.768963447866
3	1115	776.601241506459	3.762561952213
3	1119	779.468922371904	6.256318110046
3	1127	781.612904436276	5.011662929817
3	1133	787.39990492119	7.930982549286
3	1139	789.223581090167	7.610676653891
3	1143	789.540364775193	2.140459854003
3	1149	792.77622666607	3.552645575903
3	1157	796.211860916824	6.671496141631
3	1161	796.842346472744	4.066119806674
3	1167	797.967109587647	1.755248670823
3	1173	798.95100565172	2.108659178976
3	1177	801.923885505129	3.956775917482
3	1183	804.604219010784	5.653213359064
3	1187	805.855964213707	3.932078708578
3	1197	810.199433989441	5.595214978657
3	1203	811.617240907513	5.761276693806
3	1207	813.667138918572	3.467704929131
3	1213	814.01795729464	2.400716387127
3	1223	829.768045100341	16.100906181769
3	1229	832.617220877319	18.599263582679
3	1233	832.948052861215	3.180007760874
3	1241	834.447809108871	1.830588231552
3	1245	841.902168231772	8.954115370557
3	1253	846.743980461905	12.296171353034
3	1259	851.619703052325	9.717534820553
3	1263	853.279000541993	6.535020080088
3	1271	863.88426860745	12.264565555125
3	1275	865.696492066719	12.417491524726
3	1279	868.243124323399	4.358855715949
3	1289	882.213299355938	16.516807289219
3	1295	888.342563986744	20.099439663345
3	1301	898.046634603466	15.833335247528
3	1307	921.196617697615	32.854053710871
3	1313	924.256641897208	26.210007293742
3	1317	924.447429564812	3.250811867197
3	1323	927.745551242594	3.488909345386
3	1329	928.098819483093	3.651389918281
3	1337	934.953265644243	7.207714401649
3	1341	941.171539321927	13.072719838834
3	1347	942.286137503622	7.332871859379
3	1355	945.919966148978	4.748426827051
3	1359	946.955861749844	4.669724246222
3	1367	961.875565754659	15.955599605681
3	1371	964.799955121888	17.844093372044
3	1375	965.365945378246	3.490379623587
3	1385	975.937032542704	11.137077420816
3	1391	985.986972475578	20.621027097332
3	1397	990.180698271351	14.243665728647
3	1401	990.446241670164	4.459269194586
3	1405	992.662230396984	2.481532125633
3	1413	994.884322581115	4.438080910951
3	1419	996.889871461191	4.227641064207
3	1423	998.633403644877	3.749081063762
4	180	102.707167548313	19.991753421592
4	184	104.215953789488	21.361006773515
4	188	108.246333773336	23.759662698732
4	198	122.021179930697	33.813783916268
4	204	126.525350136837	35.23224615211
4	210	129.496562041569	32.769078930174
4	214	129.679266467006	27.465647503204
4	222	132.27951882556	22.892897455372
4	226	132.715311073701	22.219500439557
4	232	133.245055291154	19.989101295572
4	240	142.534423074762	19.305190910981
4	244	142.596966524231	14.760831728997
4	248	143.30686479275	13.563318331053
4	258	148.599933917558	16.485453759392
4	264	148.916020324852	16.092675111219
4	268	150.765287333245	17.000291628037
4	274	151.255029996623	12.500799434875
4	278	151.877110251455	8.029895226254
4	284	154.457836495152	10.572518575129
4	294	163.548359098022	16.523712319595
4	300	169.404903371579	20.708305464337
4	306	188.259902408736	37.425700498164
4	312	194.505923332692	41.800584875044
4	318	203.814584471412	49.103727749328
4	324	210.711652039917	55.157113704367
4	330	224.548831783885	68.842532980357
4	334	225.275030032044	61.285866869338
4	338	225.843332341181	53.721369630347
4	348	231.376737873786	42.584586724727
4	354	235.405677711602	36.036327723205
4	360	249.190504286387	43.295718300245
4	364	250.496464728742	39.600799883167
4	370	252.944629617096	26.903718852044
4	378	262.338308038058	35.869502024052
4	384	271.961720732949	43.78571049542
4	390	274.740109212995	41.688107358371
4	396	282.318521603127	46.633267198918
4	400	287.366318253076	35.370694191129
4	408	299.585819972436	46.43794533334
4	412	300.969921720583	46.759884842727
4	418	303.784171946041	39.928923054986
4	426	311.380479030987	39.366184243199
4	430	316.556817452044	39.921313931926
4	434	316.618985654537	28.724014849016
4	438	316.684634857861	27.654301868688
4	446	322.34319183588	20.408236618225
4	452	324.363767419159	19.195400705872
4	462	330.661029750454	22.484316712999
4	468	337.645002582433	20.877173673742
4	474	343.857594769852	25.491671682481
4	480	360.524352574538	37.020635937291
4	484	362.529651261981	36.98107301844
4	490	364.686916200257	38.86783193141
4	498	368.012698404018	40.685760953545
4	502	368.824293980733	33.372378203619
4	506	371.749055754673	32.393767719562
4	514	373.960560454418	27.961725628611
4	518	374.756204531578	11.65336538663
4	526	376.686020415328	11.838419607899
4	532	378.604544732118	12.110748490802
4	540	391.407618197002	19.076704784111
4	544	392.413416841821	19.653870168007
4	548	392.813941147177	17.947261733746
4	556	396.6298643016	21.030652662429
4	560	397.661147298442	20.387503984883
4	568	401.963693070391	20.891358485039
4	574	402.71236723338	15.734630483537
4	578	403.369451393686	10.393462764721
4	584	408.426508549286	14.80537650814
4	592	411.448410866024	12.312381481172
4	598	413.719945324979	12.880782461368
4	606	421.906703748567	19.678379901124
4	612	427.120106245441	22.372984947557
4	618	433.7783968147	24.565126241419
4	624	440.800029241782	31.118649896478
4	628	442.342251404436	30.416558204137
4	634	450.581719937051	35.385302529253
4	638	451.269986425445	34.116754827789
4	646	453.60554313517	28.405332301684
4	654	469.891186138493	41.01248949949
4	658	470.015635239294	33.420554156467
4	662	470.977466752409	25.574149508134
4	672	486.417797465331	34.434368587143
4	676	486.759940618908	34.093880118552
4	680	487.154343310723	32.533499910182
4	688	490.069645539992	31.518318095649
4	692	491.060661776877	19.151270043673
4	696	491.642404170451	18.164591195339
4	708	499.740183978078	24.802845222518
4	714	504.680265507639	17.397390989829
4	720	509.084811731137	21.516631817535
4	726	516.155362493072	23.921345442379
4	730	519.510089894755	23.64557949016
4	734	520.73630426738	24.481282128928
4	738	521.95012467517	25.644683137341
4	742	522.799465265774	20.87532855979
4	750	526.65533677292	19.561518288089
4	762	546.803132126842	35.268078350457
4	766	547.950602515828	25.073138354503
4	774	549.600365851863	23.422517654548
4	780	553.778940101971	23.492019702416
4	784	556.505827992153	25.431714124812
4	788	556.878616314602	25.512797602221
4	796	557.862281581401	25.428929349372
4	802	560.014031207552	11.672946119377
4	810	563.811787512386	15.310304955928
4	816	565.395292549351	12.809843806683
4	822	574.909389145744	17.636219771335
4	828	584.879440764928	27.456502332421
4	834	589.400439919662	31.246464707181
4	840	592.801172477822	31.845489966674
4	844	593.076207420618	31.366189398572
4	848	594.686711290356	29.953211234848
4	856	597.286602388751	31.216987116746
4	864	602.449765721662	21.68528251275
4	868	602.735992369456	15.374476617385
4	876	608.622545325727	18.28276810149
4	882	610.813844412778	16.09235196248
4	888	614.074552861487	19.324906575931
4	894	621.690624888068	24.19436347284
4	900	625.502650599292	24.410093284068
4	904	626.129581192369	21.926614202384
4	912	634.18073934303	29.87105834699
4	916	638.612294328648	29.823735241888
4	924	643.287458485358	32.35639326804
4	930	648.953425453872	34.262754754143
4	936	663.05198945874	41.271749660716
4	940	664.861796986388	37.792623020987
4	946	669.341790005328	39.98278522795
4	954	673.913846244451	34.873684061587
4	960	674.791992395316	34.390866757659
4	966	682.141655899508	33.982156663526
4	972	685.247447810848	33.753798711559
4	976	689.648492180202	22.205014374453
4	982	694.426422208815	24.630084870239
4	986	695.954025396508	25.315055045187
4	994	698.686436496898	24.121345103596
4	1002	714.077718470188	38.441050368447
4	1008	718.288914511991	34.584179091878
4	1012	718.531404612939	27.966869670368
4	1016	718.5725379802	21.551737229884
4	1026	722.425328440067	24.492025004323
4	1030	723.405255865547	22.57611117954
4	1038	733.41610188425	32.213140831216
4	1044	737.384449807413	21.990163950693
4	1050	740.241504329306	20.974957628966
4	1056	745.989743962165	26.653406289595
4	1060	746.54019402091	24.512495511151
4	1066	747.069165304598	23.387010861012
4	1074	754.432577061616	29.658747586864
4	1078	754.908824652681	19.947679979282
4	1082	756.41252792977	17.801056875574
4	1092	764.18378947098	22.270003487217
4	1098	767.443640813992	20.753994854076
4	1104	772.838679554246	25.297184495559
4	1108	773.212604261858	21.404942869537
4	1116	776.601241506459	19.7889854054
4	1120	779.468922371904	21.897876519385
4	1128	781.612904436276	21.988995393713
4	1134	787.39990492119	21.737583265558
4	1140	789.223581090167	20.179600223008
4	1144	789.540364775193	15.030292107312
4	1150	792.77622666607	17.077264021539
4	1158	796.211860916824	16.552578098883
4	1162	796.842346472744	16.895001327854
4	1168	797.967109587647	15.668322815112
4	1174	798.95100565172	11.398668716389
4	1178	801.923885505129	12.266992897135
4	1184	804.604219010784	10.501443573307
4	1188	805.855964213707	9.962968250438
4	1198	810.199433989441	12.769284901358
4	1204	811.617240907513	13.145723692785
4	1208	813.667138918572	10.067716382609
4	1214	814.01795729464	8.15125609168
4	1224	829.768045100341	22.915054561439
4	1230	832.617220877319	25.574637414112
4	1234	832.948052861215	21.818909757645
4	1242	834.447809108871	20.54266766423
4	1246	841.902168231772	26.058094829551
4	1254	846.743980461905	30.810031751051
4	1260	851.619703052325	33.027361594772
4	1264	853.279000541993	21.724717644492
4	1272	863.88426860745	30.715362625279
4	1276	865.696492066719	31.326402513504
4	1280	868.243124323399	25.464440512981
4	1290	882.213299355938	37.586087018612
4	1296	888.342563986744	39.140101951166
4	1302	898.046634603466	42.497519767427
4	1308	921.196617697615	61.39857024781
4	1314	924.256641897208	56.005492906917
4	1318	924.447429564812	55.998960192088
4	1324	927.745551242594	58.983106470935
4	1330	928.098819483093	43.788569686378
4	1338	934.953265644243	43.116226010647
4	1342	941.171539321927	42.979016947682
4	1348	942.286137503622	20.05287276968
4	1356	945.919966148978	18.19938107143
4	1360	946.955861749844	18.965055308767
4	1368	961.875565754659	32.206563820285
4	1372	964.799955121888	34.514350242341
4	1376	965.365945378246	23.113888177296
4	1386	975.937032542704	33.562500529281
4	1392	985.986972475578	41.829394449833
4	1398	990.180698271351	42.196355337211
4	1402	990.446241670164	40.753610767105
4	1406	992.662230396984	26.793950717729
4	1414	994.884322581115	28.550694850921
4	1420	996.889871461191	30.398084569038
4	1424	998.633403644877	21.318271797149
5	180	102.707167548313	0
5	184	104.215953789488	0
5	188	108.246333773336	0
5	198	122.021179930697	0
5	204	126.525350136837	0
5	210	129.496562041569	0
5	214	129.679266467006	0
5	222	132.27951882556	0
5	226	132.715311073701	0
5	232	133.245055291154	0
5	240	142.534423074762	0
5	244	142.596966524231	0
5	248	143.30686479275	0
5	258	148.599933917558	0
5	264	148.916020324852	0
5	268	150.765287333245	0
5	274	151.255029996623	0
5	278	151.877110251455	0
5	284	154.457836495152	0
5	294	163.548359098022	0
5	300	169.404903371579	0
5	306	188.259902408736	0
5	312	194.505923332692	0
5	318	203.814584471412	0
5	324	210.711652039917	0
5	330	224.548831783885	0
5	334	225.275030032044	0
5	338	225.843332341181	0
5	348	231.376737873786	0
5	354	235.405677711602	0
5	360	249.190504286387	0
5	364	250.496464728742	0
5	370	252.944629617096	0
5	378	262.338308038058	0
5	384	271.961720732949	0
5	390	274.740109212995	0
5	396	282.318521603127	0
5	400	287.366318253076	0
5	408	299.585819972436	0
5	412	300.969921720583	0
5	418	303.784171946041	0
5	426	311.380479030987	0
5	430	316.556817452044	0
5	434	316.618985654537	0
5	438	316.684634857861	0
5	446	322.34319183588	0
5	452	324.363767419159	0
5	462	330.661029750454	0
5	468	337.645002582433	0
5	474	343.857594769852	0
5	480	360.524352574538	0
5	484	362.529651261981	0
5	490	364.686916200257	0
5	498	368.012698404018	0
5	502	368.824293980733	0
5	506	371.749055754673	0
5	514	373.960560454418	0
5	518	374.756204531578	0
5	526	376.686020415328	0
5	532	378.604544732118	0
5	540	391.407618197002	0
5	544	392.413416841821	0
5	548	392.813941147177	0
5	556	396.6298643016	0
5	560	397.661147298442	0
5	568	401.963693070391	0
5	574	402.71236723338	0
5	578	403.369451393686	0
5	584	408.426508549286	0
5	592	411.448410866024	0
5	598	413.719945324979	0
5	606	421.906703748567	0
5	612	427.120106245441	0
5	618	433.7783968147	0
5	624	440.800029241782	0
5	628	442.342251404436	0
5	634	450.581719937051	0
5	638	451.269986425445	0
5	646	453.60554313517	0
5	654	469.891186138493	0
5	658	470.015635239294	0
5	662	470.977466752409	0
5	672	486.417797465331	0
5	676	486.759940618908	0
5	680	487.154343310723	0
5	688	490.069645539992	0
5	692	491.060661776877	0
5	696	491.642404170451	0
5	708	499.740183978078	0
5	714	504.680265507639	0
5	720	509.084811731137	0
5	726	516.155362493072	0
5	730	519.510089894755	0
5	734	520.73630426738	0
5	738	521.95012467517	0
5	742	522.799465265774	0
5	750	526.65533677292	0
5	762	546.803132126842	0
5	766	547.950602515828	0
5	774	549.600365851863	0
5	780	553.778940101971	0
5	784	556.505827992153	0
5	788	556.878616314602	0
5	796	557.862281581401	0
5	802	560.014031207552	0
5	810	563.811787512386	0
5	816	565.395292549351	0
5	822	574.909389145744	0
5	828	584.879440764928	0
5	834	589.400439919662	0
5	840	592.801172477822	0
5	844	593.076207420618	0
5	848	594.686711290356	0
5	856	597.286602388751	0
5	864	602.449765721662	0
5	868	602.735992369456	0
5	876	608.622545325727	0
5	882	610.813844412778	0
5	888	614.074552861487	0
5	894	621.690624888068	0
5	900	625.502650599292	0
5	904	626.129581192369	0
5	912	634.18073934303	0
5	916	638.612294328648	0
5	924	643.287458485358	0
5	930	648.953425453872	0
5	936	663.05198945874	0
5	940	664.861796986388	0
5	946	669.341790005328	0
5	954	673.913846244451	0
5	960	674.791992395316	0
5	966	682.141655899508	0
5	972	685.247447810848	0
5	976	689.648492180202	0
5	982	694.426422208815	0
5	986	695.954025396508	0
5	994	698.686436496898	0
5	1002	714.077718470188	0
5	1008	718.288914511991	0
5	1012	718.531404612939	0
5	1016	718.5725379802	0
5	1026	722.425328440067	0
5	1030	723.405255865547	0
5	1038	733.41610188425	0
5	1044	737.384449807413	0
5	1050	740.241504329306	0
5	1056	745.989743962165	0
5	1060	746.54019402091	0
5	1066	747.069165304598	0
5	1074	754.432577061616	0
5	1078	754.908824652681	0
5	1082	756.41252792977	0
5	1092	764.18378947098	0
5	1098	767.443640813992	0
5	1104	772.838679554246	0
5	1108	773.212604261858	0
5	1116	776.601241506459	0
5	1120	779.468922371904	0
5	1128	781.612904436276	0
5	1134	787.39990492119	0
5	1140	789.223581090167	0
5	1144	789.540364775193	0
5	1150	792.77622666607	0
5	1158	796.211860916824	0
5	1162	796.842346472744	0
5	1168	797.967109587647	0
5	1174	798.95100565172	0
5	1178	801.923885505129	0
5	1184	804.604219010784	0
5	1188	805.855964213707	0
5	1198	810.199433989441	0
5	1204	811.617240907513	0
5	1208	813.667138918572	0
5	1214	814.01795729464	0
5	1224	829.768045100341	0
5	1230	832.617220877319	0
5	1234	832.948052861215	0
5	1242	834.447809108871	0
5	1246	841.902168231772	0
5	1254	846.743980461905	0
5	1260	851.619703052325	0
5	1264	853.279000541993	0
5	1272	863.88426860745	0
5	1276	865.696492066719	0
5	1280	868.243124323399	0
5	1290	882.213299355938	0
5	1296	888.342563986744	0
5	1302	898.046634603466	0
5	1308	921.196617697615	0
5	1314	924.256641897208	0
5	1318	924.447429564812	0
5	1324	927.745551242594	0
5	1330	928.098819483093	0
5	1338	934.953265644243	0
5	1342	941.171539321927	0
5	1348	942.286137503622	0
5	1356	945.919966148978	0
5	1360	946.955861749844	0
5	1368	961.875565754659	0
5	1372	964.799955121888	0
5	1376	965.365945378246	0
5	1386	975.937032542704	0
5	1392	985.986972475578	0
5	1398	990.180698271351	0
5	1402	990.446241670164	0
5	1406	992.662230396984	0
5	1414	994.884322581115	0
5	1420	996.889871461191	0
5	1424	998.633403644877	0

