version 3
run General-31-20221103-10:28:22-6760
attr configname General
attr datetime 20221103-10:28:22
attr datetimef 20221103-102822
attr experiment General
attr inifile block.ini
attr iterationvars "$0=4, $1=10"
attr iterationvarsd 4/10
attr iterationvarsf 4,10-
attr measurement "$0=4, $1=10"
attr network Block
attr processid 6760
attr repetition 1
attr replication #1
attr resultdir results
attr runnumber 31
attr seedset 31
config network Block
config repeat 5
config sim-time-limit 1000s
config warmup-period 100s
config **.alloca.resourceModuleName "\"risorse\""
config **.dealloca.resourceModuleName "\"risorse\""
config **.is.delay exponential(3s)
config **.servente.serviceTime exponential(4s)
config **.dealloca.resourceAmount 2
config **.alloca.resourceAmount 2
config **.risorse.amount 6
config **.sorgente.numJobs (10)
config **.result-recording-modes all

vector 0 Block.servente queueLength:vector ETV
attr interpolationmode sample-hold
attr recordingmode vector
attr title "queue length"
vector 1 Block.servente queueingTime:vector ETV
attr interpolationmode none
attr recordingmode vector
attr title "queueing time at dequeue"
attr unit s
vector 2 Block.alloca queueLength:vector ETV
attr interpolationmode sample-hold
attr recordingmode vector
attr title "queue length"
vector 3 Block.alloca queueingTime:vector ETV
attr interpolationmode none
attr recordingmode vector
attr title "queueing time at dequeue"
attr unit s
vector 4 Block.risorse amount:vector ETV
attr interpolationmode sample-hold
attr recordingmode vector
attr title "available resource"
vector 5 Block.is delayedJobs:vector ETV
attr interpolationmode sample-hold
attr recordingmode vector
attr title "number of delayed jobs"
0	171	108.717276995597	1
0	173	108.717276995597	2
0	179	116.863760792255	1
0	181	116.863760792255	2
0	183	120.215721533956	1
0	185	120.215721533956	2
0	191	122.008733824238	1
0	193	122.008733824238	2
0	197	124.776245474198	1
0	199	124.776245474198	2
0	203	128.758179825981	1
0	205	128.758179825981	2
0	209	132.956890330004	1
0	211	132.956890330004	2
0	215	141.091832033782	1
0	217	141.091832033782	2
0	221	146.083254887126	1
0	223	146.083254887126	2
0	227	149.835557287689	1
0	229	149.835557287689	2
0	233	150.519439108447	1
0	235	150.519439108447	2
0	239	154.458665510408	1
0	241	154.458665510408	2
0	243	154.986167741252	1
0	245	154.986167741252	2
0	249	161.051985029007	1
0	251	161.051985029007	2
0	257	166.70803171072	1
0	259	166.70803171072	2
0	261	167.925427946285	1
0	263	167.925427946285	2
0	269	171.74851868331	1
0	271	171.74851868331	2
0	275	179.930699587957	1
0	277	179.930699587957	2
0	281	182.231555200873	1
0	283	182.231555200873	2
0	285	182.332141892497	1
0	287	182.332141892497	2
0	293	185.11189970319	1
0	295	185.11189970319	2
0	299	187.326164940932	1
0	301	187.326164940932	2
0	305	192.802107207817	1
0	307	192.802107207817	2
0	311	194.527121034143	1
0	313	194.527121034143	2
0	317	194.909841673474	1
0	319	194.909841673474	2
0	323	206.716634339332	1
0	325	206.716634339332	2
0	327	209.893578399137	1
0	329	209.893578399137	2
0	335	212.907542189409	1
0	337	212.907542189409	2
0	341	214.023587187992	1
0	343	214.023587187992	2
0	347	218.948826143652	1
0	349	218.948826143652	2
0	351	222.522620849203	1
0	353	222.522620849203	2
0	359	225.813663816329	1
0	361	225.813663816329	2
0	365	228.646551996462	1
0	367	228.646551996462	2
0	369	229.313843354109	1
0	371	229.313843354109	2
0	373	229.602011351869	1
0	375	229.602011351869	2
0	377	232.085165599275	1
0	379	232.085165599275	2
0	383	233.442709809114	1
0	385	233.442709809114	2
0	391	234.030219488247	1
0	393	234.030219488247	2
0	401	238.350093553006	1
0	403	238.350093553006	2
0	407	240.73375846848	1
0	409	240.73375846848	2
0	411	244.798286915021	1
0	413	244.798286915021	2
0	415	244.909997882944	1
0	417	244.909997882944	2
0	423	246.889688879082	1
0	425	246.889688879082	2
0	427	246.97089255768	1
0	429	246.97089255768	2
0	433	248.098505699547	1
0	435	248.098505699547	2
0	437	248.418951375303	1
0	439	248.418951375303	2
0	449	251.586221900531	1
0	451	251.586221900531	2
0	453	252.280906048344	1
0	455	252.280906048344	2
0	461	261.330750028114	1
0	463	261.330750028114	2
0	467	273.195514617539	1
0	469	273.195514617539	2
0	473	274.153952016651	1
0	475	274.153952016651	2
0	477	275.227442383407	1
0	479	275.227442383407	2
0	485	286.520835278804	1
0	487	286.520835278804	2
0	489	287.128858498752	1
0	491	287.128858498752	2
0	495	291.386772816929	1
0	497	291.386772816929	2
0	503	298.446283323253	1
0	505	298.446283323253	2
0	509	302.644758842233	1
0	511	302.644758842233	2
0	515	306.089427845304	1
0	517	306.089427845304	2
0	521	308.402244168299	1
0	523	308.402244168299	2
0	527	319.356373593816	1
0	529	319.356373593816	2
0	533	320.598718091249	1
0	535	320.598718091249	2
0	539	326.687828504286	1
0	541	326.687828504286	2
0	545	329.018676996258	1
0	547	329.018676996258	2
0	551	338.058614337759	1
0	553	338.058614337759	2
0	557	341.43475515144	1
0	559	341.43475515144	2
0	561	343.81599111722	1
0	563	343.81599111722	2
0	569	350.418301236007	1
0	571	350.418301236007	2
0	573	352.720557324603	1
0	575	352.720557324603	2
0	579	353.063673485502	1
0	581	353.063673485502	2
0	583	353.547874875154	1
0	585	353.547874875154	2
0	589	356.629284337694	1
0	591	356.629284337694	2
0	599	361.387311369486	1
0	601	361.387311369486	2
0	605	369.440909929335	1
0	607	369.440909929335	2
0	609	371.224101217141	1
0	611	371.224101217141	2
0	613	373.359563880595	1
0	615	373.359563880595	2
0	617	374.508606638004	1
0	619	374.508606638004	2
0	627	381.028899113969	1
0	629	381.028899113969	2
0	631	381.347321157687	1
0	633	381.347321157687	2
0	635	381.759503650546	1
0	637	381.759503650546	2
0	645	382.892112619711	1
0	647	382.892112619711	2
0	653	384.12362479839	1
0	655	384.12362479839	2
0	659	385.029972540924	1
0	661	385.029972540924	2
0	665	392.74483235616	1
0	667	392.74483235616	2
0	671	394.362981972231	1
0	673	394.362981972231	2
0	675	398.061775896288	1
0	677	398.061775896288	2
0	679	398.345342179844	1
0	681	398.345342179844	2
0	683	398.475050648833	1
0	685	398.475050648833	2
0	689	399.581541168896	1
0	691	399.581541168896	2
0	695	402.579574373733	1
0	697	402.579574373733	2
0	705	407.559604847292	1
0	707	407.559604847292	2
0	711	411.557704083891	1
0	713	411.557704083891	2
0	717	412.932684869203	1
0	719	412.932684869203	2
0	721	413.025028624492	1
0	723	413.025028624492	2
0	725	413.340356395611	1
0	727	413.340356395611	2
0	735	420.214048542126	1
0	737	420.214048542126	2
0	743	428.428740101652	1
0	745	428.428740101652	2
0	749	433.474964894652	1
0	751	433.474964894652	2
0	753	434.958438280772	1
0	755	434.958438280772	2
0	757	435.667659179159	1
0	759	435.667659179159	2
0	763	439.704702502448	1
0	765	439.704702502448	2
0	771	445.592302206637	1
0	773	445.592302206637	2
0	779	462.993203838181	1
0	781	462.993203838181	2
0	785	467.663685696034	1
0	787	467.663685696034	2
0	791	472.62452340195	1
0	793	472.62452340195	2
0	797	477.185785693349	1
0	799	477.185785693349	2
0	803	486.00991934624	1
0	805	486.00991934624	2
0	809	493.554969683978	1
0	811	493.554969683978	2
0	813	495.966262857857	1
0	815	495.966262857857	2
0	821	498.68151483703	1
0	823	498.68151483703	2
0	825	500.249531145424	1
0	827	500.249531145424	2
0	833	504.032910558249	1
0	835	504.032910558249	2
0	837	504.804441461225	1
0	839	504.804441461225	2
0	841	504.972461564337	1
0	843	504.972461564337	2
0	851	510.901040673421	1
0	853	510.901040673421	2
0	855	511.822990163327	1
0	857	511.822990163327	2
0	861	513.971331600243	1
0	863	513.971331600243	2
0	869	524.120952272572	1
0	871	524.120952272572	2
0	873	524.621940247329	1
0	875	524.621940247329	2
0	879	525.577958341434	1
0	881	525.577958341434	2
0	885	529.653608003007	1
0	887	529.653608003007	2
0	893	538.151820318322	1
0	895	538.151820318322	2
0	899	540.265230136976	1
0	901	540.265230136976	2
0	903	542.808500070512	1
0	905	542.808500070512	2
0	909	550.078838633926	1
0	911	550.078838633926	2
0	917	554.923655915238	1
0	919	554.923655915238	2
0	923	558.320435167782	1
0	925	558.320435167782	2
0	927	558.473368302406	1
0	929	558.473368302406	2
0	935	562.912954621867	1
0	937	562.912954621867	2
0	939	563.907303127724	1
0	941	563.907303127724	2
0	947	569.76505137147	1
0	949	569.76505137147	2
0	951	572.867075969575	1
0	953	572.867075969575	2
0	957	573.361144986923	1
0	959	573.361144986923	2
0	963	574.898952643834	1
0	965	574.898952643834	2
0	967	577.195844358373	1
0	969	577.195844358373	2
0	977	592.097630408517	1
0	979	592.097630408517	2
0	981	592.264459853908	1
0	983	592.264459853908	2
0	989	608.735278567662	1
0	991	608.735278567662	2
0	995	616.58967332213	1
0	997	616.58967332213	2
0	999	616.671534266179	1
0	1001	616.671534266179	2
0	1005	623.388822778967	1
0	1007	623.388822778967	2
0	1013	628.298282581808	1
0	1015	628.298282581808	2
0	1019	632.892826770522	1
0	1021	632.892826770522	2
0	1023	633.53799384067	1
0	1025	633.53799384067	2
0	1029	637.003197978888	1
0	1031	637.003197978888	2
0	1033	637.379065469405	1
0	1035	637.379065469405	2
0	1043	644.483616464531	1
0	1045	644.483616464531	2
0	1049	653.283636405576	1
0	1051	653.283636405576	2
0	1055	658.789350233816	1
0	1057	658.789350233816	2
0	1061	668.997876905084	1
0	1063	668.997876905084	2
0	1067	670.793656832777	1
0	1069	670.793656832777	2
0	1073	672.56783273517	1
0	1075	672.56783273517	2
0	1079	675.427736599567	1
0	1081	675.427736599567	2
0	1085	678.274506590543	1
0	1087	678.274506590543	2
0	1091	679.803582981161	1
0	1093	679.803582981161	2
0	1095	680.221710926733	1
0	1097	680.221710926733	2
0	1101	684.188148608312	1
0	1103	684.188148608312	2
0	1105	684.58980018304	1
0	1107	684.58980018304	2
0	1115	693.563906792831	1
0	1117	693.563906792831	2
0	1121	698.747999616306	1
0	1123	698.747999616306	2
0	1125	701.628714792224	1
0	1127	701.628714792224	2
0	1133	706.1752609076	1
0	1135	706.1752609076	2
0	1139	709.207506830538	1
0	1141	709.207506830538	2
0	1145	716.672109528438	1
0	1147	716.672109528438	2
0	1149	716.843073887214	1
0	1151	716.843073887214	2
0	1157	728.163710090698	1
0	1159	728.163710090698	2
0	1163	735.041662088341	1
0	1165	735.041662088341	2
0	1169	735.698765457704	1
0	1171	735.698765457704	2
0	1173	739.829017240509	1
0	1175	739.829017240509	2
0	1181	746.492535938348	1
0	1183	746.492535938348	2
0	1187	759.454754446278	1
0	1189	759.454754446278	2
0	1191	762.001176034217	1
0	1193	762.001176034217	2
0	1199	768.630825053086	1
0	1201	768.630825053086	2
0	1203	768.715188359623	1
0	1205	768.715188359623	2
0	1207	769.881718063059	1
0	1209	769.881718063059	2
0	1217	771.652737574331	1
0	1219	771.652737574331	2
0	1221	775.764878628983	1
0	1223	775.764878628983	2
0	1227	780.5883448385	1
0	1229	780.5883448385	2
0	1235	783.728308576091	1
0	1237	783.728308576091	2
0	1241	794.47275477932	1
0	1243	794.47275477932	2
0	1247	797.739051945853	1
0	1249	797.739051945853	2
0	1251	807.183233341599	1
0	1253	807.183233341599	2
0	1257	808.526311505364	1
0	1259	808.526311505364	2
0	1261	808.617230756734	1
0	1263	808.617230756734	2
0	1269	809.603808205486	1
0	1271	809.603808205486	2
0	1277	811.008761704194	1
0	1279	811.008761704194	2
0	1281	811.036820044987	1
0	1283	811.036820044987	2
0	1289	814.61953174387	1
0	1291	814.61953174387	2
0	1293	820.613119265963	1
0	1295	820.613119265963	2
0	1297	822.379112052653	1
0	1299	822.379112052653	2
0	1305	829.324719798344	1
0	1307	829.324719798344	2
0	1311	832.226117071334	1
0	1313	832.226117071334	2
0	1315	832.394479686299	1
0	1317	832.394479686299	2
0	1319	832.772809098567	1
0	1321	832.772809098567	2
0	1331	840.36383048957	1
0	1333	840.36383048957	2
0	1337	842.033344143378	1
0	1339	842.033344143378	2
0	1343	847.175994665066	1
0	1345	847.175994665066	2
0	1347	851.091402415538	1
0	1349	851.091402415538	2
0	1353	853.555317478214	1
0	1355	853.555317478214	2
0	1359	855.325795741713	1
0	1361	855.325795741713	2
0	1365	855.992258208118	1
0	1367	855.992258208118	2
0	1371	856.772232630014	1
0	1373	856.772232630014	2
0	1379	865.8205431122	1
0	1381	865.8205431122	2
0	1385	866.526388922305	1
0	1387	866.526388922305	2
0	1389	872.469222209259	1
0	1391	872.469222209259	2
0	1397	876.029210325494	1
0	1399	876.029210325494	2
0	1401	876.940354081014	1
0	1403	876.940354081014	2
0	1407	880.095024245297	1
0	1409	880.095024245297	2
0	1415	883.765195085821	1
0	1417	883.765195085821	2
0	1421	891.412438248917	1
0	1423	891.412438248917	2
0	1427	897.974349547358	1
0	1429	897.974349547358	2
0	1433	912.959304738821	1
0	1435	912.959304738821	2
0	1439	917.499709211556	1
0	1441	917.499709211556	2
0	1445	921.378939852705	1
0	1447	921.378939852705	2
0	1449	926.078086409956	1
0	1451	926.078086409956	2
0	1457	931.201931150686	1
0	1459	931.201931150686	2
0	1463	933.9820402413	1
0	1465	933.9820402413	2
0	1469	937.29307334155	1
0	1471	937.29307334155	2
0	1475	943.555352960496	1
0	1477	943.555352960496	2
0	1479	947.859799525924	1
0	1481	947.859799525924	2
0	1485	950.789961950549	1
0	1487	950.789961950549	2
0	1489	951.060058426687	1
0	1491	951.060058426687	2
0	1495	951.461354225455	1
0	1497	951.461354225455	2
0	1499	951.468982440114	1
0	1501	951.468982440114	2
0	1509	954.219094305945	1
0	1511	954.219094305945	2
0	1517	962.259416359504	1
0	1519	962.259416359504	2
0	1523	967.611393950792	1
0	1525	967.611393950792	2
0	1529	969.108360276316	1
0	1531	969.108360276316	2
0	1533	969.119245034801	1
0	1535	969.119245034801	2
0	1537	969.285560019319	1
0	1539	969.285560019319	2
0	1547	975.202711539671	1
0	1549	975.202711539671	2
0	1553	978.292501546224	1
0	1555	978.292501546224	2
0	1557	980.831213912041	1
0	1559	980.831213912041	2
0	1563	981.668602701028	1
0	1565	981.668602701028	2
0	1571	992.358106104467	1
0	1573	992.358106104467	2
0	1575	992.785862427557	1
0	1577	992.785862427557	2
0	1581	995.338330278204	1
0	1583	995.338330278204	2
0	1587	997.8584497353	1
0	1589	997.8584497353	2
1	171	108.717276995597	9.618766015909
1	179	116.863760792255	17.644999697118
1	183	120.215721533956	11.498444538359
1	191	122.008733824238	5.144973031983
1	197	124.776245474198	4.560523940242
1	203	128.758179825981	6.749446001743
1	209	132.956890330004	8.180644855806
1	215	141.091832033782	12.333652207801
1	221	146.083254887126	13.126364557122
1	227	149.835557287689	8.743725253907
1	233	150.519439108447	4.436184221321
1	239	154.458665510408	4.623108222719
1	243	154.986167741252	4.466728632805
1	249	161.051985029007	6.593319518599
1	257	166.70803171072	11.721863969468
1	261	167.925427946285	6.873442917278
1	269	171.74851868331	5.04048697259
1	275	179.930699587957	12.005271641672
1	281	182.231555200873	10.483036517563
1	285	182.332141892497	2.40144230454
1	293	185.11189970319	2.880344502317
1	299	187.326164940932	4.994023048435
1	305	192.802107207817	7.690207504627
1	311	194.527121034143	7.200956093211
1	317	194.909841673474	2.107734465657
1	323	206.716634339332	12.189513305189
1	327	209.893578399137	14.983736725663
1	335	212.907542189409	6.190907850077
1	341	214.023587187992	4.130008788855
1	347	218.948826143652	6.041283954243
1	351	222.522620849203	8.499033661211
1	359	225.813663816329	6.864837672677
1	365	228.646551996462	6.123931147259
1	369	229.313843354109	3.50017953778
1	373	229.602011351869	0.955459355407
1	377	232.085165599275	2.771322245166
1	383	233.442709809114	3.840698457245
1	391	234.030219488247	1.945053888972
1	401	238.350093553006	4.907383743892
1	407	240.73375846848	6.703538980233
1	411	244.798286915021	6.448193362015
1	415	244.909997882944	4.176239414464
1	423	246.889688879082	2.091401964061
1	427	246.97089255768	2.060894674736
1	433	248.098505699547	1.208816820465
1	437	248.418951375303	1.448058817623
1	449	251.586221900531	3.487716200984
1	453	252.280906048344	3.861954673041
1	461	261.330750028114	9.744528127583
1	467	273.195514617539	20.914608569195
1	473	274.153952016651	12.823201988537
1	477	275.227442383407	2.031927765868
1	485	286.520835278804	12.366883262153
1	489	287.128858498752	11.901416115345
1	495	291.386772816929	4.865937538125
1	503	298.446283323253	11.317424824501
1	509	302.644758842233	11.257986025304
1	515	306.089427845304	7.643144522051
1	521	308.402244168299	5.757485326066
1	527	319.356373593816	13.266945748512
1	533	320.598718091249	12.19647392295
1	539	326.687828504286	7.33145491047
1	545	329.018676996258	8.419958905009
1	551	338.058614337759	11.370785833473
1	557	341.43475515144	12.416078155182
1	561	343.81599111722	5.757376779461
1	569	350.418301236007	8.983546084567
1	573	352.720557324603	8.904566207383
1	579	353.063673485502	2.645372249495
1	583	353.547874875154	0.827317550551
1	589	356.629284337694	3.565610852192
1	599	361.387311369486	7.839436494332
1	605	369.440909929335	12.811625591641
1	609	371.224101217141	9.836789847655
1	613	373.359563880595	3.91865395126
1	617	374.508606638004	3.284505420863
1	627	381.028899113969	7.669335233374
1	631	381.347321157687	6.838714519683
1	635	381.759503650546	0.730604536577
1	645	382.892112619711	1.544791462024
1	653	384.12362479839	2.364121147844
1	659	385.029972540924	2.137859921213
1	665	392.74483235616	8.62120755777
1	671	394.362981972231	9.333009431307
1	675	398.061775896288	5.316943540128
1	679	398.345342179844	3.982360207613
1	683	398.475050648833	0.413274752545
1	689	399.581541168896	1.236198989052
1	695	402.579574373733	4.1045237249
1	705	407.559604847292	7.978063678396
1	711	411.557704083891	8.978129710158
1	717	412.932684869203	5.373080021911
1	721	413.025028624492	1.467324540601
1	725	413.340356395611	0.407671526408
1	735	420.214048542126	7.189019917634
1	743	428.428740101652	15.088383706041
1	749	433.474964894652	13.260916352526
1	753	434.958438280772	6.52969817912
1	757	435.667659179159	2.192694284507
1	763	439.704702502448	4.746264221676
1	771	445.592302206637	9.924643027478
1	779	462.993203838181	23.288501335733
1	785	467.663685696034	22.071383489397
1	791	472.62452340195	9.631319563769
1	797	477.185785693349	9.522099997315
1	803	486.00991934624	13.38539594429
1	809	493.554969683978	16.369183990629
1	813	495.966262857857	9.956343511617
1	821	498.68151483703	5.126545153052
1	825	500.249531145424	4.283268287567
1	833	504.032910558249	5.351395721219
1	837	504.804441461225	4.554910315801
1	841	504.972461564337	0.939551006088
1	851	510.901040673421	6.096599212196
1	855	511.822990163327	6.85052859899
1	861	513.971331600243	3.070290926822
1	869	524.120952272572	12.297962109245
1	873	524.621940247329	10.650608647086
1	879	525.577958341434	1.457006068862
1	885	529.653608003007	5.031667755678
1	893	538.151820318322	12.573861976888
1	899	540.265230136976	10.611622133969
1	903	542.808500070512	4.65667975219
1	909	550.078838633926	9.81360849695
1	917	554.923655915238	12.115155844726
1	923	558.320435167782	8.241596533856
1	927	558.473368302406	3.549712387168
1	935	562.912954621867	4.592519454085
1	939	563.907303127724	5.433934825318
1	947	569.76505137147	6.852096749603
1	951	572.867075969575	8.959772841851
1	957	573.361144986923	3.596093615453
1	963	574.898952643834	2.031876674259
1	967	577.195844358373	3.83469937145
1	977	592.097630408517	17.198677764683
1	981	592.264459853908	15.068615495535
1	989	608.735278567662	16.637648159145
1	995	616.58967332213	24.325213468222
1	999	616.671534266179	7.936255698517
1	1005	623.388822778967	6.799149456837
1	1013	628.298282581808	11.626748315629
1	1019	632.892826770522	9.504003991555
1	1023	633.53799384067	5.239711258862
1	1029	637.003197978888	4.110371208366
1	1033	637.379065469405	3.841071628735
1	1043	644.483616464531	7.480418485643
1	1049	653.283636405576	15.904570936171
1	1055	658.789350233816	14.305733769285
1	1061	668.997876905084	15.714240499508
1	1067	670.793656832777	12.004306598961
1	1073	672.56783273517	3.569955830086
1	1079	675.427736599567	4.63407976679
1	1085	678.274506590543	5.706673855373
1	1091	679.803582981161	4.375846381594
1	1095	680.221710926733	1.94720433619
1	1101	684.188148608312	4.384565627151
1	1105	684.58980018304	4.368089256307
1	1115	693.563906792831	9.375758184519
1	1121	698.747999616306	14.158199433266
1	1125	701.628714792224	8.064807999393
1	1133	706.1752609076	7.427261291294
1	1139	709.207506830538	7.578792038314
1	1145	716.672109528438	10.496848620838
1	1149	716.843073887214	7.635567056676
1	1157	728.163710090698	11.49160056226
1	1163	735.041662088341	18.198588201127
1	1169	735.698765457704	7.535055367006
1	1173	739.829017240509	4.787355152168
1	1181	746.492535938348	10.793770480644
1	1187	759.454754446278	19.625737205769
1	1191	762.001176034217	15.508640095869
1	1199	768.630825053086	9.176070606808
1	1203	768.715188359623	6.714012325406
1	1207	769.881718063059	1.250893009973
1	1217	771.652737574331	2.937549214708
1	1221	775.764878628983	5.883160565924
1	1227	780.5883448385	8.935607264169
1	1235	783.728308576091	7.963429947108
1	1241	794.47275477932	13.88440994082
1	1247	797.739051945853	14.010743369762
1	1251	807.183233341599	12.710478562279
1	1257	808.526311505364	10.787259559511
1	1261	808.617230756734	1.433997415135
1	1269	809.603808205486	1.077496700122
1	1277	811.008761704194	2.39153094746
1	1281	811.036820044987	1.433011839501
1	1289	814.61953174387	3.610770039676
1	1293	820.613119265963	9.576299220976
1	1297	822.379112052653	7.759580308783
1	1305	829.324719798344	8.711600532381
1	1311	832.226117071334	9.847005018681
1	1315	832.394479686299	3.069759887955
1	1319	832.772809098567	0.546692027233
1	1331	840.36383048957	7.969350803271
1	1337	842.033344143378	9.260535044811
1	1343	847.175994665066	6.812164175496
1	1347	851.091402415538	9.05805827216
1	1353	853.555317478214	6.379322813148
1	1359	855.325795741713	4.234393326175
1	1365	855.992258208118	2.436940729904
1	1371	856.772232630014	1.446436888301
1	1379	865.8205431122	9.828284904082
1	1385	866.526388922305	9.754156292291
1	1389	872.469222209259	6.648679097059
1	1397	876.029210325494	9.502821403189
1	1401	876.940354081014	4.471131871755
1	1407	880.095024245297	4.065813919803
1	1415	883.765195085821	6.824841004807
1	1421	891.412438248917	11.31741400362
1	1427	897.974349547358	14.209154461537
1	1433	912.959304738821	21.546866489904
1	1439	917.499709211556	19.525359664198
1	1445	921.378939852705	8.419635113884
1	1449	926.078086409956	8.5783771984
1	1457	931.201931150686	9.822991297981
1	1463	933.9820402413	7.903953831344
1	1469	937.29307334155	6.091142190864
1	1475	943.555352960496	9.573312719196
1	1479	947.859799525924	10.566726184374
1	1485	950.789961950549	7.234608990053
1	1489	951.060058426687	3.200258900763
1	1495	951.461354225455	0.671392274906
1	1499	951.468982440114	0.408924013427
1	1509	954.219094305945	2.75774008049
1	1517	962.259416359504	10.79043391939
1	1523	967.611393950792	13.392299644847
1	1529	969.108360276316	6.848943916812
1	1533	969.119245034801	1.507851084009
1	1537	969.285560019319	0.177199743003
1	1547	975.202711539671	6.08346650487
1	1553	978.292501546224	9.006941526905
1	1557	980.831213912041	5.62850237237
1	1563	981.668602701028	3.376101154804
1	1571	992.358106104467	11.526892192426
1	1575	992.785862427557	11.117259726529
1	1581	995.338330278204	2.980224173737
1	1587	997.8584497353	5.072587307743
2	172	108.717276995597	5
2	176	109.549570063745	6
2	178	110.102431149318	7
2	180	116.863760792255	6
2	184	120.215721533956	5
2	188	120.381758032343	6
2	190	121.668931273277	7
2	192	122.008733824238	6
2	196	123.865316565679	7
2	198	124.776245474198	6
2	202	128.150113298015	7
2	204	128.758179825981	6
2	208	129.027069835102	7
2	210	132.956890330004	6
2	214	133.756674836794	7
2	216	141.091832033782	6
2	220	143.309147040297	7
2	222	146.083254887126	6
2	226	146.298118886456	7
2	228	149.835557287689	6
2	232	150.119269743918	7
2	234	150.519439108447	6
2	238	150.782550600653	7
2	240	154.458665510408	6
2	244	154.986167741252	5
2	248	155.628033846098	6
2	250	161.051985029007	5
2	254	162.240270048676	6
2	256	166.403180637688	7
2	258	166.70803171072	6
2	262	167.925427946285	5
2	266	169.825842013866	6
2	268	170.867878152349	7
2	270	171.74851868331	6
2	274	177.808062777396	7
2	276	179.930699587957	6
2	280	180.913246194449	7
2	282	182.231555200873	6
2	286	182.332141892497	5
2	290	182.487039883121	6
2	292	182.816916945504	7
2	294	185.11189970319	6
2	298	187.160109639709	7
2	300	187.326164940932	6
2	304	188.412140384012	7
2	306	192.802107207817	6
2	310	193.87971393871	7
2	312	194.527121034143	6
2	316	194.549364037514	7
2	318	194.909841673474	6
2	322	197.508512701356	7
2	324	206.716634339332	6
2	328	209.893578399137	5
2	332	210.517564517773	6
2	334	211.462594320038	7
2	336	212.907542189409	6
2	340	213.441207499366	7
2	342	214.023587187992	6
2	346	214.731919026922	7
2	348	218.948826143652	6
2	352	222.522620849203	5
2	356	223.231713460123	6
2	358	223.851131970809	7
2	360	225.813663816329	6
2	364	227.282085133027	7
2	366	228.646551996462	6
2	370	229.313843354109	5
2	374	229.602011351869	4
2	378	232.085165599275	3
2	382	232.852891189813	4
2	384	233.442709809114	3
2	388	233.604848910522	4
2	390	233.756395549187	5
2	392	234.030219488247	4
2	396	235.07730445042	5
2	398	235.37592491264	6
2	400	236.449676538883	7
2	402	238.350093553006	6
2	406	240.229268665085	7
2	408	240.73375846848	6
2	412	244.798286915021	5
2	416	244.909997882944	4
2	420	245.14078517208	5
2	422	246.6659113978	6
2	424	246.889688879082	5
2	428	246.97089255768	4
2	432	248.049585009951	5
2	434	248.098505699547	4
2	438	248.418951375303	3
2	442	248.607071422475	4
2	444	250.005564164256	5
2	446	251.346800252948	6
2	448	251.414002773246	7
2	450	251.586221900531	6
2	454	252.280906048344	5
2	458	253.589670738982	6
2	460	253.758087209996	7
2	462	261.330750028114	6
2	466	261.460203726625	7
2	468	273.195514617539	6
2	472	273.308377382966	7
2	474	274.153952016651	6
2	478	275.227442383407	5
2	482	275.823646130031	6
2	484	278.699834833045	7
2	486	286.520835278804	6
2	490	287.128858498752	5
2	494	288.067852835292	6
2	496	291.386772816929	5
2	500	292.36724758158	6
2	502	293.12108024015	7
2	504	298.446283323253	6
2	508	300.792322108959	7
2	510	302.644758842233	6
2	514	302.691005013364	7
2	516	306.089427845304	6
2	520	307.787277574719	7
2	522	308.402244168299	6
2	526	310.273812732069	7
2	528	319.356373593816	6
2	532	320.507827268836	7
2	534	320.598718091249	6
2	538	323.492262983541	7
2	540	326.687828504286	6
2	544	327.475832127767	7
2	546	329.018676996258	6
2	550	329.512290239074	7
2	552	338.058614337759	6
2	556	339.468165568085	7
2	558	341.43475515144	6
2	562	343.81599111722	5
2	566	344.446729199899	6
2	568	345.155123953692	7
2	570	350.418301236007	6
2	574	352.720557324603	5
2	578	352.82718886407	6
2	580	353.063673485502	5
2	584	353.547874875154	4
2	588	356.503570106338	5
2	590	356.629284337694	4
2	594	357.29386922769	5
2	596	360.590934978517	6
2	598	361.057837939772	7
2	600	361.387311369486	6
2	604	362.703271421108	7
2	606	369.440909929335	6
2	610	371.224101217141	5
2	614	373.359563880595	4
2	618	374.508606638004	3
2	622	375.756387182013	4
2	624	377.130350275861	5
2	626	378.345291053213	6
2	628	381.028899113969	5
2	632	381.347321157687	4
2	636	381.759503650546	3
2	640	382.007777128824	4
2	642	382.322646175749	5
2	644	382.564463540545	6
2	646	382.892112619711	5
2	650	382.978932027633	6
2	652	383.935886808587	7
2	654	384.12362479839	6
2	658	384.313695997153	7
2	660	385.029972540924	6
2	664	386.134234916199	7
2	666	392.74483235616	6
2	670	393.287465566344	7
2	672	394.362981972231	6
2	676	398.061775896288	5
2	680	398.345342179844	4
2	684	398.475050648833	3
2	688	399.40553870297	4
2	690	399.581541168896	3
2	694	401.448656757371	4
2	696	402.579574373733	3
2	700	404.478773183045	4
2	702	404.749186474959	5
2	704	405.502808874101	6
2	706	407.559604847292	5
2	710	408.414911211135	6
2	712	411.557704083891	5
2	716	412.671365082141	6
2	718	412.932684869203	5
2	722	413.025028624492	4
2	726	413.340356395611	3
2	730	413.840585866734	4
2	732	414.850005942754	5
2	734	415.075027036606	6
2	736	420.214048542126	5
2	740	420.387183280219	6
2	742	422.819502197399	7
2	744	428.428740101652	6
2	748	429.553923323023	7
2	750	433.474964894652	6
2	754	434.958438280772	5
2	758	435.667659179159	4
2	762	436.150144333048	5
2	764	439.704702502448	4
2	768	440.642952309026	5
2	770	443.63377794912	6
2	772	445.592302206637	5
2	776	446.70050729399	6
2	778	447.425170066966	7
2	780	462.993203838181	6
2	784	463.122204423571	7
2	786	467.663685696034	6
2	790	468.172134878521	7
2	792	472.62452340195	6
2	796	473.356109509312	7
2	798	477.185785693349	6
2	802	482.355427014478	7
2	804	486.00991934624	6
2	808	486.116144083932	7
2	810	493.554969683978	6
2	814	495.966262857857	5
2	818	497.254812822472	6
2	820	497.957926910868	7
2	822	498.68151483703	6
2	826	500.249531145424	5
2	830	501.05914586841	6
2	832	501.7510427266	7
2	834	504.032910558249	6
2	838	504.804441461225	5
2	842	504.972461564337	4
2	846	505.753002656825	5
2	848	509.385184755776	6
2	850	510.726757188919	7
2	852	510.901040673421	6
2	856	511.822990163327	5
2	860	512.670458278416	6
2	862	513.971331600243	5
2	866	514.120898737395	6
2	868	518.598456618904	7
2	870	524.120952272572	6
2	874	524.621940247329	5
2	878	524.783491957095	6
2	880	525.577958341434	5
2	884	528.738143861686	6
2	886	529.653608003007	5
2	890	529.655020117411	6
2	892	535.747777052547	7
2	894	538.151820318322	6
2	898	538.611056900656	7
2	900	540.265230136976	6
2	904	542.808500070512	5
2	908	543.659158836705	6
2	910	550.078838633926	5
2	914	551.421017464751	6
2	916	554.090581032382	7
2	918	554.923655915238	6
2	922	557.263908115368	7
2	924	558.320435167782	6
2	928	558.473368302406	5
2	932	558.677547572732	6
2	934	560.204908692367	7
2	936	562.912954621867	6
2	940	563.907303127724	5
2	944	564.351030853653	6
2	946	566.717698153579	7
2	948	569.76505137147	6
2	952	572.867075969575	5
2	956	573.005064655926	6
2	958	573.361144986923	5
2	962	573.767703528526	6
2	964	574.898952643834	5
2	968	577.195844358373	4
2	972	578.647568136411	5
2	974	579.068688121977	6
2	976	579.64839522305	7
2	978	592.097630408517	6
2	982	592.264459853908	5
2	986	597.029647997782	6
2	988	600.830552215224	7
2	990	608.735278567662	6
2	994	609.657895754061	7
2	996	616.58967332213	6
2	1000	616.671534266179	5
2	1004	618.062471758983	6
2	1006	623.388822778967	5
2	1010	623.683942116085	6
2	1012	624.190259429961	7
2	1014	628.298282581808	6
2	1018	628.934143588278	7
2	1020	632.892826770522	6
2	1024	633.53799384067	5
2	1028	633.787662466895	6
2	1030	637.003197978888	5
2	1034	637.379065469405	4
2	1038	637.482790101245	5
2	1040	639.042729340933	6
2	1042	640.967968379618	7
2	1044	644.483616464531	6
2	1048	646.682434616101	7
2	1050	653.283636405576	6
2	1054	654.436074792611	7
2	1056	658.789350233816	6
2	1060	659.211710974625	7
2	1062	668.997876905084	6
2	1066	669.75171011311	7
2	1068	670.793656832777	6
2	1072	671.677201763843	7
2	1074	672.56783273517	6
2	1078	672.649521053089	7
2	1080	675.427736599567	6
2	1084	677.472324433117	7
2	1086	678.274506590543	6
2	1090	678.957089592701	7
2	1092	679.803582981161	6
2	1096	680.221710926733	5
2	1100	682.773505612345	6
2	1102	684.188148608312	5
2	1106	684.58980018304	4
2	1110	685.456806949179	5
2	1112	688.172859458332	6
2	1114	691.176196968388	7
2	1116	693.563906792831	6
2	1120	694.102019361089	7
2	1122	698.747999616306	6
2	1126	701.628714792224	5
2	1130	702.625862137617	6
2	1132	703.336500924071	7
2	1134	706.1752609076	6
2	1138	708.260776191763	7
2	1140	709.207506830538	6
2	1144	711.598375666213	7
2	1146	716.672109528438	6
2	1150	716.843073887214	5
2	1154	717.284832646222	6
2	1156	717.387350495099	7
2	1158	728.163710090698	6
2	1162	728.325280366361	7
2	1164	735.041662088341	6
2	1168	735.403416179293	7
2	1170	735.698765457704	6
2	1174	739.829017240509	5
2	1178	740.271827914738	6
2	1180	745.461548602942	7
2	1182	746.492535938348	6
2	1186	748.485743831821	7
2	1188	759.454754446278	6
2	1192	762.001176034217	5
2	1196	762.032318750152	6
2	1198	762.603208383768	7
2	1200	768.630825053086	6
2	1204	768.715188359623	5
2	1208	769.881718063059	4
2	1212	770.005291635384	5
2	1214	770.373190975422	6
2	1216	771.150379695985	7
2	1218	771.652737574331	6
2	1222	775.764878628983	5
2	1226	778.867420888585	6
2	1228	780.5883448385	5
2	1232	780.929567936655	6
2	1234	782.137867458645	7
2	1236	783.728308576091	6
2	1240	785.087882314565	7
2	1242	794.47275477932	6
2	1246	795.967840361014	7
2	1248	797.739051945853	6
2	1252	807.183233341599	5
2	1256	808.117086685388	6
2	1258	808.526311505364	5
2	1262	808.617230756734	4
2	1266	808.883655798371	5
2	1268	808.939542081875	6
2	1270	809.603808205486	5
2	1274	809.953797480032	6
2	1276	810.861886721265	7
2	1278	811.008761704194	6
2	1282	811.036820044987	5
2	1286	812.682708010131	6
2	1288	813.255064939608	7
2	1290	814.61953174387	6
2	1294	820.613119265963	5
2	1298	822.379112052653	4
2	1302	822.660909366648	5
2	1304	825.662233554801	6
2	1306	829.324719798344	5
2	1310	829.368709955771	6
2	1312	832.226117071334	5
2	1316	832.394479686299	4
2	1320	832.772809098567	3
2	1324	834.585798196701	4
2	1326	834.764696053424	5
2	1328	839.150778155909	6
2	1330	839.596026873298	7
2	1332	840.36383048957	6
2	1336	840.796527327402	7
2	1338	842.033344143378	6
2	1342	843.12388331739	7
2	1344	847.175994665066	6
2	1348	851.091402415538	5
2	1352	852.402464814018	6
2	1354	853.555317478214	5
2	1358	854.133941164494	6
2	1360	855.325795741713	5
2	1364	855.657891425812	6
2	1366	855.992258208118	5
2	1370	856.356467966302	6
2	1372	856.772232630014	5
2	1376	858.215719613525	6
2	1378	859.764722514094	7
2	1380	865.8205431122	6
2	1384	866.173782427589	7
2	1386	866.526388922305	6
2	1390	872.469222209259	5
2	1394	872.660980295181	6
2	1396	875.344498691827	7
2	1398	876.029210325494	6
2	1402	876.940354081014	5
2	1406	877.948843320719	6
2	1408	880.095024245297	5
2	1412	881.03492597089	6
2	1414	881.536523687441	7
2	1416	883.765195085821	6
2	1420	890.57187066484	7
2	1422	891.412438248917	6
2	1426	892.044692131597	7
2	1428	897.974349547358	6
2	1432	911.096105595502	7
2	1434	912.959304738821	6
2	1438	913.686488739988	7
2	1440	917.499709211556	6
2	1444	917.579180281833	7
2	1446	921.378939852705	6
2	1450	926.078086409956	5
2	1454	927.275650845553	6
2	1456	930.496175383298	7
2	1458	931.201931150686	6
2	1462	932.346561941574	7
2	1464	933.9820402413	6
2	1468	937.03460195444	7
2	1470	937.29307334155	6
2	1474	937.300768180898	7
2	1476	943.555352960496	6
2	1480	947.859799525924	5
2	1484	948.653872205758	6
2	1486	950.789961950549	5
2	1490	951.060058426687	4
2	1494	951.100680248706	5
2	1496	951.461354225455	4
2	1500	951.468982440114	3
2	1504	951.988095179116	4
2	1506	952.314286881958	5
2	1508	953.198236578627	6
2	1510	954.219094305945	5
2	1514	954.504260788211	6
2	1516	958.193958634029	7
2	1518	962.259416359504	6
2	1522	963.735506157896	7
2	1524	967.611393950792	6
2	1528	968.716174700272	7
2	1530	969.108360276316	6
2	1534	969.119245034801	5
2	1538	969.285560019319	4
2	1542	971.436582980402	5
2	1544	972.99097104756	6
2	1546	974.330165526382	7
2	1548	975.202711539671	6
2	1552	975.331170585427	7
2	1554	978.292501546224	6
2	1558	980.831213912041	5
2	1562	981.475295228926	6
2	1564	981.668602701028	5
2	1568	983.065368970618	6
2	1570	985.140184871592	7
2	1572	992.358106104467	6
2	1576	992.785862427557	5
2	1580	995.190655350628	6
2	1582	995.338330278204	5
2	1586	997.03448066552	6
2	1588	997.8584497353	5
2	1592	998.226205803995	6
3	172	108.717276995597	22.763191202433
3	180	116.863760792255	25.077101562447
3	184	120.215721533956	28.318204886554
3	192	122.008733824238	30.033819165408
3	198	124.776245474198	26.44650608314
3	204	128.758179825981	28.928275985416
3	210	132.956890330004	23.407320266259
3	216	141.091832033782	30.989400884464
3	222	146.083254887126	25.701496854783
3	228	149.835557287689	28.166626014412
3	234	150.519439108447	26.654122542768
3	240	154.458665510408	26.308552212393
3	244	154.986167741252	25.95909790615
3	250	161.051985029007	27.295310192213
3	258	166.70803171072	23.398884670423
3	262	167.925427946285	21.627309059829
3	270	171.74851868331	21.629248939392
3	276	179.930699587957	29.148148987304
3	282	182.231555200873	26.603521354775
3	286	182.332141892497	20.091871843821
3	294	185.11189970319	18.708719065502
3	300	187.326164940932	17.500322927066
3	306	192.802107207817	21.934229055468
3	312	194.527121034143	16.719058256747
3	318	194.909841673474	13.996595479025
3	324	206.716634339332	24.229594456211
3	328	209.893578399137	27.076661453633
3	336	212.907542189409	25.7474325497
3	342	214.023587187992	25.61144680398
3	348	218.948826143652	25.069112204942
3	352	222.522620849203	27.973256811689
3	360	225.813663816329	28.305151114973
3	366	228.646551996462	18.128987478689
3	370	229.313843354109	17.851249034071
3	374	229.602011351869	16.160803852503
3	378	232.085165599275	17.353246572353
3	384	233.442709809114	10.210996348991
3	392	234.030219488247	10.179087517438
3	402	238.350093553006	11.068008419979
3	408	240.73375846848	7.880867278667
3	412	244.798286915021	11.193438004499
3	416	244.909997882944	11.153602333757
3	424	246.889688879082	11.812384428662
3	428	246.97089255768	11.59496764504
3	434	248.098505699547	11.648829160664
3	438	248.418951375303	8.189682710218
3	450	251.586221900531	6.445436728451
3	454	252.280906048344	5.614994650544
3	462	261.330750028114	13.281165018163
3	468	273.195514617539	24.588443195064
3	474	274.153952016651	24.148387852395
3	478	275.227442383407	23.880642130459
3	486	286.520835278804	35.106832505558
3	490	287.128858498752	33.53918775977
3	496	291.386772816929	37.628685606933
3	504	298.446283323253	36.986079596628
3	510	302.644758842233	29.336381459267
3	516	306.089427845304	30.265781715273
3	522	308.402244168299	29.702409335254
3	528	319.356373593816	31.288520758524
3	534	320.598718091249	28.231470509669
3	540	326.687828504286	33.566748264136
3	546	329.018676996258	28.226354887299
3	552	338.058614337759	35.367609324395
3	558	341.43475515144	33.647477576721
3	562	343.81599111722	33.542178385151
3	570	350.418301236007	29.910473967171
3	574	352.720557324603	29.228294341062
3	580	353.063673485502	25.587841357735
3	584	353.547874875154	24.03558463608
3	590	356.629284337694	17.161118769609
3	600	361.387311369486	16.940582169587
3	606	369.440909929335	24.285785975643
3	610	371.224101217141	18.396912353071
3	614	373.359563880595	16.855993774257
3	618	374.508606638004	17.214737410314
3	628	381.028899113969	20.437964135452
3	632	381.347321157687	20.289483217915
3	636	381.759503650546	19.056232229438
3	646	382.892112619711	7.135725437698
3	654	384.12362479839	6.993274522529
3	660	385.029972540924	6.684681487711
3	666	392.74483235616	10.737055227336
3	672	394.362981972231	12.040335796482
3	676	398.061775896288	15.497312355743
3	680	398.345342179844	15.366410152211
3	684	398.475050648833	14.539163840246
3	690	399.581541168896	15.267845171743
3	696	402.579574373733	16.445339457534
3	706	407.559604847292	14.272139280948
3	712	411.557704083891	12.152165380921
3	718	412.932684869203	11.484028111832
3	722	413.025028624492	8.546255441447
3	726	413.340356395611	8.591169920652
3	736	420.214048542126	14.711239668025
3	744	428.428740101652	20.013828890517
3	750	433.474964894652	20.803599812511
3	754	434.958438280772	21.117852414038
3	758	435.667659179159	20.817653236405
3	764	439.704702502448	24.629675465842
3	772	445.592302206637	25.205118926418
3	780	462.993203838181	40.173701640782
3	786	467.663685696034	38.109762373011
3	792	472.62452340195	36.474379068902
3	798	477.185785693349	36.542833384323
3	804	486.00991934624	42.37614139712
3	810	493.554969683978	46.854462389988
3	814	495.966262857857	48.541092790891
3	822	498.68151483703	35.559310413459
3	826	500.249531145424	32.077396266903
3	834	504.032910558249	30.676801048937
3	838	504.804441461225	22.449014446747
3	842	504.972461564337	18.856317480405
3	852	510.901040673421	13.646227850949
3	856	511.822990163327	13.865063252459
3	862	513.971331600243	12.912185731833
3	870	524.120952272572	22.369909545972
3	874	524.621940247329	18.868937590504
3	880	525.577958341434	16.192773585658
3	886	529.653608003007	18.926850814088
3	894	538.151820318322	25.481362039906
3	900	540.265230136976	26.144331399581
3	904	542.808500070512	24.210043451608
3	910	550.078838633926	25.295346676831
3	918	554.923655915238	26.185512053552
3	924	558.320435167782	28.665415050371
3	928	558.473368302406	22.725591249859
3	936	562.912954621867	24.301897721211
3	940	563.907303127724	20.248144291019
3	948	569.76505137147	18.344033906719
3	952	572.867075969575	18.776494937193
3	958	573.361144986923	16.097236871555
3	964	574.898952643834	16.221405071102
3	968	577.195844358373	16.990935666006
3	978	592.097630408517	27.746599554864
3	982	592.264459853908	25.546761700329
3	990	608.735278567662	35.730213911736
3	996	616.58967332213	42.821969793604
3	1000	616.671534266179	38.023966129768
3	1006	623.388822778967	44.32013465699
3	1014	628.298282581808	48.649887358758
3	1020	632.892826770522	35.86317877274
3	1024	633.53799384067	32.707441625446
3	1030	637.003197978888	27.345302224827
3	1034	637.379065469405	19.316593710422
3	1044	644.483616464531	20.799674348446
3	1050	653.283636405576	29.093376975615
3	1056	658.789350233816	29.855206645538
3	1062	668.997876905084	35.210214438189
3	1068	670.793656832777	33.310866731532
3	1074	672.56783273517	33.525103394237
3	1080	675.427736599567	34.459768219949
3	1086	678.274506590543	31.592071974442
3	1092	679.803582981161	25.36750818855
3	1096	680.221710926733	21.009999952108
3	1102	684.188148608312	14.436438495202
3	1106	684.58980018304	12.912598419197
3	1116	693.563906792831	20.914385739742
3	1122	698.747999616306	21.275675183189
3	1126	701.628714792224	22.671625199523
3	1134	706.1752609076	23.401755295255
3	1140	709.207506830538	23.750699881359
3	1146	716.672109528438	28.499250070106
3	1150	716.843073887214	25.666876918826
3	1158	728.163710090698	34.061690729609
3	1164	735.041662088341	32.415799950724
3	1170	735.698765457704	32.362264533633
3	1174	739.829017240509	31.568241048746
3	1182	746.492535938348	34.894160272135
3	1188	759.454754446278	42.169921800056
3	1192	762.001176034217	44.613825539118
3	1200	768.630825053086	40.305544686725
3	1204	768.715188359623	33.31177218033
3	1208	769.881718063059	29.609890148321
3	1218	771.652737574331	26.191188971389
3	1222	775.764878628983	27.279134797162
3	1228	780.5883448385	18.556026088348
3	1236	783.728308576091	21.125100192323
3	1242	794.47275477932	24.467463143936
3	1248	797.739051945853	27.365860970431
3	1252	807.183233341599	36.032853645614
3	1258	808.526311505364	29.658890616779
3	1262	808.617230756734	27.687662820079
3	1270	809.603808205486	27.465940746841
3	1278	811.008761704194	25.920879389629
3	1282	811.036820044987	15.068979683973
3	1290	814.61953174387	6.502445058482
3	1294	820.613119265963	11.729463467592
3	1298	822.379112052653	13.439569970778
3	1306	829.324719798344	19.370922318312
3	1312	832.226117071334	21.364230350069
3	1316	832.394479686299	19.711771676168
3	1320	832.772809098567	19.517744158959
3	1332	840.36383048957	17.702921122922
3	1338	842.033344143378	16.371110588577
3	1344	847.175994665066	17.807284709295
3	1348	851.091402415538	16.505604218837
3	1354	853.555317478214	18.79062142479
3	1360	855.325795741713	16.175017585804
3	1366	855.992258208118	16.39623133482
3	1372	856.772232630014	15.975705302612
3	1380	865.8205431122	22.69665979481
3	1386	866.526388922305	14.123924108287
3	1390	872.469222209259	18.335281044765
3	1398	876.029210325494	20.371318899682
3	1402	876.940354081014	20.583886114712
3	1408	880.095024245297	21.879304631772
3	1416	883.765195085821	24.000472571727
3	1422	891.412438248917	25.238655821328
3	1428	897.974349547358	25.313369252177
3	1434	912.959304738821	37.614806046994
3	1440	917.499709211556	39.550865890837
3	1446	921.378939852705	40.344013881815
3	1450	926.078086409956	44.541562722515
3	1458	931.201931150686	40.630060485846
3	1464	933.9820402413	41.937348109703
3	1470	937.29307334155	26.196967746048
3	1476	943.555352960496	29.868864220508
3	1480	947.859799525924	30.280619244091
3	1486	950.789961950549	23.514311104996
3	1490	951.060058426687	20.563883043389
3	1496	951.461354225455	19.114792283881
3	1500	951.468982440114	14.434380485674
3	1510	954.219094305945	16.918326125047
3	1518	962.259416359504	13.605544153746
3	1524	967.611393950792	16.510713702086
3	1530	969.108360276316	17.1202650972
3	1534	969.119245034801	16.804958152843
3	1538	969.285560019319	16.087323440692
3	1548	975.202711539671	20.69845075146
3	1554	978.292501546224	20.098542912195
3	1558	980.831213912041	17.095707754145
3	1564	981.668602701028	12.952428000756
3	1572	992.358106104467	20.921523124065
3	1576	992.785862427557	19.794891379997
3	1582	995.338330278204	21.008164751822
3	1588	997.8584497353	22.527279149873
4	172	108.717276995597	0
4	180	116.863760792255	0
4	184	120.215721533956	0
4	192	122.008733824238	0
4	198	124.776245474198	0
4	204	128.758179825981	0
4	210	132.956890330004	0
4	216	141.091832033782	0
4	222	146.083254887126	0
4	228	149.835557287689	0
4	234	150.519439108447	0
4	240	154.458665510408	0
4	244	154.986167741252	0
4	250	161.051985029007	0
4	258	166.70803171072	0
4	262	167.925427946285	0
4	270	171.74851868331	0
4	276	179.930699587957	0
4	282	182.231555200873	0
4	286	182.332141892497	0
4	294	185.11189970319	0
4	300	187.326164940932	0
4	306	192.802107207817	0
4	312	194.527121034143	0
4	318	194.909841673474	0
4	324	206.716634339332	0
4	328	209.893578399137	0
4	336	212.907542189409	0
4	342	214.023587187992	0
4	348	218.948826143652	0
4	352	222.522620849203	0
4	360	225.813663816329	0
4	366	228.646551996462	0
4	370	229.313843354109	0
4	374	229.602011351869	0
4	378	232.085165599275	0
4	384	233.442709809114	0
4	392	234.030219488247	0
4	402	238.350093553006	0
4	408	240.73375846848	0
4	412	244.798286915021	0
4	416	244.909997882944	0
4	424	246.889688879082	0
4	428	246.97089255768	0
4	434	248.098505699547	0
4	438	248.418951375303	0
4	450	251.586221900531	0
4	454	252.280906048344	0
4	462	261.330750028114	0
4	468	273.195514617539	0
4	474	274.153952016651	0
4	478	275.227442383407	0
4	486	286.520835278804	0
4	490	287.128858498752	0
4	496	291.386772816929	0
4	504	298.446283323253	0
4	510	302.644758842233	0
4	516	306.089427845304	0
4	522	308.402244168299	0
4	528	319.356373593816	0
4	534	320.598718091249	0
4	540	326.687828504286	0
4	546	329.018676996258	0
4	552	338.058614337759	0
4	558	341.43475515144	0
4	562	343.81599111722	0
4	570	350.418301236007	0
4	574	352.720557324603	0
4	580	353.063673485502	0
4	584	353.547874875154	0
4	590	356.629284337694	0
4	600	361.387311369486	0
4	606	369.440909929335	0
4	610	371.224101217141	0
4	614	373.359563880595	0
4	618	374.508606638004	0
4	628	381.028899113969	0
4	632	381.347321157687	0
4	636	381.759503650546	0
4	646	382.892112619711	0
4	654	384.12362479839	0
4	660	385.029972540924	0
4	666	392.74483235616	0
4	672	394.362981972231	0
4	676	398.061775896288	0
4	680	398.345342179844	0
4	684	398.475050648833	0
4	690	399.581541168896	0
4	696	402.579574373733	0
4	706	407.559604847292	0
4	712	411.557704083891	0
4	718	412.932684869203	0
4	722	413.025028624492	0
4	726	413.340356395611	0
4	736	420.214048542126	0
4	744	428.428740101652	0
4	750	433.474964894652	0
4	754	434.958438280772	0
4	758	435.667659179159	0
4	764	439.704702502448	0
4	772	445.592302206637	0
4	780	462.993203838181	0
4	786	467.663685696034	0
4	792	472.62452340195	0
4	798	477.185785693349	0
4	804	486.00991934624	0
4	810	493.554969683978	0
4	814	495.966262857857	0
4	822	498.68151483703	0
4	826	500.249531145424	0
4	834	504.032910558249	0
4	838	504.804441461225	0
4	842	504.972461564337	0
4	852	510.901040673421	0
4	856	511.822990163327	0
4	862	513.971331600243	0
4	870	524.120952272572	0
4	874	524.621940247329	0
4	880	525.577958341434	0
4	886	529.653608003007	0
4	894	538.151820318322	0
4	900	540.265230136976	0
4	904	542.808500070512	0
4	910	550.078838633926	0
4	918	554.923655915238	0
4	924	558.320435167782	0
4	928	558.473368302406	0
4	936	562.912954621867	0
4	940	563.907303127724	0
4	948	569.76505137147	0
4	952	572.867075969575	0
4	958	573.361144986923	0
4	964	574.898952643834	0
4	968	577.195844358373	0
4	978	592.097630408517	0
4	982	592.264459853908	0
4	990	608.735278567662	0
4	996	616.58967332213	0
4	1000	616.671534266179	0
4	1006	623.388822778967	0
4	1014	628.298282581808	0
4	1020	632.892826770522	0
4	1024	633.53799384067	0
4	1030	637.003197978888	0
4	1034	637.379065469405	0
4	1044	644.483616464531	0
4	1050	653.283636405576	0
4	1056	658.789350233816	0
4	1062	668.997876905084	0
4	1068	670.793656832777	0
4	1074	672.56783273517	0
4	1080	675.427736599567	0
4	1086	678.274506590543	0
4	1092	679.803582981161	0
4	1096	680.221710926733	0
4	1102	684.188148608312	0
4	1106	684.58980018304	0
4	1116	693.563906792831	0
4	1122	698.747999616306	0
4	1126	701.628714792224	0
4	1134	706.1752609076	0
4	1140	709.207506830538	0
4	1146	716.672109528438	0
4	1150	716.843073887214	0
4	1158	728.163710090698	0
4	1164	735.041662088341	0
4	1170	735.698765457704	0
4	1174	739.829017240509	0
4	1182	746.492535938348	0
4	1188	759.454754446278	0
4	1192	762.001176034217	0
4	1200	768.630825053086	0
4	1204	768.715188359623	0
4	1208	769.881718063059	0
4	1218	771.652737574331	0
4	1222	775.764878628983	0
4	1228	780.5883448385	0
4	1236	783.728308576091	0
4	1242	794.47275477932	0
4	1248	797.739051945853	0
4	1252	807.183233341599	0
4	1258	808.526311505364	0
4	1262	808.617230756734	0
4	1270	809.603808205486	0
4	1278	811.008761704194	0
4	1282	811.036820044987	0
4	1290	814.61953174387	0
4	1294	820.613119265963	0
4	1298	822.379112052653	0
4	1306	829.324719798344	0
4	1312	832.226117071334	0
4	1316	832.394479686299	0
4	1320	832.772809098567	0
4	1332	840.36383048957	0
4	1338	842.033344143378	0
4	1344	847.175994665066	0
4	1348	851.091402415538	0
4	1354	853.555317478214	0
4	1360	855.325795741713	0
4	1366	855.992258208118	0
4	1372	856.772232630014	0
4	1380	865.8205431122	0
4	1386	866.526388922305	0
4	1390	872.469222209259	0
4	1398	876.029210325494	0
4	1402	876.940354081014	0
4	1408	880.095024245297	0
4	1416	883.765195085821	0
4	1422	891.412438248917	0
4	1428	897.974349547358	0
4	1434	912.959304738821	0
4	1440	917.499709211556	0
4	1446	921.378939852705	0
4	1450	926.078086409956	0
4	1458	931.201931150686	0
4	1464	933.9820402413	0
4	1470	937.29307334155	0
4	1476	943.555352960496	0
4	1480	947.859799525924	0
4	1486	950.789961950549	0
4	1490	951.060058426687	0
4	1496	951.461354225455	0
4	1500	951.468982440114	0
4	1510	954.219094305945	0
4	1518	962.259416359504	0
4	1524	967.611393950792	0
4	1530	969.108360276316	0
4	1534	969.119245034801	0
4	1538	969.285560019319	0
4	1548	975.202711539671	0
4	1554	978.292501546224	0
4	1558	980.831213912041	0
4	1564	981.668602701028	0
4	1572	992.358106104467	0
4	1576	992.785862427557	0
4	1582	995.338330278204	0
4	1588	997.8584497353	0
5	174	108.717276995597	2
5	175	109.549570063745	1
5	177	110.102431149318	0
5	182	116.863760792255	1
5	186	120.215721533956	2
5	187	120.381758032343	1
5	189	121.668931273277	0
5	194	122.008733824238	1
5	195	123.865316565679	0
5	200	124.776245474198	1
5	201	128.150113298015	0
5	206	128.758179825981	1
5	207	129.027069835102	0
5	212	132.956890330004	1
5	213	133.756674836794	0
5	218	141.091832033782	1
5	219	143.309147040297	0
5	224	146.083254887126	1
5	225	146.298118886456	0
5	230	149.835557287689	1
5	231	150.119269743918	0
5	236	150.519439108447	1
5	237	150.782550600653	0
5	242	154.458665510408	1
5	246	154.986167741252	2
5	247	155.628033846098	1
5	252	161.051985029007	2
5	253	162.240270048676	1
5	255	166.403180637688	0
5	260	166.70803171072	1
5	264	167.925427946285	2
5	265	169.825842013866	1
5	267	170.867878152349	0
5	272	171.74851868331	1
5	273	177.808062777396	0
5	278	179.930699587957	1
5	279	180.913246194449	0
5	284	182.231555200873	1
5	288	182.332141892497	2
5	289	182.487039883121	1
5	291	182.816916945504	0
5	296	185.11189970319	1
5	297	187.160109639709	0
5	302	187.326164940932	1
5	303	188.412140384012	0
5	308	192.802107207817	1
5	309	193.87971393871	0
5	314	194.527121034143	1
5	315	194.549364037514	0
5	320	194.909841673474	1
5	321	197.508512701356	0
5	326	206.716634339332	1
5	330	209.893578399137	2
5	331	210.517564517773	1
5	333	211.462594320038	0
5	338	212.907542189409	1
5	339	213.441207499366	0
5	344	214.023587187992	1
5	345	214.731919026922	0
5	350	218.948826143652	1
5	354	222.522620849203	2
5	355	223.231713460123	1
5	357	223.851131970809	0
5	362	225.813663816329	1
5	363	227.282085133027	0
5	368	228.646551996462	1
5	372	229.313843354109	2
5	376	229.602011351869	3
5	380	232.085165599275	4
5	381	232.852891189813	3
5	386	233.442709809114	4
5	387	233.604848910522	3
5	389	233.756395549187	2
5	394	234.030219488247	3
5	395	235.07730445042	2
5	397	235.37592491264	1
5	399	236.449676538883	0
5	404	238.350093553006	1
5	405	240.229268665085	0
5	410	240.73375846848	1
5	414	244.798286915021	2
5	418	244.909997882944	3
5	419	245.14078517208	2
5	421	246.6659113978	1
5	426	246.889688879082	2
5	430	246.97089255768	3
5	431	248.049585009951	2
5	436	248.098505699547	3
5	440	248.418951375303	4
5	441	248.607071422475	3
5	443	250.005564164256	2
5	445	251.346800252948	1
5	447	251.414002773246	0
5	452	251.586221900531	1
5	456	252.280906048344	2
5	457	253.589670738982	1
5	459	253.758087209996	0
5	464	261.330750028114	1
5	465	261.460203726625	0
5	470	273.195514617539	1
5	471	273.308377382966	0
5	476	274.153952016651	1
5	480	275.227442383407	2
5	481	275.823646130031	1
5	483	278.699834833045	0
5	488	286.520835278804	1
5	492	287.128858498752	2
5	493	288.067852835292	1
5	498	291.386772816929	2
5	499	292.36724758158	1
5	501	293.12108024015	0
5	506	298.446283323253	1
5	507	300.792322108959	0
5	512	302.644758842233	1
5	513	302.691005013364	0
5	518	306.089427845304	1
5	519	307.787277574719	0
5	524	308.402244168299	1
5	525	310.273812732069	0
5	530	319.356373593816	1
5	531	320.507827268836	0
5	536	320.598718091249	1
5	537	323.492262983541	0
5	542	326.687828504286	1
5	543	327.475832127767	0
5	548	329.018676996258	1
5	549	329.512290239074	0
5	554	338.058614337759	1
5	555	339.468165568085	0
5	560	341.43475515144	1
5	564	343.81599111722	2
5	565	344.446729199899	1
5	567	345.155123953692	0
5	572	350.418301236007	1
5	576	352.720557324603	2
5	577	352.82718886407	1
5	582	353.063673485502	2
5	586	353.547874875154	3
5	587	356.503570106338	2
5	592	356.629284337694	3
5	593	357.29386922769	2
5	595	360.590934978517	1
5	597	361.057837939772	0
5	602	361.387311369486	1
5	603	362.703271421108	0
5	608	369.440909929335	1
5	612	371.224101217141	2
5	616	373.359563880595	3
5	620	374.508606638004	4
5	621	375.756387182013	3
5	623	377.130350275861	2
5	625	378.345291053213	1
5	630	381.028899113969	2
5	634	381.347321157687	3
5	638	381.759503650546	4
5	639	382.007777128824	3
5	641	382.322646175749	2
5	643	382.564463540545	1
5	648	382.892112619711	2
5	649	382.978932027633	1
5	651	383.935886808587	0
5	656	384.12362479839	1
5	657	384.313695997153	0
5	662	385.029972540924	1
5	663	386.134234916199	0
5	668	392.74483235616	1
5	669	393.287465566344	0
5	674	394.362981972231	1
5	678	398.061775896288	2
5	682	398.345342179844	3
5	686	398.475050648833	4
5	687	399.40553870297	3
5	692	399.581541168896	4
5	693	401.448656757371	3
5	698	402.579574373733	4
5	699	404.478773183045	3
5	701	404.749186474959	2
5	703	405.502808874101	1
5	708	407.559604847292	2
5	709	408.414911211135	1
5	714	411.557704083891	2
5	715	412.671365082141	1
5	720	412.932684869203	2
5	724	413.025028624492	3
5	728	413.340356395611	4
5	729	413.840585866734	3
5	731	414.850005942754	2
5	733	415.075027036606	1
5	738	420.214048542126	2
5	739	420.387183280219	1
5	741	422.819502197399	0
5	746	428.428740101652	1
5	747	429.553923323023	0
5	752	433.474964894652	1
5	756	434.958438280772	2
5	760	435.667659179159	3
5	761	436.150144333048	2
5	766	439.704702502448	3
5	767	440.642952309026	2
5	769	443.63377794912	1
5	774	445.592302206637	2
5	775	446.70050729399	1
5	777	447.425170066966	0
5	782	462.993203838181	1
5	783	463.122204423571	0
5	788	467.663685696034	1
5	789	468.172134878521	0
5	794	472.62452340195	1
5	795	473.356109509312	0
5	800	477.185785693349	1
5	801	482.355427014478	0
5	806	486.00991934624	1
5	807	486.116144083932	0
5	812	493.554969683978	1
5	816	495.966262857857	2
5	817	497.254812822472	1
5	819	497.957926910868	0
5	824	498.68151483703	1
5	828	500.249531145424	2
5	829	501.05914586841	1
5	831	501.7510427266	0
5	836	504.032910558249	1
5	840	504.804441461225	2
5	844	504.972461564337	3
5	845	505.753002656825	2
5	847	509.385184755776	1
5	849	510.726757188919	0
5	854	510.901040673421	1
5	858	511.822990163327	2
5	859	512.670458278416	1
5	864	513.971331600243	2
5	865	514.120898737395	1
5	867	518.598456618904	0
5	872	524.120952272572	1
5	876	524.621940247329	2
5	877	524.783491957095	1
5	882	525.577958341434	2
5	883	528.738143861686	1
5	888	529.653608003007	2
5	889	529.655020117411	1
5	891	535.747777052547	0
5	896	538.151820318322	1
5	897	538.611056900656	0
5	902	540.265230136976	1
5	906	542.808500070512	2
5	907	543.659158836705	1
5	912	550.078838633926	2
5	913	551.421017464751	1
5	915	554.090581032382	0
5	920	554.923655915238	1
5	921	557.263908115368	0
5	926	558.320435167782	1
5	930	558.473368302406	2
5	931	558.677547572732	1
5	933	560.204908692367	0
5	938	562.912954621867	1
5	942	563.907303127724	2
5	943	564.351030853653	1
5	945	566.717698153579	0
5	950	569.76505137147	1
5	954	572.867075969575	2
5	955	573.005064655926	1
5	960	573.361144986923	2
5	961	573.767703528526	1
5	966	574.898952643834	2
5	970	577.195844358373	3
5	971	578.647568136411	2
5	973	579.068688121977	1
5	975	579.64839522305	0
5	980	592.097630408517	1
5	984	592.264459853908	2
5	985	597.029647997782	1
5	987	600.830552215224	0
5	992	608.735278567662	1
5	993	609.657895754061	0
5	998	616.58967332213	1
5	1002	616.671534266179	2
5	1003	618.062471758983	1
5	1008	623.388822778967	2
5	1009	623.683942116085	1
5	1011	624.190259429961	0
5	1016	628.298282581808	1
5	1017	628.934143588278	0
5	1022	632.892826770522	1
5	1026	633.53799384067	2
5	1027	633.787662466895	1
5	1032	637.003197978888	2
5	1036	637.379065469405	3
5	1037	637.482790101245	2
5	1039	639.042729340933	1
5	1041	640.967968379618	0
5	1046	644.483616464531	1
5	1047	646.682434616101	0
5	1052	653.283636405576	1
5	1053	654.436074792611	0
5	1058	658.789350233816	1
5	1059	659.211710974625	0
5	1064	668.997876905084	1
5	1065	669.75171011311	0
5	1070	670.793656832777	1
5	1071	671.677201763843	0
5	1076	672.56783273517	1
5	1077	672.649521053089	0
5	1082	675.427736599567	1
5	1083	677.472324433117	0
5	1088	678.274506590543	1
5	1089	678.957089592701	0
5	1094	679.803582981161	1
5	1098	680.221710926733	2
5	1099	682.773505612345	1
5	1104	684.188148608312	2
5	1108	684.58980018304	3
5	1109	685.456806949179	2
5	1111	688.172859458332	1
5	1113	691.176196968388	0
5	1118	693.563906792831	1
5	1119	694.102019361089	0
5	1124	698.747999616306	1
5	1128	701.628714792224	2
5	1129	702.625862137617	1
5	1131	703.336500924071	0
5	1136	706.1752609076	1
5	1137	708.260776191763	0
5	1142	709.207506830538	1
5	1143	711.598375666213	0
5	1148	716.672109528438	1
5	1152	716.843073887214	2
5	1153	717.284832646222	1
5	1155	717.387350495099	0
5	1160	728.163710090698	1
5	1161	728.325280366361	0
5	1166	735.041662088341	1
5	1167	735.403416179293	0
5	1172	735.698765457704	1
5	1176	739.829017240509	2
5	1177	740.271827914738	1
5	1179	745.461548602942	0
5	1184	746.492535938348	1
5	1185	748.485743831821	0
5	1190	759.454754446278	1
5	1194	762.001176034217	2
5	1195	762.032318750152	1
5	1197	762.603208383768	0
5	1202	768.630825053086	1
5	1206	768.715188359623	2
5	1210	769.881718063059	3
5	1211	770.005291635384	2
5	1213	770.373190975422	1
5	1215	771.150379695985	0
5	1220	771.652737574331	1
5	1224	775.764878628983	2
5	1225	778.867420888585	1
5	1230	780.5883448385	2
5	1231	780.929567936655	1
5	1233	782.137867458645	0
5	1238	783.728308576091	1
5	1239	785.087882314565	0
5	1244	794.47275477932	1
5	1245	795.967840361014	0
5	1250	797.739051945853	1
5	1254	807.183233341599	2
5	1255	808.117086685388	1
5	1260	808.526311505364	2
5	1264	808.617230756734	3
5	1265	808.883655798371	2
5	1267	808.939542081875	1
5	1272	809.603808205486	2
5	1273	809.953797480032	1
5	1275	810.861886721265	0
5	1280	811.008761704194	1
5	1284	811.036820044987	2
5	1285	812.682708010131	1
5	1287	813.255064939608	0
5	1292	814.61953174387	1
5	1296	820.613119265963	2
5	1300	822.379112052653	3
5	1301	822.660909366648	2
5	1303	825.662233554801	1
5	1308	829.324719798344	2
5	1309	829.368709955771	1
5	1314	832.226117071334	2
5	1318	832.394479686299	3
5	1322	832.772809098567	4
5	1323	834.585798196701	3
5	1325	834.764696053424	2
5	1327	839.150778155909	1
5	1329	839.596026873298	0
5	1334	840.36383048957	1
5	1335	840.796527327402	0
5	1340	842.033344143378	1
5	1341	843.12388331739	0
5	1346	847.175994665066	1
5	1350	851.091402415538	2
5	1351	852.402464814018	1
5	1356	853.555317478214	2
5	1357	854.133941164494	1
5	1362	855.325795741713	2
5	1363	855.657891425812	1
5	1368	855.992258208118	2
5	1369	856.356467966302	1
5	1374	856.772232630014	2
5	1375	858.215719613525	1
5	1377	859.764722514094	0
5	1382	865.8205431122	1
5	1383	866.173782427589	0
5	1388	866.526388922305	1
5	1392	872.469222209259	2
5	1393	872.660980295181	1
5	1395	875.344498691827	0
5	1400	876.029210325494	1
5	1404	876.940354081014	2
5	1405	877.948843320719	1
5	1410	880.095024245297	2
5	1411	881.03492597089	1
5	1413	881.536523687441	0
5	1418	883.765195085821	1
5	1419	890.57187066484	0
5	1424	891.412438248917	1
5	1425	892.044692131597	0
5	1430	897.974349547358	1
5	1431	911.096105595502	0
5	1436	912.959304738821	1
5	1437	913.686488739988	0
5	1442	917.499709211556	1
5	1443	917.579180281833	0
5	1448	921.378939852705	1
5	1452	926.078086409956	2
5	1453	927.275650845553	1
5	1455	930.496175383298	0
5	1460	931.201931150686	1
5	1461	932.346561941574	0
5	1466	933.9820402413	1
5	1467	937.03460195444	0
5	1472	937.29307334155	1
5	1473	937.300768180898	0
5	1478	943.555352960496	1
5	1482	947.859799525924	2
5	1483	948.653872205758	1
5	1488	950.789961950549	2
5	1492	951.060058426687	3
5	1493	951.100680248706	2
5	1498	951.461354225455	3
5	1502	951.468982440114	4
5	1503	951.988095179116	3
5	1505	952.314286881958	2
5	1507	953.198236578627	1
5	1512	954.219094305945	2
5	1513	954.504260788211	1
5	1515	958.193958634029	0
5	1520	962.259416359504	1
5	1521	963.735506157896	0
5	1526	967.611393950792	1
5	1527	968.716174700272	0
5	1532	969.108360276316	1
5	1536	969.119245034801	2
5	1540	969.285560019319	3
5	1541	971.436582980402	2
5	1543	972.99097104756	1
5	1545	974.330165526382	0
5	1550	975.202711539671	1
5	1551	975.331170585427	0
5	1556	978.292501546224	1
5	1560	980.831213912041	2
5	1561	981.475295228926	1
5	1566	981.668602701028	2
5	1567	983.065368970618	1
5	1569	985.140184871592	0
5	1574	992.358106104467	1
5	1578	992.785862427557	2
5	1579	995.190655350628	1
5	1584	995.338330278204	2
5	1585	997.03448066552	1
5	1590	997.8584497353	2
5	1591	998.226205803995	1

