version 3
run General-38-20221103-10:28:22-6760
attr configname General
attr datetime 20221103-10:28:22
attr datetimef 20221103-102822
attr experiment General
attr inifile block.ini
attr iterationvars "$0=4, $1=20"
attr iterationvarsd 4/20
attr iterationvarsf 4,20-
attr measurement "$0=4, $1=20"
attr network Block
attr processid 6760
attr repetition 3
attr replication #3
attr resultdir results
attr runnumber 38
attr seedset 38
config network Block
config repeat 5
config sim-time-limit 1000s
config warmup-period 100s
config **.alloca.resourceModuleName "\"risorse\""
config **.dealloca.resourceModuleName "\"risorse\""
config **.is.delay exponential(3s)
config **.servente.serviceTime exponential(4s)
config **.dealloca.resourceAmount 2
config **.alloca.resourceAmount 2
config **.risorse.amount 6
config **.sorgente.numJobs (20)
config **.result-recording-modes all

vector 0 Block.servente queueLength:vector ETV
attr interpolationmode sample-hold
attr recordingmode vector
attr title "queue length"
vector 1 Block.servente queueingTime:vector ETV
attr interpolationmode none
attr recordingmode vector
attr title "queueing time at dequeue"
attr unit s
vector 2 Block.alloca queueLength:vector ETV
attr interpolationmode sample-hold
attr recordingmode vector
attr title "queue length"
vector 3 Block.alloca queueingTime:vector ETV
attr interpolationmode none
attr recordingmode vector
attr title "queueing time at dequeue"
attr unit s
vector 4 Block.risorse amount:vector ETV
attr interpolationmode sample-hold
attr recordingmode vector
attr title "available resource"
vector 5 Block.is delayedJobs:vector ETV
attr interpolationmode sample-hold
attr recordingmode vector
attr title "number of delayed jobs"
0	251	109.632319873051	1
0	253	109.632319873051	2
0	257	118.938543021215	1
0	259	118.938543021215	2
0	261	119.599840353703	1
0	263	119.599840353703	2
0	267	123.346123502168	1
0	269	123.346123502168	2
0	273	123.771323084425	1
0	275	123.771323084425	2
0	281	128.72694164189	1
0	283	128.72694164189	2
0	285	136.846282374334	1
0	287	136.846282374334	2
0	291	138.965232795737	1
0	293	138.965232795737	2
0	297	141.615837898312	1
0	299	141.615837898312	2
0	301	142.535172621634	1
0	303	142.535172621634	2
0	311	151.562291038851	1
0	313	151.562291038851	2
0	315	151.944694649146	1
0	317	151.944694649146	2
0	323	158.573061285006	1
0	325	158.573061285006	2
0	329	162.641830406273	1
0	331	162.641830406273	2
0	333	163.131209632992	1
0	335	163.131209632992	2
0	339	163.773601030881	1
0	341	163.773601030881	2
0	345	165.864913962843	1
0	347	165.864913962843	2
0	353	168.013389026918	1
0	355	168.013389026918	2
0	359	174.684555752819	1
0	361	174.684555752819	2
0	365	178.056178791	1
0	367	178.056178791	2
0	371	187.364544609294	1
0	373	187.364544609294	2
0	377	192.616396052611	1
0	379	192.616396052611	2
0	383	207.368879891868	1
0	385	207.368879891868	2
0	389	216.633672315594	1
0	391	216.633672315594	2
0	393	216.63955492275	1
0	395	216.63955492275	2
0	397	218.360360343335	1
0	399	218.360360343335	2
0	401	218.708939803664	1
0	403	218.708939803664	2
0	413	222.98627644256	1
0	415	222.98627644256	2
0	419	232.455873488611	1
0	421	232.455873488611	2
0	425	236.396459399415	1
0	427	236.396459399415	2
0	429	236.977988109884	1
0	431	236.977988109884	2
0	437	248.888888835051	1
0	439	248.888888835051	2
0	441	250.596744303527	1
0	443	250.596744303527	2
0	447	251.312776403374	1
0	449	251.312776403374	2
0	455	266.586937834855	1
0	457	266.586937834855	2
0	459	267.496915882351	1
0	461	267.496915882351	2
0	465	272.538699972154	1
0	467	272.538699972154	2
0	469	276.542562148984	1
0	471	276.542562148984	2
0	473	276.820775179594	1
0	475	276.820775179594	2
0	483	279.367490762962	1
0	485	279.367490762962	2
0	489	279.69887700933	1
0	491	279.69887700933	2
0	495	279.824069386463	1
0	497	279.824069386463	2
0	501	280.453712085775	1
0	503	280.453712085775	2
0	505	281.782613894887	1
0	507	281.782613894887	2
0	509	283.378115865767	1
0	511	283.378115865767	2
0	521	287.904782525597	1
0	523	287.904782525597	2
0	527	291.000146982377	1
0	529	291.000146982377	2
0	531	292.52357119274	1
0	533	292.52357119274	2
0	539	296.728594908294	1
0	541	296.728594908294	2
0	543	301.619346879817	1
0	545	301.619346879817	2
0	547	302.126487318586	1
0	549	302.126487318586	2
0	555	304.160173609037	1
0	557	304.160173609037	2
0	563	309.851063843767	1
0	565	309.851063843767	2
0	567	314.489299394387	1
0	569	314.489299394387	2
0	575	320.933543709019	1
0	577	320.933543709019	2
0	579	322.22279455162	1
0	581	322.22279455162	2
0	587	328.80040663511	1
0	589	328.80040663511	2
0	591	329.086893949485	1
0	593	329.086893949485	2
0	599	343.308044120366	1
0	601	343.308044120366	2
0	603	344.314933224744	1
0	605	344.314933224744	2
0	609	348.84564307406	1
0	611	348.84564307406	2
0	617	350.234418152459	1
0	619	350.234418152459	2
0	623	351.761829287548	1
0	625	351.761829287548	2
0	627	352.027762042189	1
0	629	352.027762042189	2
0	635	359.192257348734	1
0	637	359.192257348734	2
0	641	364.896554287722	1
0	643	364.896554287722	2
0	647	369.039350138417	1
0	649	369.039350138417	2
0	653	376.402683613984	1
0	655	376.402683613984	2
0	657	376.92721537945	1
0	659	376.92721537945	2
0	663	389.273363630125	1
0	665	389.273363630125	2
0	671	399.536748973004	1
0	673	399.536748973004	2
0	677	403.672733594777	1
0	679	403.672733594777	2
0	681	406.378205353054	1
0	683	406.378205353054	2
0	689	407.462859309347	1
0	691	407.462859309347	2
0	693	415.076075042396	1
0	695	415.076075042396	2
0	701	421.765213117672	1
0	703	421.765213117672	2
0	707	427.906253217324	1
0	709	427.906253217324	2
0	713	437.521866185955	1
0	715	437.521866185955	2
0	719	448.668113891607	1
0	721	448.668113891607	2
0	723	454.170113338582	1
0	725	454.170113338582	2
0	729	459.162381588762	1
0	731	459.162381588762	2
0	733	460.000153898043	1
0	735	460.000153898043	2
0	743	465.359652593803	1
0	745	465.359652593803	2
0	747	466.951424584301	1
0	749	466.951424584301	2
0	751	468.998887270726	1
0	753	468.998887270726	2
0	761	473.796297121274	1
0	763	473.796297121274	2
0	767	477.523059661008	1
0	769	477.523059661008	2
0	771	478.570736254695	1
0	773	478.570736254695	2
0	777	480.232279883786	1
0	779	480.232279883786	2
0	781	481.29805049042	1
0	783	481.29805049042	2
0	787	481.95090745962	1
0	789	481.95090745962	2
0	793	482.662721130458	1
0	795	482.662721130458	2
0	801	488.88870555959	1
0	803	488.88870555959	2
0	807	498.071977367363	1
0	809	498.071977367363	2
0	815	508.663884833127	1
0	817	508.663884833127	2
0	821	513.965728385254	1
0	823	513.965728385254	2
0	825	514.880179462867	1
0	827	514.880179462867	2
0	833	525.446025393236	1
0	835	525.446025393236	2
0	839	530.651969305724	1
0	841	530.651969305724	2
0	843	533.422367482911	1
0	845	533.422367482911	2
0	847	533.680969297906	1
0	849	533.680969297906	2
0	857	537.212037087567	1
0	859	537.212037087567	2
0	861	538.98968863113	1
0	863	538.98968863113	2
0	867	544.448644999517	1
0	869	544.448644999517	2
0	871	544.833326897451	1
0	873	544.833326897451	2
0	875	545.569615037617	1
0	877	545.569615037617	2
0	879	546.494109629238	1
0	881	546.494109629238	2
0	893	553.742362129829	1
0	895	553.742362129829	2
0	899	554.680810755843	1
0	901	554.680810755843	2
0	905	560.05585828899	1
0	907	560.05585828899	2
0	911	567.309274410364	1
0	913	567.309274410364	2
0	917	581.573552457442	1
0	919	581.573552457442	2
0	923	584.733658674547	1
0	925	584.733658674547	2
0	929	590.074254599143	1
0	931	590.074254599143	2
0	935	595.572213198823	1
0	937	595.572213198823	2
0	941	598.477769295704	1
0	943	598.477769295704	2
0	947	605.709662021105	1
0	949	605.709662021105	2
0	953	610.366819160943	1
0	955	610.366819160943	2
0	957	610.816397840359	1
0	959	610.816397840359	2
0	963	616.550713502821	1
0	965	616.550713502821	2
0	971	618.975574828409	1
0	973	618.975574828409	2
0	977	626.343864572182	1
0	979	626.343864572182	2
0	981	626.431195730632	1
0	983	626.431195730632	2
0	985	626.851167786946	1
0	987	626.851167786946	2
0	993	628.267243125001	1
0	995	628.267243125001	2
0	999	629.943470360419	1
0	1001	629.943470360419	2
0	1005	632.370625841726	1
0	1007	632.370625841726	2
0	1013	635.94244967165	1
0	1015	635.94244967165	2
0	1019	637.891392184626	1
0	1021	637.891392184626	2
0	1025	656.84098562237	1
0	1027	656.84098562237	2
0	1029	659.51382480463	1
0	1031	659.51382480463	2
0	1037	660.818069856211	1
0	1039	660.818069856211	2
0	1041	663.231180843514	1
0	1043	663.231180843514	2
0	1049	663.85778497764	1
0	1051	663.85778497764	2
0	1053	668.454259852946	1
0	1055	668.454259852946	2
0	1061	673.935109692107	1
0	1063	673.935109692107	2
0	1067	676.324170490578	1
0	1069	676.324170490578	2
0	1071	676.815975348479	1
0	1073	676.815975348479	2
0	1077	679.754977428078	1
0	1079	679.754977428078	2
0	1085	686.419872424235	1
0	1087	686.419872424235	2
0	1091	693.039809709072	1
0	1093	693.039809709072	2
0	1097	693.765214657757	1
0	1099	693.765214657757	2
0	1103	698.02006655945	1
0	1105	698.02006655945	2
0	1109	710.412670176207	1
0	1111	710.412670176207	2
0	1113	716.969548102846	1
0	1115	716.969548102846	2
0	1119	720.796138638391	1
0	1121	720.796138638391	2
0	1127	721.151386822022	1
0	1129	721.151386822022	2
0	1133	723.040699841441	1
0	1135	723.040699841441	2
0	1139	732.809461538729	1
0	1141	732.809461538729	2
0	1145	737.193453520261	1
0	1147	737.193453520261	2
0	1151	755.164236001394	1
0	1153	755.164236001394	2
0	1157	764.895709302608	1
0	1159	764.895709302608	2
0	1161	765.423746342465	1
0	1163	765.423746342465	2
0	1165	766.048530781956	1
0	1167	766.048530781956	2
0	1169	766.26693591133	1
0	1171	766.26693591133	2
0	1179	774.70894650514	1
0	1181	774.70894650514	2
0	1187	775.501292955414	1
0	1189	775.501292955414	2
0	1191	776.174522633931	1
0	1193	776.174522633931	2
0	1195	776.859583169311	1
0	1197	776.859583169311	2
0	1203	779.021473506812	1
0	1205	779.021473506812	2
0	1209	785.256043894702	1
0	1211	785.256043894702	2
0	1217	789.673198708457	1
0	1219	789.673198708457	2
0	1223	795.339623133485	1
0	1225	795.339623133485	2
0	1227	799.124716706681	1
0	1229	799.124716706681	2
0	1233	799.800407954203	1
0	1235	799.800407954203	2
0	1239	801.980927297432	1
0	1241	801.980927297432	2
0	1247	815.9489654747	1
0	1249	815.9489654747	2
0	1251	816.569877679133	1
0	1253	816.569877679133	2
0	1257	818.096207369396	1
0	1259	818.096207369396	2
0	1265	822.370663420364	1
0	1267	822.370663420364	2
0	1271	838.317766094747	1
0	1273	838.317766094747	2
0	1277	841.730885222009	1
0	1279	841.730885222009	2
0	1283	851.845987914239	1
0	1285	851.845987914239	2
0	1287	852.91018248302	1
0	1289	852.91018248302	2
0	1295	855.26792681894	1
0	1297	855.26792681894	2
0	1299	858.450799521001	1
0	1301	858.450799521001	2
0	1305	863.885460719419	1
0	1307	863.885460719419	2
0	1309	866.609662037535	1
0	1311	866.609662037535	2
0	1319	876.408883358301	1
0	1321	876.408883358301	2
0	1323	876.442919313818	1
0	1325	876.442919313818	2
0	1329	881.544605536185	1
0	1331	881.544605536185	2
0	1333	884.681639384504	1
0	1335	884.681639384504	2
0	1343	895.675726945783	1
0	1345	895.675726945783	2
0	1349	904.298659333211	1
0	1351	904.298659333211	2
0	1353	904.732151743125	1
0	1355	904.732151743125	2
0	1359	905.735715926902	1
0	1361	905.735715926902	2
0	1367	909.559922982824	1
0	1369	909.559922982824	2
0	1373	915.522044817508	1
0	1375	915.522044817508	2
0	1377	916.635886384869	1
0	1379	916.635886384869	2
0	1381	916.804569478651	1
0	1383	916.804569478651	2
0	1385	916.887976483105	1
0	1387	916.887976483105	2
0	1395	922.31764909713	1
0	1397	922.31764909713	2
0	1401	922.983375604438	1
0	1403	922.983375604438	2
0	1409	940.822834213803	1
0	1411	940.822834213803	2
0	1415	946.416733461891	1
0	1417	946.416733461891	2
0	1419	948.403244465956	1
0	1421	948.403244465956	2
0	1423	948.646449422381	1
0	1425	948.646449422381	2
0	1427	950.006219792421	1
0	1429	950.006219792421	2
0	1437	953.555115689698	1
0	1439	953.555115689698	2
0	1445	961.172809428939	1
0	1447	961.172809428939	2
0	1451	970.395180834537	1
0	1453	970.395180834537	2
0	1455	971.215930630536	1
0	1457	971.215930630536	2
0	1459	974.894150162113	1
0	1461	974.894150162113	2
0	1467	978.260334345579	1
0	1469	978.260334345579	2
0	1475	983.554698999067	1
0	1477	983.554698999067	2
0	1481	985.398635851186	1
0	1483	985.398635851186	2
0	1487	990.900680225831	1
0	1489	990.900680225831	2
0	1493	993.798816681201	1
0	1495	993.798816681201	2
0	1497	995.727449106107	1
0	1499	995.727449106107	2
0	1503	997.796465366793	1
0	1505	997.796465366793	2
0	1509	999.675542010342	1
0	1511	999.675542010342	2
1	251	109.632319873051	21.032790374392
1	257	118.938543021215	29.977689680829
1	261	119.599840353703	9.967520480652
1	267	123.346123502168	4.407580480953
1	273	123.771323084425	4.171482730722
1	281	128.72694164189	5.380818139722
1	285	136.846282374334	13.074959289909
1	291	138.965232795737	10.238291153847
1	297	141.615837898312	4.769555523978
1	301	142.535172621634	3.569939825897
1	311	151.562291038851	9.946453140539
1	315	151.944694649146	9.409522027512
1	323	158.573061285006	7.010770246155
1	329	162.641830406273	10.697135757127
1	333	163.131209632992	4.558148347986
1	339	163.773601030881	1.131770624608
1	345	165.864913962843	2.733704329851
1	353	168.013389026918	4.239787996037
1	359	174.684555752819	8.819641789976
1	365	178.056178791	10.042789764082
1	371	187.364544609294	12.679988856475
1	377	192.616396052611	14.560217261611
1	383	207.368879891868	20.004335282574
1	389	216.633672315594	24.017276262983
1	393	216.63955492275	9.270675030882
1	397	218.360360343335	1.726688027741
1	401	218.708939803664	2.069384880914
1	413	222.98627644256	4.625916099225
1	419	232.455873488611	13.746933684947
1	425	236.396459399415	13.410182956855
1	429	236.977988109884	4.522114621273
1	437	248.888888835051	12.492429435636
1	441	250.596744303527	13.618756193643
1	447	251.312776403374	2.423887568323
1	455	266.586937834855	15.990193531328
1	459	267.496915882351	16.184139478977
1	465	272.538699972154	5.951762137299
1	469	276.542562148984	9.045646266633
1	473	276.820775179594	4.28207520744
1	483	279.367490762962	2.824928613978
1	489	279.69887700933	2.878101829736
1	495	279.824069386463	0.456578623501
1	501	280.453712085775	0.754835076445
1	505	281.782613894887	1.958544508424
1	509	283.378115865767	2.924403779992
1	521	287.904782525597	6.12216863071
1	527	291.000146982377	7.62203111661
1	531	292.52357119274	4.618788667143
1	539	296.728594908294	5.728447925917
1	543	301.619346879817	9.095775687077
1	547	302.126487318586	5.397892410292
1	555	304.160173609037	2.54082672922
1	563	309.851063843767	7.724576525181
1	567	314.489299394387	10.32912578535
1	575	320.933543709019	11.082479865252
1	579	322.22279455162	7.733495157233
1	587	328.80040663511	7.866862926091
1	591	329.086893949485	6.864099397865
1	599	343.308044120366	14.507637485256
1	603	344.314933224744	15.228039275259
1	609	348.84564307406	5.537598953694
1	617	350.234418152459	5.919484927715
1	623	351.761829287548	2.916186213488
1	627	352.027762042189	1.79334388973
1	635	359.192257348734	7.430428061186
1	641	364.896554287722	12.868792245533
1	647	369.039350138417	9.847092789683
1	653	376.402683613984	11.506129326262
1	657	376.92721537945	7.887865241033
1	663	389.273363630125	12.870680016141
1	671	399.536748973004	22.609533593554
1	677	403.672733594777	14.399369964652
1	681	406.378205353054	6.84145638005
1	689	407.462859309347	3.79012571457
1	693	415.076075042396	8.697869689342
1	701	421.765213117672	14.302353808325
1	707	427.906253217324	12.830178174928
1	713	437.521866185955	15.756653068283
1	719	448.668113891607	20.761860674283
1	723	454.170113338582	16.648247152627
1	729	459.162381588762	10.494267697155
1	733	460.000153898043	5.830040559461
1	743	465.359652593803	6.197271005041
1	747	466.951424584301	6.951270686258
1	751	468.998887270726	3.639234676923
1	761	473.796297121274	6.844872536973
1	767	477.523059661008	8.524172390282
1	771	478.570736254695	4.774439133421
1	777	480.232279883786	2.709220222778
1	781	481.29805049042	2.727314235725
1	787	481.95090745962	1.718627575834
1	793	482.662721130458	1.364670640038
1	801	488.88870555959	6.93779809997
1	807	498.071977367363	15.409256236905
1	815	508.663884833127	19.775179273537
1	821	513.965728385254	15.893751017891
1	825	514.880179462867	6.21629462974
1	833	525.446025393236	11.480297007982
1	839	530.651969305724	15.771789842857
1	843	533.422367482911	7.976342089675
1	847	533.680969297906	3.028999992182
1	857	537.212037087567	3.789669604656
1	861	538.98968863113	5.308719333224
1	867	544.448644999517	7.23660791195
1	871	544.833326897451	5.843638266321
1	875	545.569615037617	1.1209700381
1	879	546.494109629238	1.660782731787
1	893	553.742362129829	8.172747092212
1	899	554.680810755843	8.186701126605
1	905	560.05585828899	6.313496159161
1	911	567.309274410364	12.628463654521
1	917	581.573552457442	21.517694168452
1	923	584.733658674547	17.424384264183
1	929	590.074254599143	8.500702141701
1	935	595.572213198823	10.838554524276
1	941	598.477769295704	8.403514696561
1	947	605.709662021105	10.137448822282
1	953	610.366819160943	11.889049865239
1	957	610.816397840359	5.106735819254
1	963	616.550713502821	6.183894341878
1	971	618.975574828409	8.15917698805
1	977	626.343864572182	9.793151069361
1	981	626.431195730632	7.455620902223
1	985	626.851167786946	0.507303214764
1	993	628.267243125001	1.836047394369
1	999	629.943470360419	3.092302573473
1	1005	632.370625841726	4.103382716725
1	1013	635.94244967165	5.998979311231
1	1019	637.891392184626	5.5207663429
1	1025	656.84098562237	20.89853595072
1	1029	659.51382480463	21.622432620004
1	1037	660.818069856211	3.977084233841
1	1041	663.231180843514	3.717356038884
1	1049	663.85778497764	3.039715121429
1	1053	668.454259852946	5.223079009432
1	1061	673.935109692107	10.077324714467
1	1067	676.324170490578	7.869910637632
1	1071	676.815975348479	2.880865656372
1	1077	679.754977428078	3.4308069375
1	1085	686.419872424235	9.603897075756
1	1091	693.039809709072	13.284832280994
1	1097	693.765214657757	7.345342233522
1	1103	698.02006655945	4.980256850378
1	1109	710.412670176207	16.64745551845
1	1113	716.969548102846	18.949481543396
1	1119	720.796138638391	10.383468462184
1	1127	721.151386822022	4.181838719176
1	1133	723.040699841441	2.24456120305
1	1139	732.809461538729	11.658074716707
1	1145	737.193453520261	14.15275367882
1	1151	755.164236001394	22.354774462665
1	1157	764.895709302608	27.702255782347
1	1161	765.423746342465	10.259510341071
1	1165	766.048530781956	1.152821479348
1	1169	766.26693591133	0.843189568865
1	1179	774.70894650514	8.660415723184
1	1187	775.501292955414	9.234357044084
1	1191	776.174522633931	1.465576128791
1	1195	776.859583169311	1.358290213897
1	1203	779.021473506812	2.846950872881
1	1209	785.256043894702	8.396460725391
1	1217	789.673198708457	10.651725201645
1	1223	795.339623133485	10.083579238783
1	1227	799.124716706681	9.451517998224
1	1233	799.800407954203	4.460784820718
1	1239	801.980927297432	2.856210590751
1	1247	815.9489654747	16.148557520497
1	1251	816.569877679133	14.588950381701
1	1257	818.096207369396	2.147241894696
1	1265	822.370663420364	5.800785741231
1	1271	838.317766094747	20.221558725351
1	1277	841.730885222009	19.360221801645
1	1283	851.845987914239	13.528221819492
1	1287	852.91018248302	11.179297261011
1	1295	855.26792681894	3.421938904701
1	1299	858.450799521001	5.540617037981
1	1305	863.885460719419	8.617533900479
1	1309	866.609662037535	8.158862516534
1	1319	876.408883358301	12.523422638882
1	1323	876.442919313818	9.833257276283
1	1329	881.544605536185	5.135722177884
1	1333	884.681639384504	8.238720070686
1	1343	895.675726945783	14.131121409598
1	1349	904.298659333211	19.617019948707
1	1353	904.732151743125	9.056424797342
1	1359	905.735715926902	1.437056593691
1	1367	909.559922982824	4.827771239699
1	1373	915.522044817508	9.786328890606
1	1377	916.635886384869	7.075963402045
1	1381	916.804569478651	1.282524661143
1	1385	916.887976483105	0.252090098236
1	1395	922.31764909713	5.513079618479
1	1401	922.983375604438	6.095399121333
1	1409	940.822834213803	18.505185116673
1	1415	946.416733461891	23.433357857453
1	1419	948.403244465956	7.580410252153
1	1423	948.646449422381	2.22971596049
1	1427	950.006219792421	1.602975326465
1	1437	953.555115689698	4.908666267317
1	1445	961.172809428939	11.166589636518
1	1451	970.395180834537	16.840065144839
1	1455	971.215930630536	10.043121201597
1	1459	974.894150162113	4.498969327576
1	1467	978.260334345579	7.044403715043
1	1475	983.554698999067	8.660548836954
1	1481	985.398635851186	7.138301505607
1	1487	990.900680225831	7.345981226764
1	1493	993.798816681201	8.400180830015
1	1497	995.727449106107	4.826768880276
1	1503	997.796465366793	3.997648685592
1	1509	999.675542010342	3.948092904235
2	252	109.632319873051	16
2	256	110.040442291399	17
2	258	118.938543021215	16
2	262	119.599840353703	15
2	266	120.337076747358	16
2	268	123.346123502168	15
2	272	123.630460174618	16
2	274	123.771323084425	15
2	278	123.950011329091	16
2	280	124.158807097396	17
2	282	128.72694164189	16
2	286	136.846282374334	15
2	290	138.020932935704	16
2	292	138.965232795737	15
2	296	140.506427530641	16
2	298	141.615837898312	15
2	302	142.535172621634	14
2	306	143.211315676786	15
2	308	143.570343094932	16
2	310	144.157505460162	17
2	312	151.562291038851	16
2	316	151.944694649146	15
2	320	152.610167342417	16
2	322	154.473169927388	17
2	324	158.573061285006	16
2	328	159.927364337742	17
2	330	162.641830406273	16
2	334	163.131209632992	15
2	338	163.505155782863	16
2	340	163.773601030881	15
2	344	164.880716964866	16
2	346	165.864913962843	15
2	350	166.531997651863	16
2	352	167.063918785928	17
2	354	168.013389026918	16
2	358	171.148451461328	17
2	360	174.684555752819	16
2	364	176.30466856367	17
2	366	178.056178791	16
2	370	179.086761181344	17
2	372	187.364544609294	16
2	376	190.871590205086	17
2	378	192.616396052611	16
2	382	200.187585166915	17
2	384	207.368879891868	16
2	388	209.966460630296	17
2	390	216.633672315594	16
2	394	216.63955492275	15
2	398	218.360360343335	14
2	402	218.708939803664	13
2	406	219.738019293254	14
2	408	219.961044548436	15
2	410	220.197975768983	16
2	412	221.619007619441	17
2	414	222.98627644256	16
2	418	226.900935028132	17
2	420	232.455873488611	16
2	424	235.48783134826	17
2	426	236.396459399415	16
2	430	236.977988109884	15
2	434	237.060571934188	16
2	436	238.234308083079	17
2	438	248.888888835051	16
2	442	250.596744303527	15
2	446	251.13033531379	16
2	448	251.312776403374	15
2	452	252.421351623419	16
2	454	254.39256385934	17
2	456	266.586937834855	16
2	460	267.496915882351	15
2	464	268.942531362832	16
2	466	272.538699972154	15
2	470	276.542562148984	14
2	474	276.820775179594	13
2	478	277.191066708647	14
2	480	277.78522852626	15
2	482	278.437711309101	16
2	484	279.367490762962	15
2	488	279.411916695254	16
2	490	279.69887700933	15
2	494	279.798560607458	16
2	496	279.824069386463	15
2	500	279.884229167176	16
2	502	280.453712085775	15
2	506	281.782613894887	14
2	510	283.378115865767	13
2	514	283.47484228767	14
2	516	283.960225137267	15
2	518	284.437571038803	16
2	520	284.461354948795	17
2	522	287.904782525597	16
2	526	290.252804478882	17
2	528	291.000146982377	16
2	532	292.52357119274	15
2	536	293.862988410304	16
2	538	296.684034268631	17
2	540	296.728594908294	16
2	544	301.619346879817	15
2	548	302.126487318586	14
2	552	302.880843981671	15
2	554	302.930332539096	16
2	556	304.160173609037	15
2	560	307.31410376468	16
2	562	307.415240910818	17
2	564	309.851063843767	16
2	568	314.489299394387	15
2	572	317.879041024386	16
2	574	318.814803233585	17
2	576	320.933543709019	16
2	580	322.22279455162	15
2	584	323.074218834793	16
2	586	323.083154565223	17
2	588	328.80040663511	16
2	592	329.086893949485	15
2	596	329.278491626952	16
2	598	330.657878498173	17
2	600	343.308044120366	16
2	604	344.314933224744	15
2	608	345.123619830539	16
2	610	348.84564307406	15
2	614	349.555386832639	16
2	616	350.007694973146	17
2	618	350.234418152459	16
2	622	351.55529560533	17
2	624	351.761829287548	16
2	628	352.027762042189	15
2	632	353.967716441723	16
2	634	354.66409777571	17
2	636	359.192257348734	16
2	640	362.034526682231	17
2	642	364.896554287722	16
2	646	365.946624312595	17
2	648	369.039350138417	16
2	652	369.366323082716	17
2	654	376.402683613984	16
2	658	376.92721537945	15
2	662	377.040261434284	16
2	664	389.273363630125	15
2	668	391.485197895227	16
2	670	397.040880457918	17
2	672	399.536748973004	16
2	676	400.723535389681	17
2	678	403.672733594777	16
2	682	406.378205353054	15
2	686	406.863444291718	16
2	688	406.867816745356	17
2	690	407.462859309347	16
2	694	415.076075042396	15
2	698	415.35395293753	16
2	700	416.733162089788	17
2	702	421.765213117672	16
2	706	426.787122715391	17
2	708	427.906253217324	16
2	712	430.154629388068	17
2	714	437.521866185955	16
2	718	439.67413534466	17
2	720	448.668113891607	16
2	724	454.170113338582	15
2	728	455.914700169452	16
2	730	459.162381588762	15
2	734	460.000153898043	14
2	738	460.947426240778	15
2	740	460.989450782401	16
2	742	464.359642095355	17
2	744	465.359652593803	16
2	748	466.951424584301	15
2	752	468.998887270726	14
2	756	470.123229689882	15
2	758	473.473997251748	16
2	760	473.666844187629	17
2	762	473.796297121274	16
2	766	473.928240945693	17
2	768	477.523059661008	16
2	772	478.570736254695	15
2	776	479.521518150794	16
2	778	480.232279883786	15
2	782	481.29805049042	14
2	786	481.346254195794	15
2	788	481.95090745962	14
2	792	482.13611770694	15
2	794	482.662721130458	14
2	798	484.357004970297	15
2	800	484.741392671037	16
2	802	488.88870555959	15
2	806	492.684676137642	16
2	808	498.071977367363	15
2	812	501.703399940152	16
2	814	501.716586815508	17
2	816	508.663884833127	16
2	820	509.741804618341	17
2	822	513.965728385254	16
2	826	514.880179462867	15
2	830	515.049793923419	16
2	832	518.612532782625	17
2	834	525.446025393236	16
2	838	528.742393864286	17
2	840	530.651969305724	16
2	844	533.422367482911	15
2	848	533.680969297906	14
2	852	534.563485973928	15
2	854	535.306211470272	16
2	856	535.427387289821	17
2	858	537.212037087567	16
2	862	538.98968863113	15
2	866	541.903015161576	16
2	868	544.448644999517	15
2	872	544.833326897451	14
2	876	545.569615037617	13
2	880	546.494109629238	12
2	884	546.743561904132	13
2	886	546.87719382513	14
2	888	547.149289722382	15
2	890	547.220080237083	16
2	892	548.239352914688	17
2	894	553.742362129829	16
2	898	553.955205451727	17
2	900	554.680810755843	16
2	904	555.758216816092	17
2	906	560.05585828899	16
2	910	561.194205355327	17
2	912	567.309274410364	16
2	916	570.222237892187	17
2	918	581.573552457442	16
2	922	582.391924632586	17
2	924	584.733658674547	16
2	928	585.735632185511	17
2	930	590.074254599143	16
2	934	592.698878743933	17
2	936	595.572213198823	16
2	940	597.234181857146	17
2	942	598.477769295704	16
2	946	604.190083754792	17
2	948	605.709662021105	16
2	952	606.684998220187	17
2	954	610.366819160943	16
2	958	610.816397840359	15
2	962	614.572513496278	16
2	964	616.550713502821	15
2	968	617.304365995319	16
2	970	617.611262426752	17
2	972	618.975574828409	16
2	976	623.8410972559	17
2	978	626.343864572182	16
2	982	626.431195730632	15
2	986	626.851167786946	14
2	990	627.135945193671	15
2	992	628.231308141675	16
2	994	628.267243125001	15
2	998	628.499288386583	16
2	1000	629.943470360419	15
2	1004	630.183775131312	16
2	1006	632.370625841726	15
2	1010	632.386843734331	16
2	1012	635.632420605292	17
2	1014	635.94244967165	16
2	1018	637.707791156541	17
2	1020	637.891392184626	16
2	1024	638.534794293774	17
2	1026	656.84098562237	16
2	1030	659.51382480463	15
2	1034	660.158246814481	16
2	1036	660.308389833221	17
2	1038	660.818069856211	16
2	1042	663.231180843514	15
2	1046	663.53080924039	16
2	1048	663.59659537617	17
2	1050	663.85778497764	16
2	1054	668.454259852946	15
2	1058	668.473379879094	16
2	1060	670.734134608812	17
2	1062	673.935109692107	16
2	1066	676.14832587558	17
2	1068	676.324170490578	16
2	1072	676.815975348479	15
2	1076	678.030222422411	16
2	1078	679.754977428078	15
2	1082	681.22707452429	16
2	1084	682.682443391252	17
2	1086	686.419872424235	16
2	1090	687.719339011525	17
2	1092	693.039809709072	16
2	1096	693.673218143818	17
2	1098	693.765214657757	16
2	1102	694.394401048899	17
2	1104	698.02006655945	16
2	1108	699.538304077523	17
2	1110	710.412670176207	16
2	1114	716.969548102846	15
2	1118	717.053746133511	16
2	1120	720.796138638391	15
2	1124	720.811405254942	16
2	1126	721.014847712606	17
2	1128	721.151386822022	16
2	1132	721.793398289975	17
2	1134	723.040699841441	16
2	1138	725.472856243695	17
2	1140	732.809461538729	16
2	1144	736.019727527938	17
2	1146	737.193453520261	16
2	1150	737.343466020515	17
2	1152	755.164236001394	16
2	1156	755.702983145178	17
2	1158	764.895709302608	16
2	1162	765.423746342465	15
2	1166	766.048530781956	14
2	1170	766.26693591133	13
2	1174	767.880488936035	14
2	1176	768.1383039781	15
2	1178	771.83552051004	16
2	1180	774.70894650514	15
2	1184	775.104318889461	16
2	1186	775.462537957578	17
2	1188	775.501292955414	16
2	1192	776.174522633931	15
2	1196	776.859583169311	14
2	1200	776.868489531347	15
2	1202	778.795913781117	16
2	1204	779.021473506812	15
2	1208	781.819572141384	16
2	1210	785.256043894702	15
2	1214	786.123893940529	16
2	1216	786.140530503817	17
2	1218	789.673198708457	16
2	1222	790.973281723673	17
2	1224	795.339623133485	16
2	1228	799.124716706681	15
2	1232	799.388314193356	16
2	1234	799.800407954203	15
2	1238	800.229954337386	16
2	1240	801.980927297432	15
2	1244	803.747210022764	16
2	1246	810.024443598366	17
2	1248	815.9489654747	16
2	1252	816.569877679133	15
2	1256	816.645669299179	16
2	1258	818.096207369396	15
2	1262	818.751900694485	16
2	1264	819.748291077748	17
2	1266	822.370663420364	16
2	1270	831.95089041693	17
2	1272	838.317766094747	16
2	1276	839.194208097043	17
2	1278	841.730885222009	16
2	1282	843.50374697017	17
2	1284	851.845987914239	16
2	1288	852.91018248302	15
2	1292	853.586248397102	16
2	1294	854.752483442095	17
2	1296	855.26792681894	16
2	1300	858.450799521001	15
2	1304	858.670510520992	16
2	1306	863.885460719419	15
2	1310	866.609662037535	14
2	1314	866.720088314926	15
2	1316	867.854606931288	16
2	1318	869.59842908332	17
2	1320	876.408883358301	16
2	1324	876.442919313818	15
2	1328	880.812703529757	16
2	1330	881.544605536185	15
2	1334	884.681639384504	14
2	1338	885.362021367785	15
2	1340	888.587897424417	16
2	1342	890.495372000982	17
2	1344	895.675726945783	16
2	1348	904.271016375897	17
2	1350	904.298659333211	16
2	1354	904.732151743125	15
2	1358	905.14391647009	16
2	1360	905.735715926902	15
2	1364	907.004337624864	16
2	1366	908.140809316169	17
2	1368	909.559922982824	16
2	1372	910.440394092907	17
2	1374	915.522044817508	16
2	1378	916.635886384869	15
2	1382	916.804569478651	14
2	1386	916.887976483105	13
2	1390	917.896280819122	14
2	1392	918.245321746904	15
2	1394	921.321821006173	16
2	1396	922.31764909713	15
2	1400	922.820343029855	16
2	1402	922.983375604438	15
2	1406	923.950904943605	16
2	1408	930.873276044266	17
2	1410	940.822834213803	16
2	1414	940.915348419501	17
2	1416	946.416733461891	16
2	1420	948.403244465956	15
2	1424	948.646449422381	14
2	1428	950.006219792421	13
2	1432	950.701755397869	14
2	1434	951.112460737378	15
2	1436	952.65749784375	16
2	1438	953.555115689698	15
2	1442	955.795537935836	16
2	1444	959.571264565245	17
2	1446	961.172809428939	16
2	1450	965.933554730895	17
2	1452	970.395180834537	16
2	1456	971.215930630536	15
2	1460	974.894150162113	14
2	1464	975.306086258606	15
2	1466	975.365510191476	16
2	1468	978.260334345579	15
2	1472	978.49201880232	16
2	1474	978.544911403599	17
2	1476	983.554698999067	16
2	1480	983.584998115295	17
2	1482	985.398635851186	16
2	1486	985.695945982047	17
2	1488	990.900680225831	16
2	1492	991.990589669499	17
2	1494	993.798816681201	16
2	1498	995.727449106107	15
2	1502	996.902478294245	16
2	1504	997.796465366793	15
2	1508	998.067627468214	16
2	1510	999.675542010342	15
3	252	109.632319873051	60.221926464271
3	258	118.938543021215	64.156127778185
3	262	119.599840353703	59.59062943741
3	268	123.346123502168	59.636514102552
3	274	123.771323084425	59.861240018882
3	282	128.72694164189	64.382647728137
3	286	136.846282374334	66.791566821634
3	292	138.965232795737	68.060617540485
3	298	141.615837898312	70.101358906077
3	302	142.535172621634	70.100045143762
3	312	151.562291038851	78.058198334544
3	316	151.944694649146	78.105088302003
3	324	158.573061285006	83.841250266078
3	330	162.641830406273	85.638529158473
3	334	163.131209632992	77.911494924856
3	340	163.773601030881	73.41832176574
3	346	165.864913962843	74.167169193505
3	354	168.013389026918	57.972946735519
3	360	174.684555752819	54.347479005461
3	366	178.056178791	54.425718616382
3	372	187.364544609294	63.414533280203
3	378	192.616396052611	68.457588955215
3	384	207.368879891868	69.347946956164
3	390	216.633672315594	76.127244784953
3	394	216.63955492275	73.428239245964
3	398	218.360360343335	74.790017248403
3	402	218.708939803664	74.551434343502
3	414	222.98627644256	70.376109100143
3	420	232.455873488611	77.982703561223
3	426	236.396459399415	76.469095061673
3	430	236.977988109884	73.472832327021
3	438	248.888888835051	84.008171870185
3	442	250.596744303527	84.064746651664
3	448	251.312776403374	84.248857617446
3	456	266.586937834855	95.438486373527
3	460	267.496915882351	91.192247318681
3	466	272.538699972154	93.45193879081
3	470	276.542562148984	85.670971943898
3	474	276.820775179594	76.633190012679
3	484	279.367490762962	69.401030132666
3	490	279.69887700933	59.960857716076
3	496	279.824069386463	59.863024838027
3	502	280.453712085775	60.255736316792
3	506	281.782613894887	60.163606275446
3	510	283.378115865767	56.477180837635
3	522	287.904782525597	52.416951177337
3	528	291.000146982377	53.939575048189
3	532	292.52357119274	54.289263109661
3	540	296.728594908294	45.598259594504
3	544	301.619346879817	49.197995256398
3	548	302.126487318586	47.733923459246
3	556	304.160173609037	35.217642246205
3	564	309.851063843767	32.65999713512
3	568	314.489299394387	36.704070868127
3	576	320.933543709019	42.495832399918
3	580	322.22279455162	42.810877856366
3	588	328.80040663511	49.001846027652
3	592	329.086893949485	49.202664782309
3	600	343.308044120366	59.833201832696
3	604	344.314933224744	60.354708087477
3	610	348.84564307406	64.408072035257
3	618	350.234418152459	65.773063203664
3	624	351.761829287548	61.509024808666
3	628	352.027762042189	58.164773631885
3	636	359.192257348734	62.508223080103
3	642	364.896554287722	62.015710306051
3	648	369.039350138417	66.109017599321
3	654	376.402683613984	69.088579849304
3	658	376.92721537945	69.511974468632
3	664	389.273363630125	71.394322605739
3	672	399.536748973004	80.721945739419
3	678	403.672733594777	80.598514759984
3	682	406.378205353054	83.295050787831
3	690	407.462859309347	78.184367682395
3	694	415.076075042396	84.418196544223
3	702	421.765213117672	76.641593287133
3	708	427.906253217324	78.350866384685
3	714	437.521866185955	87.514171212809
3	720	448.668113891607	97.112818286277
3	724	454.170113338582	100.20239689686
3	730	459.162381588762	104.49828381305
3	734	460.000153898043	97.965627215812
3	744	465.359652593803	99.413028281208
3	748	466.951424584301	97.585101501585
3	752	468.998887270726	91.958625836442
3	762	473.796297121274	82.311099226047
3	768	477.523059661008	80.48217920309
3	772	478.570736254695	77.847200865014
3	778	480.232279883786	73.368835592068
3	782	481.29805049042	74.430233745064
3	788	481.95090745962	66.59695452209
3	794	482.662721130458	65.92955904067
3	802	488.88870555959	62.101582844199
3	808	498.071977367363	67.917347979295
3	816	508.663884833127	68.989749488467
3	822	513.965728385254	58.051028215802
3	826	514.880179462867	53.932753222089
3	834	525.446025393236	64.456574610835
3	840	530.651969305724	66.292327210369
3	844	533.422367482911	63.299137793029
3	848	533.680969297906	60.206972046158
3	858	537.212037087567	63.545192899938
3	862	538.98968863113	65.061447685437
3	868	544.448644999517	64.927126848723
3	872	544.833326897451	63.487072701657
3	876	545.569615037617	63.433497330677
3	880	546.494109629238	62.137104658941
3	894	553.742362129829	69.000969458792
3	900	554.680810755843	61.996134618201
3	906	560.05585828899	58.352458348838
3	912	567.309274410364	65.592687594856
3	918	581.573552457442	71.831747839101
3	924	584.733658674547	69.683864751128
3	930	590.074254599143	71.461721816518
3	936	595.572213198823	66.829819334537
3	942	598.477769295704	63.914283321776
3	948	605.709662021105	70.403450550833
3	954	610.366819160943	74.939431871122
3	958	610.816397840359	68.913382678783
3	964	616.550713502821	69.807151598689
3	972	618.975574828409	72.098381003279
3	978	626.343864572182	79.1945748498
3	982	626.431195730632	79.211115493549
3	986	626.851167786946	78.611814872258
3	994	628.267243125001	74.312037673274
3	1000	629.943470360419	74.185253544327
3	1006	632.370625841726	71.176420486399
3	1014	635.94244967165	65.720211779463
3	1020	637.891392184626	55.49946755204
3	1026	656.84098562237	71.105353436859
3	1030	659.51382480463	66.814946060697
3	1038	660.818069856211	63.583887999065
3	1042	663.231180843514	59.041097088722
3	1050	663.85778497764	57.172786757453
3	1054	668.454259852946	53.881746356668
3	1062	673.935109692107	56.630743696788
3	1068	676.324170490578	58.712908063826
3	1072	676.815975348479	52.974878092579
3	1078	679.754977428078	52.619032234407
3	1086	686.419872424235	58.18856428256
3	1092	693.039809709072	64.540521322489
3	1098	693.765214657757	63.581439526445
3	1104	698.02006655945	65.633222825119
3	1110	710.412670176207	74.780249570915
3	1114	716.969548102846	79.261756946305
3	1120	720.796138638391	82.261344344617
3	1128	721.151386822022	60.993140007541
3	1134	723.040699841441	62.73231000822
3	1140	732.809461538729	69.278652298339
3	1146	737.193453520261	73.596858144091
3	1152	755.164236001394	86.6908561223
3	1158	764.895709302608	94.161574693796
3	1162	765.423746342465	89.275420466885
3	1166	766.048530781956	88.018308359545
3	1170	766.26693591133	85.03986138704
3	1180	774.70894650514	92.026503113888
3	1188	775.501292955414	87.781953943889
3	1192	776.174522633931	82.501304490113
3	1196	776.859583169311	82.465182120412
3	1204	779.021473506812	79.483169429289
3	1210	785.256043894702	68.202297761191
3	1218	789.673198708457	68.861793453515
3	1224	795.339623133485	74.324775420879
3	1228	799.124716706681	77.331318416706
3	1234	799.800407954203	74.327551710508
3	1240	801.980927297432	65.961199769494
3	1248	815.9489654747	78.605499454185
3	1252	816.569877679133	60.866894533955
3	1258	818.096207369396	50.215718433361
3	1266	822.370663420364	54.232359442264
3	1272	838.317766094747	66.482245584707
3	1278	841.730885222009	66.626566332548
3	1284	851.845987914239	76.383449956661
3	1288	852.91018248302	76.041692951673
3	1296	855.26792681894	76.472013037823
3	1300	858.450799521001	76.631227379617
3	1306	863.885460719419	77.76156677889
3	1310	866.609662037535	80.469131533718
3	1320	876.408883358301	85.435601634628
3	1324	876.442919313818	77.054605120462
3	1330	881.544605536185	81.314651198799
3	1334	884.681639384504	80.93442936174
3	1344	895.675726945783	85.651283347417
3	1350	904.298659333211	87.652990034032
3	1354	904.732151743125	85.98025104864
3	1360	905.735715926902	85.987424849154
3	1368	909.559922982824	77.609032565894
3	1374	915.522044817508	76.327836720465
3	1378	916.635886384869	73.132139414699
3	1382	916.804569478651	63.218321081549
3	1386	916.887976483105	62.13549304101
3	1396	922.31764909713	63.647138576138
3	1402	922.983375604438	56.263287289512
3	1410	940.822834213803	72.968227282515
3	1416	946.416733461891	76.818304378571
3	1420	948.403244465956	67.590540936199
3	1424	948.646449422381	63.284428054596
3	1428	950.006219792421	61.418322368004
3	1438	953.555115689698	63.059743688716
3	1446	961.172809428939	56.901793053042
3	1452	970.395180834537	65.251264364447
3	1456	971.215930630536	64.211593005672
3	1460	974.894150162113	66.753340845944
3	1468	978.260334345579	67.819940252672
3	1476	983.554698999067	65.658418179945
3	1482	985.398635851186	67.153314104282
3	1488	990.900680225831	69.578859219658
3	1494	993.798816681201	70.978473651346
3	1498	995.727449106107	71.776544162502
3	1504	997.796465366793	66.923189322527
3	1510	999.675542010342	58.760193590841
4	252	109.632319873051	0
4	258	118.938543021215	0
4	262	119.599840353703	0
4	268	123.346123502168	0
4	274	123.771323084425	0
4	282	128.72694164189	0
4	286	136.846282374334	0
4	292	138.965232795737	0
4	298	141.615837898312	0
4	302	142.535172621634	0
4	312	151.562291038851	0
4	316	151.944694649146	0
4	324	158.573061285006	0
4	330	162.641830406273	0
4	334	163.131209632992	0
4	340	163.773601030881	0
4	346	165.864913962843	0
4	354	168.013389026918	0
4	360	174.684555752819	0
4	366	178.056178791	0
4	372	187.364544609294	0
4	378	192.616396052611	0
4	384	207.368879891868	0
4	390	216.633672315594	0
4	394	216.63955492275	0
4	398	218.360360343335	0
4	402	218.708939803664	0
4	414	222.98627644256	0
4	420	232.455873488611	0
4	426	236.396459399415	0
4	430	236.977988109884	0
4	438	248.888888835051	0
4	442	250.596744303527	0
4	448	251.312776403374	0
4	456	266.586937834855	0
4	460	267.496915882351	0
4	466	272.538699972154	0
4	470	276.542562148984	0
4	474	276.820775179594	0
4	484	279.367490762962	0
4	490	279.69887700933	0
4	496	279.824069386463	0
4	502	280.453712085775	0
4	506	281.782613894887	0
4	510	283.378115865767	0
4	522	287.904782525597	0
4	528	291.000146982377	0
4	532	292.52357119274	0
4	540	296.728594908294	0
4	544	301.619346879817	0
4	548	302.126487318586	0
4	556	304.160173609037	0
4	564	309.851063843767	0
4	568	314.489299394387	0
4	576	320.933543709019	0
4	580	322.22279455162	0
4	588	328.80040663511	0
4	592	329.086893949485	0
4	600	343.308044120366	0
4	604	344.314933224744	0
4	610	348.84564307406	0
4	618	350.234418152459	0
4	624	351.761829287548	0
4	628	352.027762042189	0
4	636	359.192257348734	0
4	642	364.896554287722	0
4	648	369.039350138417	0
4	654	376.402683613984	0
4	658	376.92721537945	0
4	664	389.273363630125	0
4	672	399.536748973004	0
4	678	403.672733594777	0
4	682	406.378205353054	0
4	690	407.462859309347	0
4	694	415.076075042396	0
4	702	421.765213117672	0
4	708	427.906253217324	0
4	714	437.521866185955	0
4	720	448.668113891607	0
4	724	454.170113338582	0
4	730	459.162381588762	0
4	734	460.000153898043	0
4	744	465.359652593803	0
4	748	466.951424584301	0
4	752	468.998887270726	0
4	762	473.796297121274	0
4	768	477.523059661008	0
4	772	478.570736254695	0
4	778	480.232279883786	0
4	782	481.29805049042	0
4	788	481.95090745962	0
4	794	482.662721130458	0
4	802	488.88870555959	0
4	808	498.071977367363	0
4	816	508.663884833127	0
4	822	513.965728385254	0
4	826	514.880179462867	0
4	834	525.446025393236	0
4	840	530.651969305724	0
4	844	533.422367482911	0
4	848	533.680969297906	0
4	858	537.212037087567	0
4	862	538.98968863113	0
4	868	544.448644999517	0
4	872	544.833326897451	0
4	876	545.569615037617	0
4	880	546.494109629238	0
4	894	553.742362129829	0
4	900	554.680810755843	0
4	906	560.05585828899	0
4	912	567.309274410364	0
4	918	581.573552457442	0
4	924	584.733658674547	0
4	930	590.074254599143	0
4	936	595.572213198823	0
4	942	598.477769295704	0
4	948	605.709662021105	0
4	954	610.366819160943	0
4	958	610.816397840359	0
4	964	616.550713502821	0
4	972	618.975574828409	0
4	978	626.343864572182	0
4	982	626.431195730632	0
4	986	626.851167786946	0
4	994	628.267243125001	0
4	1000	629.943470360419	0
4	1006	632.370625841726	0
4	1014	635.94244967165	0
4	1020	637.891392184626	0
4	1026	656.84098562237	0
4	1030	659.51382480463	0
4	1038	660.818069856211	0
4	1042	663.231180843514	0
4	1050	663.85778497764	0
4	1054	668.454259852946	0
4	1062	673.935109692107	0
4	1068	676.324170490578	0
4	1072	676.815975348479	0
4	1078	679.754977428078	0
4	1086	686.419872424235	0
4	1092	693.039809709072	0
4	1098	693.765214657757	0
4	1104	698.02006655945	0
4	1110	710.412670176207	0
4	1114	716.969548102846	0
4	1120	720.796138638391	0
4	1128	721.151386822022	0
4	1134	723.040699841441	0
4	1140	732.809461538729	0
4	1146	737.193453520261	0
4	1152	755.164236001394	0
4	1158	764.895709302608	0
4	1162	765.423746342465	0
4	1166	766.048530781956	0
4	1170	766.26693591133	0
4	1180	774.70894650514	0
4	1188	775.501292955414	0
4	1192	776.174522633931	0
4	1196	776.859583169311	0
4	1204	779.021473506812	0
4	1210	785.256043894702	0
4	1218	789.673198708457	0
4	1224	795.339623133485	0
4	1228	799.124716706681	0
4	1234	799.800407954203	0
4	1240	801.980927297432	0
4	1248	815.9489654747	0
4	1252	816.569877679133	0
4	1258	818.096207369396	0
4	1266	822.370663420364	0
4	1272	838.317766094747	0
4	1278	841.730885222009	0
4	1284	851.845987914239	0
4	1288	852.91018248302	0
4	1296	855.26792681894	0
4	1300	858.450799521001	0
4	1306	863.885460719419	0
4	1310	866.609662037535	0
4	1320	876.408883358301	0
4	1324	876.442919313818	0
4	1330	881.544605536185	0
4	1334	884.681639384504	0
4	1344	895.675726945783	0
4	1350	904.298659333211	0
4	1354	904.732151743125	0
4	1360	905.735715926902	0
4	1368	909.559922982824	0
4	1374	915.522044817508	0
4	1378	916.635886384869	0
4	1382	916.804569478651	0
4	1386	916.887976483105	0
4	1396	922.31764909713	0
4	1402	922.983375604438	0
4	1410	940.822834213803	0
4	1416	946.416733461891	0
4	1420	948.403244465956	0
4	1424	948.646449422381	0
4	1428	950.006219792421	0
4	1438	953.555115689698	0
4	1446	961.172809428939	0
4	1452	970.395180834537	0
4	1456	971.215930630536	0
4	1460	974.894150162113	0
4	1468	978.260334345579	0
4	1476	983.554698999067	0
4	1482	985.398635851186	0
4	1488	990.900680225831	0
4	1494	993.798816681201	0
4	1498	995.727449106107	0
4	1504	997.796465366793	0
4	1510	999.675542010342	0
5	254	109.632319873051	1
5	255	110.040442291399	0
5	260	118.938543021215	1
5	264	119.599840353703	2
5	265	120.337076747358	1
5	270	123.346123502168	2
5	271	123.630460174618	1
5	276	123.771323084425	2
5	277	123.950011329091	1
5	279	124.158807097396	0
5	284	128.72694164189	1
5	288	136.846282374334	2
5	289	138.020932935704	1
5	294	138.965232795737	2
5	295	140.506427530641	1
5	300	141.615837898312	2
5	304	142.535172621634	3
5	305	143.211315676786	2
5	307	143.570343094932	1
5	309	144.157505460162	0
5	314	151.562291038851	1
5	318	151.944694649146	2
5	319	152.610167342417	1
5	321	154.473169927388	0
5	326	158.573061285006	1
5	327	159.927364337742	0
5	332	162.641830406273	1
5	336	163.131209632992	2
5	337	163.505155782863	1
5	342	163.773601030881	2
5	343	164.880716964866	1
5	348	165.864913962843	2
5	349	166.531997651863	1
5	351	167.063918785928	0
5	356	168.013389026918	1
5	357	171.148451461328	0
5	362	174.684555752819	1
5	363	176.30466856367	0
5	368	178.056178791	1
5	369	179.086761181344	0
5	374	187.364544609294	1
5	375	190.871590205086	0
5	380	192.616396052611	1
5	381	200.187585166915	0
5	386	207.368879891868	1
5	387	209.966460630296	0
5	392	216.633672315594	1
5	396	216.63955492275	2
5	400	218.360360343335	3
5	404	218.708939803664	4
5	405	219.738019293254	3
5	407	219.961044548436	2
5	409	220.197975768983	1
5	411	221.619007619441	0
5	416	222.98627644256	1
5	417	226.900935028132	0
5	422	232.455873488611	1
5	423	235.48783134826	0
5	428	236.396459399415	1
5	432	236.977988109884	2
5	433	237.060571934188	1
5	435	238.234308083079	0
5	440	248.888888835051	1
5	444	250.596744303527	2
5	445	251.13033531379	1
5	450	251.312776403374	2
5	451	252.421351623419	1
5	453	254.39256385934	0
5	458	266.586937834855	1
5	462	267.496915882351	2
5	463	268.942531362832	1
5	468	272.538699972154	2
5	472	276.542562148984	3
5	476	276.820775179594	4
5	477	277.191066708647	3
5	479	277.78522852626	2
5	481	278.437711309101	1
5	486	279.367490762962	2
5	487	279.411916695254	1
5	492	279.69887700933	2
5	493	279.798560607458	1
5	498	279.824069386463	2
5	499	279.884229167176	1
5	504	280.453712085775	2
5	508	281.782613894887	3
5	512	283.378115865767	4
5	513	283.47484228767	3
5	515	283.960225137267	2
5	517	284.437571038803	1
5	519	284.461354948795	0
5	524	287.904782525597	1
5	525	290.252804478882	0
5	530	291.000146982377	1
5	534	292.52357119274	2
5	535	293.862988410304	1
5	537	296.684034268631	0
5	542	296.728594908294	1
5	546	301.619346879817	2
5	550	302.126487318586	3
5	551	302.880843981671	2
5	553	302.930332539096	1
5	558	304.160173609037	2
5	559	307.31410376468	1
5	561	307.415240910818	0
5	566	309.851063843767	1
5	570	314.489299394387	2
5	571	317.879041024386	1
5	573	318.814803233585	0
5	578	320.933543709019	1
5	582	322.22279455162	2
5	583	323.074218834793	1
5	585	323.083154565223	0
5	590	328.80040663511	1
5	594	329.086893949485	2
5	595	329.278491626952	1
5	597	330.657878498173	0
5	602	343.308044120366	1
5	606	344.314933224744	2
5	607	345.123619830539	1
5	612	348.84564307406	2
5	613	349.555386832639	1
5	615	350.007694973146	0
5	620	350.234418152459	1
5	621	351.55529560533	0
5	626	351.761829287548	1
5	630	352.027762042189	2
5	631	353.967716441723	1
5	633	354.66409777571	0
5	638	359.192257348734	1
5	639	362.034526682231	0
5	644	364.896554287722	1
5	645	365.946624312595	0
5	650	369.039350138417	1
5	651	369.366323082716	0
5	656	376.402683613984	1
5	660	376.92721537945	2
5	661	377.040261434284	1
5	666	389.273363630125	2
5	667	391.485197895227	1
5	669	397.040880457918	0
5	674	399.536748973004	1
5	675	400.723535389681	0
5	680	403.672733594777	1
5	684	406.378205353054	2
5	685	406.863444291718	1
5	687	406.867816745356	0
5	692	407.462859309347	1
5	696	415.076075042396	2
5	697	415.35395293753	1
5	699	416.733162089788	0
5	704	421.765213117672	1
5	705	426.787122715391	0
5	710	427.906253217324	1
5	711	430.154629388068	0
5	716	437.521866185955	1
5	717	439.67413534466	0
5	722	448.668113891607	1
5	726	454.170113338582	2
5	727	455.914700169452	1
5	732	459.162381588762	2
5	736	460.000153898043	3
5	737	460.947426240778	2
5	739	460.989450782401	1
5	741	464.359642095355	0
5	746	465.359652593803	1
5	750	466.951424584301	2
5	754	468.998887270726	3
5	755	470.123229689882	2
5	757	473.473997251748	1
5	759	473.666844187629	0
5	764	473.796297121274	1
5	765	473.928240945693	0
5	770	477.523059661008	1
5	774	478.570736254695	2
5	775	479.521518150794	1
5	780	480.232279883786	2
5	784	481.29805049042	3
5	785	481.346254195794	2
5	790	481.95090745962	3
5	791	482.13611770694	2
5	796	482.662721130458	3
5	797	484.357004970297	2
5	799	484.741392671037	1
5	804	488.88870555959	2
5	805	492.684676137642	1
5	810	498.071977367363	2
5	811	501.703399940152	1
5	813	501.716586815508	0
5	818	508.663884833127	1
5	819	509.741804618341	0
5	824	513.965728385254	1
5	828	514.880179462867	2
5	829	515.049793923419	1
5	831	518.612532782625	0
5	836	525.446025393236	1
5	837	528.742393864286	0
5	842	530.651969305724	1
5	846	533.422367482911	2
5	850	533.680969297906	3
5	851	534.563485973928	2
5	853	535.306211470272	1
5	855	535.427387289821	0
5	860	537.212037087567	1
5	864	538.98968863113	2
5	865	541.903015161576	1
5	870	544.448644999517	2
5	874	544.833326897451	3
5	878	545.569615037617	4
5	882	546.494109629238	5
5	883	546.743561904132	4
5	885	546.87719382513	3
5	887	547.149289722382	2
5	889	547.220080237083	1
5	891	548.239352914688	0
5	896	553.742362129829	1
5	897	553.955205451727	0
5	902	554.680810755843	1
5	903	555.758216816092	0
5	908	560.05585828899	1
5	909	561.194205355327	0
5	914	567.309274410364	1
5	915	570.222237892187	0
5	920	581.573552457442	1
5	921	582.391924632586	0
5	926	584.733658674547	1
5	927	585.735632185511	0
5	932	590.074254599143	1
5	933	592.698878743933	0
5	938	595.572213198823	1
5	939	597.234181857146	0
5	944	598.477769295704	1
5	945	604.190083754792	0
5	950	605.709662021105	1
5	951	606.684998220187	0
5	956	610.366819160943	1
5	960	610.816397840359	2
5	961	614.572513496278	1
5	966	616.550713502821	2
5	967	617.304365995319	1
5	969	617.611262426752	0
5	974	618.975574828409	1
5	975	623.8410972559	0
5	980	626.343864572182	1
5	984	626.431195730632	2
5	988	626.851167786946	3
5	989	627.135945193671	2
5	991	628.231308141675	1
5	996	628.267243125001	2
5	997	628.499288386583	1
5	1002	629.943470360419	2
5	1003	630.183775131312	1
5	1008	632.370625841726	2
5	1009	632.386843734331	1
5	1011	635.632420605292	0
5	1016	635.94244967165	1
5	1017	637.707791156541	0
5	1022	637.891392184626	1
5	1023	638.534794293774	0
5	1028	656.84098562237	1
5	1032	659.51382480463	2
5	1033	660.158246814481	1
5	1035	660.308389833221	0
5	1040	660.818069856211	1
5	1044	663.231180843514	2
5	1045	663.53080924039	1
5	1047	663.59659537617	0
5	1052	663.85778497764	1
5	1056	668.454259852946	2
5	1057	668.473379879094	1
5	1059	670.734134608812	0
5	1064	673.935109692107	1
5	1065	676.14832587558	0
5	1070	676.324170490578	1
5	1074	676.815975348479	2
5	1075	678.030222422411	1
5	1080	679.754977428078	2
5	1081	681.22707452429	1
5	1083	682.682443391252	0
5	1088	686.419872424235	1
5	1089	687.719339011525	0
5	1094	693.039809709072	1
5	1095	693.673218143818	0
5	1100	693.765214657757	1
5	1101	694.394401048899	0
5	1106	698.02006655945	1
5	1107	699.538304077523	0
5	1112	710.412670176207	1
5	1116	716.969548102846	2
5	1117	717.053746133511	1
5	1122	720.796138638391	2
5	1123	720.811405254942	1
5	1125	721.014847712606	0
5	1130	721.151386822022	1
5	1131	721.793398289975	0
5	1136	723.040699841441	1
5	1137	725.472856243695	0
5	1142	732.809461538729	1
5	1143	736.019727527938	0
5	1148	737.193453520261	1
5	1149	737.343466020515	0
5	1154	755.164236001394	1
5	1155	755.702983145178	0
5	1160	764.895709302608	1
5	1164	765.423746342465	2
5	1168	766.048530781956	3
5	1172	766.26693591133	4
5	1173	767.880488936035	3
5	1175	768.1383039781	2
5	1177	771.83552051004	1
5	1182	774.70894650514	2
5	1183	775.104318889461	1
5	1185	775.462537957578	0
5	1190	775.501292955414	1
5	1194	776.174522633931	2
5	1198	776.859583169311	3
5	1199	776.868489531347	2
5	1201	778.795913781117	1
5	1206	779.021473506812	2
5	1207	781.819572141384	1
5	1212	785.256043894702	2
5	1213	786.123893940529	1
5	1215	786.140530503817	0
5	1220	789.673198708457	1
5	1221	790.973281723673	0
5	1226	795.339623133485	1
5	1230	799.124716706681	2
5	1231	799.388314193356	1
5	1236	799.800407954203	2
5	1237	800.229954337386	1
5	1242	801.980927297432	2
5	1243	803.747210022764	1
5	1245	810.024443598366	0
5	1250	815.9489654747	1
5	1254	816.569877679133	2
5	1255	816.645669299179	1
5	1260	818.096207369396	2
5	1261	818.751900694485	1
5	1263	819.748291077748	0
5	1268	822.370663420364	1
5	1269	831.95089041693	0
5	1274	838.317766094747	1
5	1275	839.194208097043	0
5	1280	841.730885222009	1
5	1281	843.50374697017	0
5	1286	851.845987914239	1
5	1290	852.91018248302	2
5	1291	853.586248397102	1
5	1293	854.752483442095	0
5	1298	855.26792681894	1
5	1302	858.450799521001	2
5	1303	858.670510520992	1
5	1308	863.885460719419	2
5	1312	866.609662037535	3
5	1313	866.720088314926	2
5	1315	867.854606931288	1
5	1317	869.59842908332	0
5	1322	876.408883358301	1
5	1326	876.442919313818	2
5	1327	880.812703529757	1
5	1332	881.544605536185	2
5	1336	884.681639384504	3
5	1337	885.362021367785	2
5	1339	888.587897424417	1
5	1341	890.495372000982	0
5	1346	895.675726945783	1
5	1347	904.271016375897	0
5	1352	904.298659333211	1
5	1356	904.732151743125	2
5	1357	905.14391647009	1
5	1362	905.735715926902	2
5	1363	907.004337624864	1
5	1365	908.140809316169	0
5	1370	909.559922982824	1
5	1371	910.440394092907	0
5	1376	915.522044817508	1
5	1380	916.635886384869	2
5	1384	916.804569478651	3
5	1388	916.887976483105	4
5	1389	917.896280819122	3
5	1391	918.245321746904	2
5	1393	921.321821006173	1
5	1398	922.31764909713	2
5	1399	922.820343029855	1
5	1404	922.983375604438	2
5	1405	923.950904943605	1
5	1407	930.873276044266	0
5	1412	940.822834213803	1
5	1413	940.915348419501	0
5	1418	946.416733461891	1
5	1422	948.403244465956	2
5	1426	948.646449422381	3
5	1430	950.006219792421	4
5	1431	950.701755397869	3
5	1433	951.112460737378	2
5	1435	952.65749784375	1
5	1440	953.555115689698	2
5	1441	955.795537935836	1
5	1443	959.571264565245	0
5	1448	961.172809428939	1
5	1449	965.933554730895	0
5	1454	970.395180834537	1
5	1458	971.215930630536	2
5	1462	974.894150162113	3
5	1463	975.306086258606	2
5	1465	975.365510191476	1
5	1470	978.260334345579	2
5	1471	978.49201880232	1
5	1473	978.544911403599	0
5	1478	983.554698999067	1
5	1479	983.584998115295	0
5	1484	985.398635851186	1
5	1485	985.695945982047	0
5	1490	990.900680225831	1
5	1491	991.990589669499	0
5	1496	993.798816681201	1
5	1500	995.727449106107	2
5	1501	996.902478294245	1
5	1506	997.796465366793	2
5	1507	998.067627468214	1
5	1512	999.675542010342	2

