version 3
run General-24-20221103-10:28:22-6760
attr configname General
attr datetime 20221103-10:28:22
attr datetimef 20221103-102822
attr experiment General
attr inifile block.ini
attr iterationvars "$0=3, $1=20"
attr iterationvarsd 3/20
attr iterationvarsf 3,20-
attr measurement "$0=3, $1=20"
attr network Block
attr processid 6760
attr repetition 4
attr replication #4
attr resultdir results
attr runnumber 24
attr seedset 24
config network Block
config repeat 5
config sim-time-limit 1000s
config warmup-period 100s
config **.alloca.resourceModuleName "\"risorse\""
config **.dealloca.resourceModuleName "\"risorse\""
config **.is.delay exponential(3s)
config **.servente.serviceTime exponential(3s)
config **.dealloca.resourceAmount 2
config **.alloca.resourceAmount 2
config **.risorse.amount 6
config **.sorgente.numJobs (20)
config **.result-recording-modes all

vector 0 Block.servente queueLength:vector ETV
attr interpolationmode sample-hold
attr recordingmode vector
attr title "queue length"
vector 1 Block.servente queueingTime:vector ETV
attr interpolationmode none
attr recordingmode vector
attr title "queueing time at dequeue"
attr unit s
vector 2 Block.alloca queueLength:vector ETV
attr interpolationmode sample-hold
attr recordingmode vector
attr title "queue length"
vector 3 Block.alloca queueingTime:vector ETV
attr interpolationmode none
attr recordingmode vector
attr title "queueing time at dequeue"
attr unit s
vector 4 Block.risorse amount:vector ETV
attr interpolationmode sample-hold
attr recordingmode vector
attr title "available resource"
vector 5 Block.is delayedJobs:vector ETV
attr interpolationmode sample-hold
attr recordingmode vector
attr title "number of delayed jobs"
0	251	100.205786080757	1
0	253	100.205786080757	2
0	257	101.121119749286	1
0	259	101.121119749286	2
0	263	104.580403128424	1
0	265	104.580403128424	2
0	269	106.483539569642	1
0	271	106.483539569642	2
0	275	109.12186704789	1
0	277	109.12186704789	2
0	279	111.968919765445	1
0	281	111.968919765445	2
0	285	117.165647030823	1
0	287	117.165647030823	2
0	291	117.702612542674	1
0	293	117.702612542674	2
0	295	120.741721621767	1
0	297	120.741721621767	2
0	301	126.423213814813	1
0	303	126.423213814813	2
0	307	127.449394905517	1
0	309	127.449394905517	2
0	311	127.605483474379	1
0	313	127.605483474379	2
0	323	151.297376870779	1
0	325	151.297376870779	2
0	327	152.631766185534	1
0	329	152.631766185534	2
0	333	154.657937170057	1
0	335	154.657937170057	2
0	339	156.378465339928	1
0	341	156.378465339928	2
0	345	160.824918125025	1
0	347	160.824918125025	2
0	353	163.803600592074	1
0	355	163.803600592074	2
0	359	165.726315924835	1
0	361	165.726315924835	2
0	365	168.092561828956	1
0	367	168.092561828956	2
0	369	169.786672574244	1
0	371	169.786672574244	2
0	375	171.652975048575	1
0	377	171.652975048575	2
0	383	175.364007877847	1
0	385	175.364007877847	2
0	387	175.479228644125	1
0	389	175.479228644125	2
0	393	177.673719212205	1
0	395	177.673719212205	2
0	397	178.001272974441	1
0	399	178.001272974441	2
0	405	180.808242400432	1
0	407	180.808242400432	2
0	409	183.293137356052	1
0	411	183.293137356052	2
0	417	185.030945738383	1
0	419	185.030945738383	2
0	423	186.021370470758	1
0	425	186.021370470758	2
0	429	187.30352684277	1
0	431	187.30352684277	2
0	437	201.490353461697	1
0	439	201.490353461697	2
0	443	205.606102807881	1
0	445	205.606102807881	2
0	449	211.847406454105	1
0	451	211.847406454105	2
0	453	219.892432153353	1
0	455	219.892432153353	2
0	457	222.32137954096	1
0	459	222.32137954096	2
0	467	228.924966588833	1
0	469	228.924966588833	2
0	471	229.530681509079	1
0	473	229.530681509079	2
0	475	230.666018965778	1
0	477	230.666018965778	2
0	479	230.896888071017	1
0	481	230.896888071017	2
0	487	232.075679640319	1
0	489	232.075679640319	2
0	497	240.273976807416	1
0	499	240.273976807416	2
0	503	248.889864208051	1
0	505	248.889864208051	2
0	507	249.151591237176	1
0	509	249.151591237176	2
0	513	249.802365715297	1
0	515	249.802365715297	2
0	519	250.793932168746	1
0	521	250.793932168746	2
0	523	251.3999684019	1
0	525	251.3999684019	2
0	533	258.115151360596	1
0	535	258.115151360596	2
0	539	261.440904729275	1
0	541	261.440904729275	2
0	543	262.010270985597	1
0	545	262.010270985597	2
0	551	267.554073756743	1
0	553	267.554073756743	2
0	555	270.160484946408	1
0	557	270.160484946408	2
0	561	270.673943026726	1
0	563	270.673943026726	2
0	565	271.110610878523	1
0	567	271.110610878523	2
0	573	273.747360784319	1
0	575	273.747360784319	2
0	579	274.275208316214	1
0	581	274.275208316214	2
0	583	275.647411697647	1
0	585	275.647411697647	2
0	593	285.700490111295	1
0	595	285.700490111295	2
0	599	289.624897783177	1
0	601	289.624897783177	2
0	603	293.531244352029	1
0	605	293.531244352029	2
0	611	295.655477189411	1
0	613	295.655477189411	2
0	615	296.061579648187	1
0	617	296.061579648187	2
0	619	296.325489898469	1
0	621	296.325489898469	2
0	625	297.860888545653	1
0	627	297.860888545653	2
0	635	310.620613391765	1
0	637	310.620613391765	2
0	639	311.794865065993	1
0	641	311.794865065993	2
0	647	313.273679166315	1
0	649	313.273679166315	2
0	653	314.746045991181	1
0	655	314.746045991181	2
0	659	315.486102644459	1
0	661	315.486102644459	2
0	663	315.880798582577	1
0	665	315.880798582577	2
0	667	317.197675781271	1
0	669	317.197675781271	2
0	673	320.082819007593	1
0	675	320.082819007593	2
0	679	321.235119972592	1
0	681	321.235119972592	2
0	689	324.261008404709	1
0	691	324.261008404709	2
0	693	325.459008322042	1
0	695	325.459008322042	2
0	701	327.96245617296	1
0	703	327.96245617296	2
0	707	336.160996611682	1
0	709	336.160996611682	2
0	713	341.275314706631	1
0	715	341.275314706631	2
0	719	344.275561545051	1
0	721	344.275561545051	2
0	725	348.498337527131	1
0	727	348.498337527131	2
0	731	350.772743442797	1
0	733	350.772743442797	2
0	737	354.646291197487	1
0	739	354.646291197487	2
0	741	355.65973997666	1
0	743	355.65973997666	2
0	747	359.250960311805	1
0	749	359.250960311805	2
0	755	366.103867409077	1
0	757	366.103867409077	2
0	761	378.894889261561	1
0	763	378.894889261561	2
0	767	396.550728467842	1
0	769	396.550728467842	2
0	771	399.186106354147	1
0	773	399.186106354147	2
0	779	406.228485353826	1
0	781	406.228485353826	2
0	783	406.287235917105	1
0	785	406.287235917105	2
0	789	408.485585991093	1
0	791	408.485585991093	2
0	793	409.398711667339	1
0	795	409.398711667339	2
0	799	412.617763243225	1
0	801	412.617763243225	2
0	809	415.78178984431	1
0	811	415.78178984431	2
0	813	417.962482268598	1
0	815	417.962482268598	2
0	819	419.195308427788	1
0	821	419.195308427788	2
0	825	422.05676779802	1
0	827	422.05676779802	2
0	831	427.397069780001	1
0	833	427.397069780001	2
0	837	427.919308162359	1
0	839	427.919308162359	2
0	841	428.914848214745	1
0	843	428.914848214745	2
0	845	429.515524649022	1
0	847	429.515524649022	2
0	855	433.512058365133	1
0	857	433.512058365133	2
0	863	437.946181078842	1
0	865	437.946181078842	2
0	869	441.506216153311	1
0	871	441.506216153311	2
0	873	442.809571419689	1
0	875	442.809571419689	2
0	879	447.643969313416	1
0	881	447.643969313416	2
0	885	448.755283154992	1
0	887	448.755283154992	2
0	889	448.966826120005	1
0	891	448.966826120005	2
0	899	451.903204715453	1
0	901	451.903204715453	2
0	903	452.408102287772	1
0	905	452.408102287772	2
0	907	453.669145008213	1
0	909	453.669145008213	2
0	915	456.438864989813	1
0	917	456.438864989813	2
0	923	462.509413331294	1
0	925	462.509413331294	2
0	929	470.380116258024	1
0	931	470.380116258024	2
0	935	474.073169806501	1
0	937	474.073169806501	2
0	941	481.743919107029	1
0	943	481.743919107029	2
0	947	490.979628604516	1
0	949	490.979628604516	2
0	953	496.839568596186	1
0	955	496.839568596186	2
0	959	506.636347568024	1
0	961	506.636347568024	2
0	963	510.465791984984	1
0	965	510.465791984984	2
0	969	511.20830022351	1
0	971	511.20830022351	2
0	973	511.454608094854	1
0	975	511.454608094854	2
0	979	513.01640389692	1
0	981	513.01640389692	2
0	987	517.644674759187	1
0	989	517.644674759187	2
0	995	520.496353829853	1
0	997	520.496353829853	2
0	1001	524.332013756578	1
0	1003	524.332013756578	2
0	1005	524.751069787367	1
0	1007	524.751069787367	2
0	1013	537.805702619524	1
0	1015	537.805702619524	2
0	1017	538.861403017189	1
0	1019	538.861403017189	2
0	1023	539.656946616262	1
0	1025	539.656946616262	2
0	1027	540.182859966539	1
0	1029	540.182859966539	2
0	1035	543.646662526967	1
0	1037	543.646662526967	2
0	1043	558.634956485589	1
0	1045	558.634956485589	2
0	1047	558.811109617132	1
0	1049	558.811109617132	2
0	1051	560.907062133887	1
0	1053	560.907062133887	2
0	1059	562.054556816089	1
0	1061	562.054556816089	2
0	1065	566.487483796699	1
0	1067	566.487483796699	2
0	1069	566.961299857426	1
0	1071	566.961299857426	2
0	1079	571.461311419946	1
0	1081	571.461311419946	2
0	1083	572.788510274243	1
0	1085	572.788510274243	2
0	1089	572.882011569756	1
0	1091	572.882011569756	2
0	1095	578.998252924287	1
0	1097	578.998252924287	2
0	1101	583.565910196207	1
0	1103	583.565910196207	2
0	1105	584.117865497001	1
0	1107	584.117865497001	2
0	1115	593.046118203097	1
0	1117	593.046118203097	2
0	1121	602.202024714904	1
0	1123	602.202024714904	2
0	1125	602.379342187408	1
0	1127	602.379342187408	2
0	1131	603.436387244564	1
0	1133	603.436387244564	2
0	1137	606.6047755768	1
0	1139	606.6047755768	2
0	1145	614.199140063842	1
0	1147	614.199140063842	2
0	1149	614.293741787621	1
0	1151	614.293741787621	2
0	1157	617.213409139462	1
0	1159	617.213409139462	2
0	1161	617.393177039299	1
0	1163	617.393177039299	2
0	1169	621.716687100739	1
0	1171	621.716687100739	2
0	1173	622.730786418939	1
0	1175	622.730786418939	2
0	1179	624.570762788713	1
0	1181	624.570762788713	2
0	1187	631.97279923441	1
0	1189	631.97279923441	2
0	1191	632.012191695806	1
0	1193	632.012191695806	2
0	1197	634.113319342298	1
0	1199	634.113319342298	2
0	1201	634.34842922584	1
0	1203	634.34842922584	2
0	1207	635.539371468494	1
0	1209	635.539371468494	2
0	1211	635.643492825809	1
0	1213	635.643492825809	2
0	1221	635.937011060162	1
0	1223	635.937011060162	2
0	1227	639.282705253887	1
0	1229	639.282705253887	2
0	1235	655.236003749027	1
0	1237	655.236003749027	2
0	1239	659.948858354753	1
0	1241	659.948858354753	2
0	1243	660.226776414801	1
0	1245	660.226776414801	2
0	1247	662.401795524436	1
0	1249	662.401795524436	2
0	1257	669.274351317798	1
0	1259	669.274351317798	2
0	1261	670.358771890727	1
0	1263	670.358771890727	2
0	1271	675.304748552874	1
0	1273	675.304748552874	2
0	1277	676.761980867298	1
0	1279	676.761980867298	2
0	1283	677.913706427555	1
0	1285	677.913706427555	2
0	1287	679.312636424505	1
0	1289	679.312636424505	2
0	1293	682.097194120922	1
0	1295	682.097194120922	2
0	1297	683.205716590332	1
0	1299	683.205716590332	2
0	1307	692.263497705972	1
0	1309	692.263497705972	2
0	1311	693.682467441689	1
0	1313	693.682467441689	2
0	1317	695.422456024886	1
0	1319	695.422456024886	2
0	1323	696.459546932376	1
0	1325	696.459546932376	2
0	1329	699.055536761529	1
0	1331	699.055536761529	2
0	1335	699.967145154962	1
0	1337	699.967145154962	2
0	1343	703.480208848515	1
0	1345	703.480208848515	2
0	1347	706.618509269376	1
0	1349	706.618509269376	2
0	1355	712.866788551988	1
0	1357	712.866788551988	2
0	1359	715.604157135433	1
0	1361	715.604157135433	2
0	1367	721.764150643106	1
0	1369	721.764150643106	2
0	1373	729.757585143115	1
0	1375	729.757585143115	2
0	1377	730.351280194763	1
0	1379	730.351280194763	2
0	1383	731.71886161965	1
0	1385	731.71886161965	2
0	1387	732.572986226102	1
0	1389	732.572986226102	2
0	1391	733.661422119843	1
0	1393	733.661422119843	2
0	1397	734.260305980791	1
0	1399	734.260305980791	2
0	1409	740.076686841684	1
0	1411	740.076686841684	2
0	1413	740.080466893522	1
0	1415	740.080466893522	2
0	1421	751.380648634496	1
0	1423	751.380648634496	2
0	1427	753.823779703272	1
0	1429	753.823779703272	2
0	1431	754.820443531934	1
0	1433	754.820443531934	2
0	1437	755.635227546228	1
0	1439	755.635227546228	2
0	1441	757.775877506897	1
0	1443	757.775877506897	2
0	1445	760.524822626662	1
0	1447	760.524822626662	2
0	1451	761.071222804949	1
0	1453	761.071222804949	2
0	1457	762.68328285888	1
0	1459	762.68328285888	2
0	1461	763.332782557827	1
0	1463	763.332782557827	2
0	1467	766.373114372317	1
0	1469	766.373114372317	2
0	1471	768.168993637715	1
0	1473	768.168993637715	2
0	1477	769.394688207352	1
0	1479	769.394688207352	2
0	1485	770.405017357528	1
0	1487	770.405017357528	2
0	1489	770.699480716381	1
0	1491	770.699480716381	2
0	1493	771.08478230572	1
0	1495	771.08478230572	2
0	1501	772.151823160965	1
0	1503	772.151823160965	2
0	1505	772.743271059281	1
0	1507	772.743271059281	2
0	1511	774.16213488248	1
0	1513	774.16213488248	2
0	1527	777.730938367815	1
0	1529	777.730938367815	2
0	1531	779.223092768112	1
0	1533	779.223092768112	2
0	1537	780.835355214769	1
0	1539	780.835355214769	2
0	1545	784.009535417206	1
0	1547	784.009535417206	2
0	1553	793.243613324316	1
0	1555	793.243613324316	2
0	1559	804.18064800935	1
0	1561	804.18064800935	2
0	1563	805.855189398649	1
0	1565	805.855189398649	2
0	1567	806.215206010319	1
0	1569	806.215206010319	2
0	1577	814.325508507901	1
0	1579	814.325508507901	2
0	1581	815.017119288883	1
0	1583	815.017119288883	2
0	1587	816.23726443202	1
0	1589	816.23726443202	2
0	1595	826.78230493175	1
0	1597	826.78230493175	2
0	1599	828.660368415434	1
0	1601	828.660368415434	2
0	1605	829.960681186854	1
0	1607	829.960681186854	2
0	1611	837.648713324311	1
0	1613	837.648713324311	2
0	1619	838.30316780004	1
0	1621	838.30316780004	2
0	1623	840.1090744211	1
0	1625	840.1090744211	2
0	1627	840.246773650914	1
0	1629	840.246773650914	2
0	1633	843.292070123907	1
0	1635	843.292070123907	2
0	1639	849.033701193603	1
0	1641	849.033701193603	2
0	1647	854.21489533297	1
0	1649	854.21489533297	2
0	1653	855.936677653457	1
0	1655	855.936677653457	2
0	1661	859.693574772053	1
0	1663	859.693574772053	2
0	1665	860.111740469067	1
0	1667	860.111740469067	2
0	1673	863.27280736599	1
0	1675	863.27280736599	2
0	1679	871.387882741383	1
0	1681	871.387882741383	2
0	1685	873.429841652659	1
0	1687	873.429841652659	2
0	1691	878.500633566454	1
0	1693	878.500633566454	2
0	1695	878.655241082782	1
0	1697	878.655241082782	2
0	1699	878.814185313091	1
0	1701	878.814185313091	2
0	1703	879.114806909751	1
0	1705	879.114806909751	2
0	1709	879.330262473631	1
0	1711	879.330262473631	2
0	1719	881.48015955266	1
0	1721	881.48015955266	2
0	1723	881.703366980018	1
0	1725	881.703366980018	2
0	1729	883.217965273498	1
0	1731	883.217965273498	2
0	1735	883.360076364146	1
0	1737	883.360076364146	2
0	1741	883.999191875657	1
0	1743	883.999191875657	2
0	1747	887.554510145714	1
0	1749	887.554510145714	2
0	1753	890.545508444768	1
0	1755	890.545508444768	2
0	1763	896.100650015033	1
0	1765	896.100650015033	2
0	1767	896.439776707776	1
0	1769	896.439776707776	2
0	1775	903.460621142278	1
0	1777	903.460621142278	2
0	1781	904.665629711792	1
0	1783	904.665629711792	2
0	1787	912.521253541591	1
0	1789	912.521253541591	2
0	1791	916.063142970793	1
0	1793	916.063142970793	2
0	1795	916.484131900493	1
0	1797	916.484131900493	2
0	1803	918.537851759865	1
0	1805	918.537851759865	2
0	1807	918.837047547222	1
0	1809	918.837047547222	2
0	1817	923.188640647041	1
0	1819	923.188640647041	2
0	1821	923.760969220059	1
0	1823	923.760969220059	2
0	1829	924.499726452624	1
0	1831	924.499726452624	2
0	1835	926.568602962173	1
0	1837	926.568602962173	2
0	1839	926.719737267274	1
0	1841	926.719737267274	2
0	1845	929.435329240836	1
0	1847	929.435329240836	2
0	1853	934.703773013236	1
0	1855	934.703773013236	2
0	1857	937.398699368515	1
0	1859	937.398699368515	2
0	1865	951.792919452254	1
0	1867	951.792919452254	2
0	1871	955.270328467566	1
0	1873	955.270328467566	2
0	1877	955.984541440766	1
0	1879	955.984541440766	2
0	1883	956.911494665696	1
0	1885	956.911494665696	2
0	1887	957.014891158419	1
0	1889	957.014891158419	2
0	1891	957.299823273036	1
0	1893	957.299823273036	2
0	1901	965.25641308822	1
0	1903	965.25641308822	2
0	1905	968.410186251002	1
0	1907	968.410186251002	2
0	1909	969.487181215579	1
0	1911	969.487181215579	2
0	1913	969.742301151261	1
0	1915	969.742301151261	2
0	1917	970.02675690868	1
0	1919	970.02675690868	2
0	1925	975.219030266368	1
0	1927	975.219030266368	2
0	1931	976.953361769998	1
0	1933	976.953361769998	2
0	1937	978.071855665948	1
0	1939	978.071855665948	2
0	1949	992.233310427818	1
0	1951	992.233310427818	2
0	1953	993.64094778116	1
0	1955	993.64094778116	2
0	1959	995.703166910365	1
0	1961	995.703166910365	2
0	1965	996.06113520774	1
0	1967	996.06113520774	2
0	1969	996.162675613369	1
0	1971	996.162675613369	2
0	1977	999.121078226661	1
0	1979	999.121078226661	2
1	251	100.205786080757	5.49091829379
1	257	101.121119749286	5.257203805601
1	263	104.580403128424	4.374617047667
1	269	106.483539569642	5.362419820356
1	275	109.12186704789	4.541463919466
1	279	111.968919765445	5.485380195803
1	285	117.165647030823	8.043779982933
1	291	117.702612542674	5.733692777229
1	295	120.741721621767	3.576074590944
1	301	126.423213814813	8.720601272139
1	307	127.449394905517	6.70767328375
1	311	127.605483474379	1.182269659566
1	323	151.297376870779	23.847981965262
1	327	152.631766185534	25.026282711155
1	333	154.657937170057	3.360560299278
1	339	156.378465339928	3.746699154394
1	345	160.824918125025	6.166980954968
1	353	163.803600592074	7.425135252146
1	359	165.726315924835	4.90139779981
1	365	168.092561828956	4.288961236882
1	369	169.786672574244	4.060356649409
1	375	171.652975048575	3.560413219619
1	383	175.364007877847	5.577335303603
1	387	175.479228644125	3.82625359555
1	393	177.673719212205	2.309711334358
1	397	178.001272974441	2.522044330316
1	405	180.808242400432	3.134523188227
1	409	183.293137356052	5.291864381611
1	417	185.030945738383	4.222703337951
1	423	186.021370470758	2.728233114706
1	429	187.30352684277	2.272581104387
1	437	201.490353461697	15.468982990939
1	443	205.606102807881	18.302575965111
1	449	211.847406454105	10.357052992408
1	453	219.892432153353	14.286329345472
1	457	222.32137954096	10.473973086855
1	467	228.924966588833	9.03253443548
1	471	229.530681509079	7.209301968119
1	475	230.666018965778	1.741052376945
1	479	230.896888071017	1.366206561938
1	487	232.075679640319	1.409660674541
1	497	240.273976807416	9.377088736399
1	503	248.889864208051	16.814184567732
1	507	249.151591237176	8.87761442976
1	513	249.802365715297	0.912501507246
1	519	250.793932168746	1.64234093157
1	523	251.3999684019	1.597602686603
1	533	258.115151360596	7.32121919185
1	539	261.440904729275	10.040936327375
1	543	262.010270985597	3.895119625001
1	551	267.554073756743	6.113169027468
1	555	270.160484946408	8.150213960811
1	561	270.673943026726	3.119869269983
1	565	271.110610878523	0.950125932115
1	573	273.747360784319	3.073417757593
1	579	274.275208316214	3.164597437691
1	583	275.647411697647	1.900050913328
1	593	285.700490111295	11.425281795081
1	599	289.624897783177	13.97748608553
1	603	293.531244352029	7.830754240734
1	611	295.655477189411	6.030579406234
1	615	296.061579648187	2.530335296158
1	619	296.325489898469	0.670012709058
1	625	297.860888545653	1.799308897466
1	635	310.620613391765	14.295123493296
1	639	311.794865065993	13.93397652034
1	647	313.273679166315	2.65306577455
1	653	314.746045991181	2.951180925188
1	659	315.486102644459	2.212423478144
1	663	315.880798582577	1.134752591396
1	667	317.197675781271	1.711573136812
1	673	320.082819007593	4.202020425016
1	679	321.235119972592	4.037444191321
1	689	324.261008404709	4.178189397116
1	693	325.459008322042	4.22388834945
1	701	327.96245617296	3.701447768251
1	707	336.160996611682	10.70198828964
1	713	341.275314706631	13.312858533671
1	719	344.275561545051	8.114564933369
1	725	348.498337527131	7.2230228205
1	731	350.772743442797	6.497181897746
1	737	354.646291197487	6.147953670356
1	741	355.65973997666	4.886996533863
1	747	359.250960311805	4.604669114318
1	755	366.103867409077	10.444127432417
1	761	378.894889261561	19.643928949756
1	767	396.550728467842	30.446861058765
1	771	399.186106354147	20.291217092586
1	779	406.228485353826	9.677756885984
1	783	406.287235917105	7.101129562958
1	789	408.485585991093	2.257100637267
1	793	409.398711667339	3.111475750234
1	799	412.617763243225	4.132177252132
1	809	415.78178984431	6.383078176971
1	813	417.962482268598	5.344719025373
1	819	419.195308427788	3.413518583478
1	825	422.05676779802	4.094285529422
1	831	427.397069780001	8.201761352213
1	837	427.919308162359	5.862540364339
1	841	428.914848214745	1.517778434744
1	845	429.515524649022	1.596216486663
1	855	433.512058365133	4.597210150388
1	863	437.946181078842	8.43065642982
1	869	441.506216153311	7.994157788178
1	873	442.809571419689	4.863390340847
1	879	447.643969313416	6.137753160105
1	885	448.755283154992	5.945711735303
1	889	448.966826120005	1.322856806589
1	899	451.903204715453	3.147921560461
1	903	452.408102287772	3.441276167767
1	907	453.669145008213	1.76594029276
1	915	456.438864989813	4.030762702041
1	923	462.509413331294	8.840268323081
1	929	470.380116258024	13.941251268211
1	935	474.073169806501	11.563756475207
1	941	481.743919107029	11.363802849005
1	947	490.979628604516	16.906458798015
1	953	496.839568596186	15.095649489157
1	959	506.636347568024	15.656718963508
1	963	510.465791984984	13.626223388798
1	969	511.20830022351	4.571952655486
1	973	511.454608094854	0.98881610987
1	979	513.01640389692	1.80810367341
1	987	517.644674759187	6.190066664333
1	995	520.496353829853	7.479949932933
1	1001	524.332013756578	6.687338997391
1	1005	524.751069787367	4.254715957514
1	1013	537.805702619524	13.473688862946
1	1017	538.861403017189	14.110333229822
1	1023	539.656946616262	1.851243996738
1	1027	540.182859966539	1.32145694935
1	1035	543.646662526967	3.989715910705
1	1043	558.634956485589	18.45209651905
1	1047	558.811109617132	15.164447090165
1	1051	560.907062133887	2.272105648298
1	1059	562.054556816089	3.243447198957
1	1065	566.487483796699	5.580421662812
1	1069	566.961299857426	4.906743041337
1	1079	571.461311419946	4.973827623247
1	1083	572.788510274243	5.827210416817
1	1089	572.882011569756	1.42070014981
1	1095	578.998252924287	6.209742650044
1	1101	583.565910196207	10.683898626451
1	1105	584.117865497001	5.119612572714
1	1115	593.046118203097	9.48020800689
1	1121	602.202024714904	18.084159217903
1	1125	602.379342187408	9.333223984311
1	1131	603.436387244564	1.23436252966
1	1137	606.6047755768	4.225433389392
1	1145	614.199140063842	10.762752819278
1	1149	614.293741787621	7.688966210821
1	1157	617.213409139462	3.01426907562
1	1161	617.393177039299	3.099435251678
1	1169	621.716687100739	4.503277961277
1	1173	622.730786418939	5.33760937964
1	1179	624.570762788713	2.854075687974
1	1187	631.97279923441	9.242012815471
1	1191	632.012191695806	7.441428907093
1	1197	634.113319342298	2.140520107888
1	1201	634.34842922584	2.336237530034
1	1207	635.539371468494	1.426052126196
1	1211	635.643492825809	1.295063599969
1	1221	635.937011060162	0.397639591668
1	1227	639.282705253887	3.639212428078
1	1235	655.236003749027	19.298992688865
1	1239	659.948858354753	20.666153100866
1	1243	660.226776414801	4.990772665774
1	1247	662.401795524436	2.452937169683
1	1257	669.274351317798	9.047574902997
1	1261	670.358771890727	7.956976366291
1	1271	675.304748552874	6.030397235076
1	1277	676.761980867298	6.403208976571
1	1283	677.913706427555	2.608957874681
1	1287	679.312636424505	2.550655557207
1	1293	682.097194120922	4.183487693367
1	1297	683.205716590332	3.893080165827
1	1307	692.263497705972	10.16630358505
1	1311	693.682467441689	10.476750851357
1	1317	695.422456024886	3.158958318914
1	1323	696.459546932376	2.777079490687
1	1329	699.055536761529	3.633080736643
1	1335	699.967145154962	3.507598222586
1	1343	703.480208848515	4.424672086986
1	1347	706.618509269376	6.651364114414
1	1355	712.866788551988	9.386579703473
1	1359	715.604157135433	8.985647866057
1	1367	721.764150643106	8.897362091118
1	1373	729.757585143115	14.153428007682
1	1377	730.351280194763	8.587129551657
1	1383	731.71886161965	1.961276476535
1	1387	732.572986226102	2.221706031339
1	1391	733.661422119843	1.942560500193
1	1397	734.260305980791	1.687319754689
1	1409	740.076686841684	6.415264721841
1	1413	740.080466893522	5.820160912731
1	1421	751.380648634496	11.303961792812
1	1427	753.823779703272	13.74331280975
1	1431	754.820443531934	3.439794897438
1	1437	755.635227546228	1.811447842956
1	1441	757.775877506897	2.955433974963
1	1445	760.524822626662	4.889595080434
1	1451	761.071222804949	3.295345298052
1	1457	762.68328285888	2.158460232218
1	1461	763.332782557827	2.261559752878
1	1467	766.373114372317	3.689831513437
1	1471	768.168993637715	4.836211079888
1	1477	769.394688207352	3.021573835035
1	1485	770.405017357528	2.236023719813
1	1489	770.699480716381	1.304792509029
1	1493	771.08478230572	0.679764948192
1	1501	772.151823160965	1.452342444584
1	1505	772.743271059281	1.658488753561
1	1511	774.16213488248	2.010311721515
1	1527	777.730938367815	4.987667308534
1	1531	779.223092768112	5.060957885632
1	1537	780.835355214769	3.104416846954
1	1545	784.009535417206	4.786442649094
1	1553	793.243613324316	12.408258109547
1	1559	804.18064800935	20.171112592144
1	1563	805.855189398649	12.611576074333
1	1567	806.215206010319	2.034558000969
1	1577	814.325508507901	8.470319109252
1	1581	815.017119288883	8.801913278564
1	1587	816.23726443202	1.911755924119
1	1595	826.78230493175	11.765185642867
1	1599	828.660368415434	12.423103983414
1	1605	829.960681186854	3.178376255104
1	1611	837.648713324311	8.988344908877
1	1619	838.30316780004	8.342486613186
1	1623	840.1090744211	2.460361096789
1	1627	840.246773650914	1.943605850874
1	1633	843.292070123907	3.182995702807
1	1639	849.033701193603	8.786927542689
1	1647	854.21489533297	10.922825209063
1	1653	855.936677653457	6.902976459854
1	1661	859.693574772053	5.478679439083
1	1665	860.111740469067	4.17506281561
1	1673	863.27280736599	3.579232593937
1	1679	871.387882741383	11.276142272316
1	1685	873.429841652659	10.157034286669
1	1691	878.500633566454	7.112750825071
1	1695	878.655241082782	5.225399430123
1	1699	878.814185313091	0.313551746637
1	1703	879.114806909751	0.459565826969
1	1709	879.330262473631	0.51607716054
1	1719	881.48015955266	2.365352642909
1	1723	881.703366980018	2.373104506387
1	1729	883.217965273498	1.737805720838
1	1735	883.360076364146	1.656709384128
1	1741	883.999191875657	0.781226602159
1	1747	887.554510145714	4.194433781568
1	1753	890.545508444768	6.546316569111
1	1763	896.100650015033	8.546139869319
1	1767	896.439776707776	5.894268263008
1	1775	903.460621142278	7.359971127245
1	1781	904.665629711792	8.225853004016
1	1787	912.521253541591	9.060632399313
1	1791	916.063142970793	11.397513259001
1	1795	916.484131900493	3.962878358902
1	1803	918.537851759865	2.474708789072
1	1807	918.837047547222	2.352915646729
1	1817	923.188640647041	4.650788887176
1	1821	923.760969220059	4.923921672837
1	1829	924.499726452624	1.311085805583
1	1835	926.568602962173	2.807633742114
1	1839	926.719737267274	2.22001081465
1	1845	929.435329240836	2.866726278663
1	1853	934.703773013236	7.984035745962
1	1857	937.398699368515	7.963370127679
1	1865	951.792919452254	17.089146439018
1	1871	955.270328467566	17.871629099051
1	1877	955.984541440766	4.191621988512
1	1883	956.911494665696	1.64116619813
1	1887	957.014891158419	1.030349717653
1	1891	957.299823273036	0.38832860734
1	1901	965.25641308822	8.241521929801
1	1905	968.410186251002	11.110362977966
1	1909	969.487181215579	4.230768127359
1	1913	969.742301151261	1.332114900259
1	1917	970.02675690868	0.539575693101
1	1925	975.219030266368	5.476729115107
1	1931	976.953361769998	6.926604861318
1	1937	978.071855665948	2.85282539958
1	1949	992.233310427818	15.27994865782
1	1953	993.64094778116	15.569092115212
1	1959	995.703166910365	3.469856482547
1	1965	996.06113520774	2.42018742658
1	1969	996.162675613369	0.459508703004
1	1977	999.121078226661	3.059943018921
2	252	100.205786080757	16
2	256	100.668866644527	17
2	258	101.121119749286	16
2	262	101.514175363251	17
2	264	104.580403128424	16
2	268	106.198232279934	17
2	270	106.483539569642	16
2	274	108.925303736191	17
2	276	109.12186704789	16
2	280	111.968919765445	15
2	284	113.548052694425	16
2	286	117.165647030823	15
2	290	117.633910391003	16
2	292	117.702612542674	15
2	296	120.741721621767	14
2	300	121.169616904414	15
2	302	126.423213814813	14
2	306	126.429289787202	15
2	308	127.449394905517	14
2	312	127.605483474379	13
2	316	128.196358200293	14
2	318	133.88093855882	15
2	320	134.201461154325	16
2	322	138.105283452632	17
2	324	151.297376870779	16
2	328	152.631766185534	15
2	332	152.939607950623	16
2	334	154.657937170057	15
2	338	154.904185668033	16
2	340	156.378465339928	15
2	344	157.213866803173	16
2	346	160.824918125025	15
2	350	161.523479258003	16
2	352	163.293941311725	17
2	354	163.803600592074	16
2	358	165.099470459207	17
2	360	165.726315924835	16
2	364	168.078814056024	17
2	366	168.092561828956	16
2	370	169.786672574244	15
2	374	170.150114533111	16
2	376	171.652975048575	15
2	380	171.748805901882	16
2	382	174.44309721562	17
2	384	175.364007877847	16
2	388	175.479228644125	15
2	392	176.501395009725	16
2	394	177.673719212205	15
2	398	178.001272974441	14
2	402	178.90062410058	15
2	404	179.423634875302	16
2	406	180.808242400432	15
2	410	183.293137356052	14
2	414	183.533890543827	15
2	416	184.524731556357	16
2	418	185.030945738383	15
2	422	185.998575773473	16
2	424	186.021370470758	15
2	428	186.488258338066	16
2	430	187.30352684277	15
2	434	191.876573185402	16
2	436	193.890755771918	17
2	438	201.490353461697	16
2	442	202.497025902737	17
2	444	205.606102807881	16
2	448	208.838655622119	17
2	450	211.847406454105	16
2	454	219.892432153353	15
2	458	222.32137954096	14
2	462	222.586971548656	15
2	464	222.914773500953	16
2	466	224.674220222639	17
2	468	228.924966588833	16
2	472	229.530681509079	15
2	476	230.666018965778	14
2	480	230.896888071017	13
2	484	231.17285915203	14
2	486	232.018089489192	15
2	488	232.075679640319	14
2	492	233.339701414563	15
2	494	233.531758702197	16
2	496	240.063171971387	17
2	498	240.273976807416	16
2	502	242.813638737568	17
2	504	248.889864208051	16
2	508	249.151591237176	15
2	512	249.432677426442	16
2	514	249.802365715297	15
2	518	250.005807079438	16
2	520	250.793932168746	15
2	524	251.3999684019	14
2	528	251.678466285124	15
2	530	252.147478953307	16
2	532	258.115138496295	17
2	534	258.115151360596	16
2	538	258.782286699106	17
2	540	261.440904729275	16
2	544	262.010270985597	15
2	548	263.356612933807	16
2	550	263.755073253044	17
2	552	267.554073756743	16
2	556	270.160484946408	15
2	560	270.198961242348	16
2	562	270.673943026726	15
2	566	271.110610878523	14
2	570	271.905630884313	15
2	572	272.07785649428	16
2	574	273.747360784319	15
2	578	274.098467615419	16
2	580	274.275208316214	15
2	584	275.647411697647	14
2	588	276.353780615401	15
2	590	276.526231136695	16
2	592	276.644003115647	17
2	594	285.700490111295	16
2	598	286.13946388618	17
2	600	289.624897783177	16
2	604	293.531244352029	15
2	608	294.023023104077	16
2	610	295.461940677677	17
2	612	295.655477189411	16
2	616	296.061579648187	15
2	620	296.325489898469	14
2	624	297.851847164219	15
2	626	297.860888545653	14
2	630	299.419966395629	15
2	632	299.590985634561	16
2	634	304.719150120909	17
2	636	310.620613391765	16
2	640	311.794865065993	15
2	644	312.490288797294	16
2	646	312.653240726539	17
2	648	313.273679166315	16
2	652	314.163885454139	17
2	654	314.746045991181	16
2	658	314.815833663501	17
2	660	315.486102644459	16
2	664	315.880798582577	15
2	668	317.197675781271	14
2	672	317.37481802302	15
2	674	320.082819007593	14
2	678	320.332498288582	15
2	680	321.235119972592	14
2	684	321.406435620528	15
2	686	321.586206290094	16
2	688	323.568770498874	17
2	690	324.261008404709	16
2	694	325.459008322042	15
2	698	326.046665341816	16
2	700	327.35755781586	17
2	702	327.96245617296	16
2	706	328.142170779221	17
2	708	336.160996611682	16
2	712	341.249314307338	17
2	714	341.275314706631	16
2	718	342.30000348195	17
2	720	344.275561545051	16
2	724	347.434396957808	17
2	726	348.498337527131	16
2	730	348.999001541276	17
2	732	350.772743442797	16
2	736	353.026795773648	17
2	738	354.646291197487	16
2	742	355.65973997666	15
2	746	358.084804164355	16
2	748	359.250960311805	15
2	752	359.392037675953	16
2	754	363.322526639705	17
2	756	366.103867409077	16
2	760	368.697342448039	17
2	762	378.894889261561	16
2	766	380.331415705285	17
2	768	396.550728467842	16
2	772	399.186106354147	15
2	776	399.343892674659	16
2	778	400.895871220405	17
2	780	406.228485353826	16
2	784	406.287235917105	15
2	788	408.010892029206	16
2	790	408.485585991093	15
2	794	409.398711667339	14
2	798	411.516990318608	15
2	800	412.617763243225	14
2	804	413.199282920693	15
2	806	413.531227869684	16
2	808	414.566880757688	17
2	810	415.78178984431	16
2	814	417.962482268598	15
2	818	418.189280085202	16
2	820	419.195308427788	15
2	824	420.347401487314	16
2	826	422.05676779802	15
2	830	426.784822567858	16
2	832	427.397069780001	15
2	836	427.4312104941	16
2	838	427.919308162359	15
2	842	428.914848214745	14
2	846	429.515524649022	13
2	850	429.92649795841	14
2	852	430.633666634174	15
2	854	431.429942726405	16
2	856	433.512058365133	15
2	860	433.682480124867	16
2	862	436.479876621176	17
2	864	437.946181078842	16
2	868	439.586037648562	17
2	870	441.506216153311	16
2	874	442.809571419689	15
2	878	446.144135164139	16
2	880	447.643969313416	15
2	884	448.157903148509	16
2	886	448.755283154992	15
2	890	448.966826120005	14
2	894	450.673146635307	15
2	896	450.766735338047	16
2	898	451.208587731176	17
2	900	451.903204715453	16
2	904	452.408102287772	15
2	908	453.669145008213	14
2	912	453.809082467395	15
2	914	456.049936733918	16
2	916	456.438864989813	15
2	920	457.891885242116	16
2	922	458.552357397427	17
2	924	462.509413331294	16
2	928	465.175548058093	17
2	930	470.380116258024	16
2	934	470.571391337545	17
2	936	474.073169806501	16
2	940	474.148884199274	17
2	942	481.743919107029	16
2	946	484.437721394402	17
2	948	490.979628604516	16
2	952	495.013678702864	17
2	954	496.839568596186	16
2	958	496.868762012707	17
2	960	506.636347568024	16
2	964	510.465791984984	15
2	968	510.606732245959	16
2	970	511.20830022351	15
2	974	511.454608094854	14
2	978	511.768864518026	15
2	980	513.01640389692	14
2	984	513.718002740797	15
2	986	514.310308299214	16
2	988	517.644674759187	15
2	992	518.737732921534	16
2	994	519.149595876575	17
2	996	520.496353829853	16
2	1000	521.96590953304	17
2	1002	524.332013756578	16
2	1006	524.751069787367	15
2	1010	525.878016919383	16
2	1012	532.725258474599	17
2	1014	537.805702619524	16
2	1018	538.861403017189	15
2	1022	539.457635457107	16
2	1024	539.656946616262	15
2	1028	540.182859966539	14
2	1032	543.590653228465	15
2	1034	543.60286249638	16
2	1036	543.646662526967	15
2	1040	546.354769705314	16
2	1042	550.106531017589	17
2	1044	558.634956485589	16
2	1048	558.811109617132	15
2	1052	560.907062133887	14
2	1056	561.24371517637	15
2	1058	561.775251627002	16
2	1060	562.054556816089	15
2	1064	562.410797891473	16
2	1066	566.487483796699	15
2	1070	566.961299857426	14
2	1074	567.083190262226	15
2	1076	568.075671845775	16
2	1078	568.970320239947	17
2	1080	571.461311419946	16
2	1084	572.788510274243	15
2	1088	572.869568560697	16
2	1090	572.882011569756	15
2	1094	577.963331033232	16
2	1096	578.998252924287	15
2	1100	579.955340655	16
2	1102	583.565910196207	15
2	1106	584.117865497001	14
2	1110	584.347864611798	15
2	1112	584.604292752875	16
2	1114	586.510106669515	17
2	1116	593.046118203097	16
2	1120	597.386545122844	17
2	1122	602.202024714904	16
2	1126	602.379342187408	15
2	1130	603.403206931684	16
2	1132	603.436387244564	15
2	1136	604.967654006851	16
2	1138	606.6047755768	15
2	1142	607.192873003687	16
2	1144	610.028379403418	17
2	1146	614.199140063842	16
2	1150	614.293741787621	15
2	1154	614.508690326096	16
2	1156	614.689843634649	17
2	1158	617.213409139462	16
2	1162	617.393177039299	15
2	1166	619.330012792483	16
2	1168	620.185296578314	17
2	1170	621.716687100739	16
2	1174	622.730786418939	15
2	1178	623.054420093439	16
2	1180	624.570762788713	15
2	1184	624.862533639397	16
2	1186	625.351583920843	17
2	1188	631.97279923441	16
2	1192	632.012191695806	15
2	1196	633.403763236923	16
2	1198	634.113319342298	15
2	1202	634.34842922584	14
2	1206	635.125593969524	15
2	1208	635.539371468494	14
2	1212	635.643492825809	13
2	1216	635.644998980972	14
2	1218	635.698611641849	15
2	1220	635.846156329995	16
2	1222	635.937011060162	15
2	1226	637.083937343841	16
2	1228	639.282705253887	15
2	1232	640.693332101511	16
2	1234	640.694922055009	17
2	1236	655.236003749027	16
2	1240	659.948858354753	15
2	1244	660.226776414801	14
2	1248	662.401795524436	13
2	1252	662.902052230405	14
2	1254	663.30428573433	15
2	1256	665.01190274255	16
2	1258	669.274351317798	15
2	1262	670.358771890727	14
2	1266	671.375248137743	15
2	1268	672.576988914717	16
2	1270	673.236535804221	17
2	1272	675.304748552874	16
2	1276	676.68672853209	17
2	1278	676.761980867298	16
2	1282	676.812600788101	17
2	1284	677.913706427555	16
2	1288	679.312636424505	15
2	1292	680.423615059578	16
2	1294	682.097194120922	15
2	1298	683.205716590332	14
2	1302	683.49172478594	15
2	1304	683.665392894522	16
2	1306	684.580159914253	17
2	1308	692.263497705972	16
2	1312	693.682467441689	15
2	1316	693.771401175432	16
2	1318	695.422456024886	15
2	1322	695.594474898432	16
2	1324	696.459546932376	15
2	1328	696.98283853406	16
2	1330	699.055536761529	15
2	1334	699.150533758815	16
2	1336	699.967145154962	15
2	1340	700.282194525449	16
2	1342	701.943967731106	17
2	1344	703.480208848515	16
2	1348	706.618509269376	15
2	1352	707.209697762632	16
2	1354	708.583202157728	17
2	1356	712.866788551988	16
2	1360	715.604157135433	15
2	1364	717.710382251771	16
2	1366	717.992183830521	17
2	1368	721.764150643106	16
2	1372	724.534881819401	17
2	1374	729.757585143115	16
2	1378	730.351280194763	15
2	1382	730.38616836279	16
2	1384	731.71886161965	15
2	1388	732.572986226102	14
2	1392	733.661422119843	13
2	1396	734.029937348768	14
2	1398	734.260305980791	13
2	1402	734.29638016553	14
2	1404	735.463994839871	15
2	1406	738.503748871327	16
2	1408	739.645566522305	17
2	1410	740.076686841684	16
2	1414	740.080466893522	15
2	1418	740.771619424265	16
2	1420	742.562732528025	17
2	1422	751.380648634496	16
2	1426	752.32782890677	17
2	1428	753.823779703272	16
2	1432	754.820443531934	15
2	1436	755.263329748621	16
2	1438	755.635227546228	15
2	1442	757.775877506897	14
2	1446	760.524822626662	13
2	1450	760.748455271998	14
2	1452	761.071222804949	13
2	1456	762.105795495994	14
2	1458	762.68328285888	13
2	1462	763.332782557827	12
2	1466	764.156860027689	13
2	1468	766.373114372317	12
2	1472	768.168993637715	11
2	1476	768.458662352137	12
2	1478	769.394688207352	11
2	1482	769.488707812639	12
2	1484	770.319107851738	13
2	1486	770.405017357528	12
2	1490	770.699480716381	11
2	1494	771.08478230572	10
2	1498	771.737601372529	11
2	1500	772.02342200704	12
2	1502	772.151823160965	11
2	1506	772.743271059281	10
2	1510	773.321164214632	11
2	1512	774.16213488248	10
2	1516	774.192480151903	11
2	1518	774.276727828812	12
2	1520	774.475413760113	13
2	1522	775.390666729282	14
2	1524	776.035978679783	15
2	1526	777.565396579394	16
2	1528	777.730938367815	15
2	1532	779.223092768112	14
2	1536	780.500165355844	15
2	1538	780.835355214769	14
2	1542	782.652928331066	15
2	1544	783.465681327131	16
2	1546	784.009535417206	15
2	1550	784.858302349977	16
2	1552	790.148140254862	17
2	1554	793.243613324316	16
2	1558	793.691316629738	17
2	1560	804.18064800935	16
2	1564	805.855189398649	15
2	1568	806.215206010319	14
2	1572	807.574532559772	15
2	1574	808.882903259272	16
2	1576	809.0671793993	17
2	1578	814.325508507901	16
2	1582	815.017119288883	15
2	1586	815.202098401631	16
2	1588	816.23726443202	15
2	1592	820.075550739594	16
2	1594	822.086035676512	17
2	1596	826.78230493175	16
2	1600	828.660368415434	15
2	1604	828.861810160564	16
2	1606	829.960681186854	15
2	1610	832.664613936465	16
2	1612	837.648713324311	15
2	1616	837.701785365794	16
2	1618	838.165762836833	17
2	1620	838.30316780004	16
2	1624	840.1090744211	15
2	1628	840.246773650914	14
2	1632	841.609273862669	15
2	1634	843.292070123907	14
2	1638	846.032833678457	15
2	1640	849.033701193603	14
2	1644	850.206477526007	15
2	1646	854.00736343549	16
2	1648	854.21489533297	15
2	1652	855.850410416186	16
2	1654	855.936677653457	15
2	1658	856.085153103083	16
2	1660	859.223469947077	17
2	1662	859.693574772053	16
2	1666	860.111740469067	15
2	1670	860.657265088038	16
2	1672	861.067150919864	17
2	1674	863.27280736599	16
2	1678	863.796028101413	17
2	1680	871.387882741383	16
2	1684	872.803783353083	17
2	1686	873.429841652659	16
2	1690	874.199407403501	17
2	1692	878.500633566454	16
2	1696	878.655241082782	15
2	1700	878.814185313091	14
2	1704	879.114806909751	13
2	1708	879.147973803616	14
2	1710	879.330262473631	13
2	1714	879.538913356008	14
2	1716	879.816444656211	15
2	1718	880.282219963859	16
2	1720	881.48015955266	15
2	1724	881.703366980018	14
2	1728	881.828805111482	15
2	1730	883.217965273498	14
2	1734	883.218621463175	15
2	1736	883.360076364146	14
2	1740	883.731590244048	15
2	1742	883.999191875657	14
2	1746	884.337785483551	15
2	1748	887.554510145714	14
2	1752	889.441914418079	15
2	1754	890.545508444768	14
2	1758	892.967544796749	15
2	1760	893.718004848454	16
2	1762	894.044402812004	17
2	1764	896.100650015033	16
2	1768	896.439776707776	15
2	1772	896.488852771128	16
2	1774	896.661849173683	17
2	1776	903.460621142278	16
2	1780	903.927905843684	17
2	1782	904.665629711792	16
2	1786	905.226824670509	17
2	1788	912.521253541591	16
2	1792	916.063142970793	15
2	1796	916.484131900493	14
2	1800	916.732661387863	15
2	1802	918.372736896187	16
2	1804	918.537851759865	15
2	1808	918.837047547222	14
2	1812	919.042830873517	15
2	1814	919.222100461253	16
2	1816	919.473392873463	17
2	1818	923.188640647041	16
2	1822	923.760969220059	15
2	1826	924.172272208026	16
2	1828	924.495347414836	17
2	1830	924.499726452624	16
2	1834	926.046009356968	17
2	1836	926.568602962173	16
2	1840	926.719737267274	15
2	1844	927.699474340442	16
2	1846	929.435329240836	15
2	1850	931.09498114109	16
2	1852	932.277132788023	17
2	1854	934.703773013236	16
2	1858	937.398699368515	15
2	1862	938.549211964957	16
2	1864	940.60272647887	17
2	1866	951.792919452254	16
2	1870	952.946725981525	17
2	1872	955.270328467566	16
2	1876	955.565667291962	17
2	1878	955.984541440766	16
2	1882	956.085323909877	17
2	1884	956.911494665696	16
2	1888	957.014891158419	15
2	1892	957.299823273036	14
2	1896	957.496670249592	15
2	1898	958.249358776479	16
2	1900	959.595849522514	17
2	1902	965.25641308822	16
2	1906	968.410186251002	15
2	1910	969.487181215579	14
2	1914	969.742301151261	13
2	1918	970.02675690868	12
2	1922	972.509174068818	13
2	1924	973.701022904716	14
2	1926	975.219030266368	13
2	1930	975.892249547168	14
2	1932	976.953361769998	13
2	1936	977.388982548509	14
2	1938	978.071855665948	13
2	1942	978.620131376396	14
2	1944	979.312536276728	15
2	1946	983.042200440396	16
2	1948	984.655432173024	17
2	1950	992.233310427818	16
2	1954	993.64094778116	15
2	1958	995.216794713355	16
2	1960	995.703166910365	15
2	1964	995.724748514503	16
2	1966	996.06113520774	15
2	1970	996.162675613369	14
2	1974	996.538451950754	15
2	1976	998.440410394046	16
2	1978	999.121078226661	15
2	1982	999.442149831672	16
3	252	100.205786080757	50.116147476434
3	258	101.121119749286	50.485790736014
3	264	104.580403128424	50.656141541126
3	270	106.483539569642	45.194077508887
3	276	109.12186704789	40.717710138018
3	280	111.968919765445	34.149391396212
3	286	117.165647030823	36.729365885
3	292	117.702612542674	36.595221822351
3	296	120.741721621767	38.369275888948
3	302	126.423213814813	37.663596815236
3	308	127.449394905517	36.732517252611
3	312	127.605483474379	34.331275170553
3	324	151.297376870779	57.954269559433
3	328	152.631766185534	57.959127510625
3	334	154.657937170057	58.399479908782
3	340	156.378465339928	58.774192475421
3	346	160.824918125025	62.023509723671
3	354	163.803600592074	63.134733947547
3	360	165.726315924835	64.212140561584
3	366	168.092561828956	61.894329549022
3	370	169.786672574244	60.861368838053
3	376	171.652975048575	58.10492235415
3	384	175.364007877847	57.730097486844
3	388	175.479228644125	54.309611739711
3	394	177.673719212205	51.244429425003
3	398	178.001272974441	49.804914774148
3	406	180.808242400432	46.927303841612
3	410	183.293137356052	49.091676201727
3	418	185.030945738383	46.925662285751
3	424	186.021370470758	33.081762520135
3	430	187.30352684277	32.399341174737
3	438	201.490353461697	44.276486658524
3	444	205.606102807881	44.082623549878
3	450	211.847406454105	48.55346514238
3	454	219.892432153353	54.792961694146
3	458	222.32137954096	54.242565484936
3	468	228.924966588833	58.774852055722
3	472	229.530681509079	57.781875607197
3	476	230.666018965778	56.222921750158
3	480	230.896888071017	54.395493061292
3	488	232.075679640319	53.175055539739
3	498	240.273976807416	60.850341932114
3	504	248.889864208051	65.355973664224
3	508	249.151591237176	64.626859680819
3	514	249.802365715297	63.803789941824
3	520	250.793932168746	64.30567383068
3	524	251.3999684019	59.523395216498
3	534	258.115151360596	64.224395588678
3	540	261.440904729275	58.943878826538
3	544	262.010270985597	53.171615363478
3	552	267.554073756743	44.967102208087
3	556	270.160484946408	47.245711445455
3	562	270.673943026726	45.999722804087
3	566	271.110610878523	39.937751726493
3	574	273.747360784319	41.729271295127
3	580	274.275208316214	40.935506901651
3	584	275.647411697647	42.11565299545
3	594	285.700490111295	45.637318139908
3	600	289.624897783177	46.811259045609
3	604	293.531244352029	44.098566925587
3	612	295.655477189411	45.649670109973
3	616	296.061579648187	44.383113363063
3	620	296.325489898469	44.178010945162
3	626	297.860888545653	39.745750049358
3	636	310.620613391765	51.838326692659
3	640	311.794865065993	48.438252132186
3	648	313.273679166315	49.518605913271
3	654	314.746045991181	44.547084748833
3	660	315.486102644459	43.580471760146
3	664	315.880798582577	43.802942088297
3	668	317.197675781271	43.099208165852
3	674	320.082819007593	43.729038392192
3	680	321.235119972592	44.708888835897
3	690	324.261008404709	47.617005289062
3	694	325.459008322042	39.319544435862
3	702	327.96245617296	33.939433068883
3	708	336.160996611682	40.699055934005
3	714	341.275314706631	43.423467542412
3	720	344.275561545051	44.855595149422
3	726	348.498337527131	48.90735189257
3	732	350.772743442797	46.053593321888
3	738	354.646291197487	42.156002400193
3	742	355.65973997666	43.006499250121
3	748	359.250960311805	45.087074857666
3	756	366.103867409077	51.288033745576
3	762	378.894889261561	61.520071238541
3	768	396.550728467842	76.21823017926
3	772	399.186106354147	77.779670733619
3	780	406.228485353826	84.642279063732
3	784	406.287235917105	82.718465418231
3	790	408.485585991093	82.438920649277
3	794	409.398711667339	82.041153851479
3	800	412.617763243225	84.475592464004
3	810	415.78178984431	74.532475536972
3	814	417.962482268598	75.662478786648
3	820	419.195308427788	71.76091146998
3	826	422.05676779802	73.057766256744
3	832	427.397069780001	74.370274006353
3	838	427.919308162359	69.834503998004
3	842	428.914848214745	69.522810538792
3	846	429.515524649022	66.192998009317
3	856	433.512058365133	64.814715917094
3	864	437.946181078842	57.614765373557
3	870	441.506216153311	42.162323478652
3	874	442.809571419689	41.913700199284
3	880	447.643969313416	39.63307728421
3	886	448.755283154992	37.238292836384
3	890	448.966826120005	35.767543199312
3	900	451.903204715453	38.371976845769
3	904	452.408102287772	37.841221530084
3	908	453.669145008213	35.479864923011
3	916	456.438864989813	36.091463502499
3	924	462.509413331294	35.724590763436
3	930	470.380116258024	42.948905763924
3	936	474.073169806501	44.146671848091
3	942	481.743919107029	51.110252472855
3	948	490.979628604516	59.549685878111
3	954	496.839568596186	63.157088471319
3	960	506.636347568024	70.156470946848
3	964	510.465791984984	70.879754336422
3	970	511.20830022351	65.064165059371
3	974	511.454608094854	63.296704946345
3	980	513.01640389692	62.343257261613
3	988	517.644674759187	66.87793942114
3	996	520.496353829853	69.287766098677
3	1002	524.332013756578	70.522931289183
3	1006	524.751069787367	68.701133053449
3	1014	537.805702619524	79.913817377408
3	1018	538.861403017189	80.309045619762
3	1024	539.656946616262	74.481398558169
3	1028	540.182859966539	69.611468628994
3	1036	543.646662526967	69.497778327693
3	1044	558.634956485589	74.197235091187
3	1048	558.811109617132	63.797430914268
3	1052	560.907062133887	64.03830012118
3	1060	562.054556816089	51.44782457013
3	1066	566.487483796699	54.718619278673
3	1070	566.961299857426	53.243297116629
3	1080	571.461311419946	57.151003120732
3	1084	572.788510274243	54.050777352709
3	1090	572.882011569756	53.732415693181
3	1096	578.998252924287	57.032343391247
3	1102	583.565910196207	57.687893276824
3	1106	584.117865497001	51.392607022402
3	1116	593.046118203097	53.58848274599
3	1122	602.202024714904	58.611371486439
3	1126	602.379342187408	58.776479691028
3	1132	603.436387244564	57.08161753925
3	1138	606.6047755768	56.498244559211
3	1146	614.199140063842	52.955424887472
3	1150	614.293741787621	52.518490160619
3	1158	617.213409139462	54.802611247989
3	1162	617.393177039299	50.309986777073
3	1170	621.716687100739	53.641015254964
3	1174	622.730786418939	53.760466178992
3	1180	624.570762788713	51.701194228016
3	1188	631.97279923441	54.009468201178
3	1192	632.012191695806	52.056851040806
3	1198	634.113319342298	49.7654547305
3	1202	634.34842922584	49.744136472965
3	1208	635.539371468494	49.029264798979
3	1212	635.643492825809	38.256947702965
3	1222	635.937011060162	32.533804128478
3	1228	639.282705253887	34.315051247036
3	1236	655.236003749027	48.04313074534
3	1240	659.948858354753	49.920478951335
3	1244	660.226776414801	45.718086088705
3	1248	662.401795524436	47.711951889787
3	1258	669.274351317798	49.944338525315
3	1262	670.358771890727	50.173475312413
3	1272	675.304748552874	52.250328459435
3	1278	676.761980867298	51.899447227901
3	1284	677.913706427555	52.562122506712
3	1288	679.312636424505	45.908873187582
3	1294	682.097194120922	46.971600151398
3	1298	683.205716590332	47.56071760936
3	1308	692.263497705972	56.564886064123
3	1312	693.682467441689	57.836311111694
3	1318	695.422456024886	58.338518681045
3	1324	696.459546932376	55.766214830865
3	1330	699.055536761529	58.36061470652
3	1336	699.967145154962	37.065092924557
3	1344	703.480208848515	40.175923114185
3	1348	706.618509269376	41.606606526826
3	1356	712.866788551988	41.491540414245
3	1360	715.604157135433	43.027168220716
3	1368	721.764150643106	48.527614838885
3	1374	729.757585143115	53.070856611025
3	1378	730.351280194763	53.538679406662
3	1384	731.71886161965	51.295246560072
3	1388	732.572986226102	49.081261440162
3	1392	733.661422119843	49.996029225321
3	1398	734.260305980791	49.680146066538
3	1410	740.076686841684	46.305285666252
3	1414	740.080466893522	44.48599199509
3	1422	751.380648634496	54.397810100436
3	1428	753.823779703272	54.673245944457
3	1432	754.820443531934	54.538249006485
3	1438	755.635227546228	53.691259815122
3	1442	757.775877506897	50.566179744265
3	1446	760.524822626662	51.941620468934
3	1452	761.071222804949	43.360840553178
3	1458	762.68328285888	44.691099028359
3	1462	763.332782557827	38.797900738426
3	1468	766.373114372317	35.986946009527
3	1472	768.168993637715	34.139056288947
3	1478	769.394688207352	35.098308041822
3	1486	770.405017357528	34.941022517657
3	1490	770.699480716381	32.195731845054
3	1494	771.08478230572	31.439215783415
3	1502	772.151823160965	31.3802037367
3	1506	772.743271059281	30.180538531256
3	1512	774.16213488248	21.83430597571
3	1528	777.730938367815	22.467608619194
3	1532	779.223092768112	18.474637496114
3	1538	780.835355214769	18.729559718775
3	1546	784.009535417206	19.852675389517
3	1554	793.243613324316	24.784950972179
3	1560	804.18064800935	34.691940196711
3	1564	805.855189398649	35.536081546911
3	1568	806.215206010319	34.47760463779
3	1578	814.325508507901	42.302086500861
3	1582	815.017119288883	41.695955074251
3	1588	816.23726443202	42.044784280117
3	1596	826.78230493175	52.505577102938
3	1600	828.660368415434	54.184954655321
3	1606	829.960681186854	54.570014457572
3	1612	837.648713324311	61.612734644528
3	1620	838.30316780004	60.737771220646
3	1624	840.1090744211	59.608909065256
3	1628	840.246773650914	57.593845319848
3	1634	843.292070123907	59.826388796776
3	1640	849.033701193603	64.175398843626
3	1648	854.21489533297	64.066755078108
3	1654	855.936677653457	62.245361023719
3	1662	859.693574772053	52.119042212281
3	1666	860.111740469067	51.228837209795
3	1674	863.27280736599	54.20562796669
3	1680	871.387882741383	56.185784339752
3	1686	873.429841652659	53.354290913065
3	1692	878.500633566454	56.414597889942
3	1696	878.655241082782	49.793430922218
3	1700	878.814185313091	46.149571376626
3	1704	879.114806909751	41.413021543957
3	1710	879.330262473631	41.164499636798
3	1720	881.48015955266	39.870885689991
3	1724	881.703366980018	35.670533301561
3	1730	883.217965273498	33.011487747491
3	1736	883.360076364146	29.352712928656
3	1742	883.999191875657	28.148781459471
3	1748	887.554510145714	31.469357042631
3	1754	890.545508444768	31.322038497691
3	1764	896.100650015033	35.443384926995
3	1768	896.439776707776	35.372625787912
3	1776	903.460621142278	39.664593040865
3	1782	904.665629711792	31.861846358709
3	1788	912.521253541591	38.32184613809
3	1792	916.063142970793	36.915169167177
3	1796	916.484131900493	36.945218544485
3	1804	918.537851759865	38.721407103654
3	1808	918.837047547222	38.554827583363
3	1818	923.188640647041	41.359835535559
3	1822	923.760969220059	40.542347756884
3	1830	924.499726452624	40.768136208576
3	1836	926.568602962173	42.230817478622
3	1840	926.719737267274	37.277822849195
3	1846	929.435329240836	36.467784444087
3	1854	934.703773013236	40.985768164782
3	1858	937.398699368515	43.354296556511
3	1866	951.792919452254	55.304066681126
3	1872	955.270328467566	58.608479293883
3	1878	955.984541440766	52.056635597082
3	1884	956.911494665696	51.684669995187
3	1888	957.014891158419	40.282229770556
3	1892	957.299823273036	38.927086376849
3	1902	965.25641308822	46.213582214703
3	1906	968.410186251002	49.188085789749
3	1910	969.487181215579	50.013788342116
3	1914	969.742301151261	45.570028943235
3	1918	970.02675690868	45.531409493844
3	1926	975.219030266368	49.1730209094
3	1932	976.953361769998	49.253887429556
3	1938	978.071855665948	46.976874524858
3	1950	992.233310427818	59.956177639795
3	1954	993.64094778116	55.091735816203
3	1960	995.703166910365	55.100440431495
3	1966	996.06113520774	43.114409226215
3	1970	996.162675613369	40.597008321407
3	1978	999.121078226661	43.035754316784
4	252	100.205786080757	0
4	258	101.121119749286	0
4	264	104.580403128424	0
4	270	106.483539569642	0
4	276	109.12186704789	0
4	280	111.968919765445	0
4	286	117.165647030823	0
4	292	117.702612542674	0
4	296	120.741721621767	0
4	302	126.423213814813	0
4	308	127.449394905517	0
4	312	127.605483474379	0
4	324	151.297376870779	0
4	328	152.631766185534	0
4	334	154.657937170057	0
4	340	156.378465339928	0
4	346	160.824918125025	0
4	354	163.803600592074	0
4	360	165.726315924835	0
4	366	168.092561828956	0
4	370	169.786672574244	0
4	376	171.652975048575	0
4	384	175.364007877847	0
4	388	175.479228644125	0
4	394	177.673719212205	0
4	398	178.001272974441	0
4	406	180.808242400432	0
4	410	183.293137356052	0
4	418	185.030945738383	0
4	424	186.021370470758	0
4	430	187.30352684277	0
4	438	201.490353461697	0
4	444	205.606102807881	0
4	450	211.847406454105	0
4	454	219.892432153353	0
4	458	222.32137954096	0
4	468	228.924966588833	0
4	472	229.530681509079	0
4	476	230.666018965778	0
4	480	230.896888071017	0
4	488	232.075679640319	0
4	498	240.273976807416	0
4	504	248.889864208051	0
4	508	249.151591237176	0
4	514	249.802365715297	0
4	520	250.793932168746	0
4	524	251.3999684019	0
4	534	258.115151360596	0
4	540	261.440904729275	0
4	544	262.010270985597	0
4	552	267.554073756743	0
4	556	270.160484946408	0
4	562	270.673943026726	0
4	566	271.110610878523	0
4	574	273.747360784319	0
4	580	274.275208316214	0
4	584	275.647411697647	0
4	594	285.700490111295	0
4	600	289.624897783177	0
4	604	293.531244352029	0
4	612	295.655477189411	0
4	616	296.061579648187	0
4	620	296.325489898469	0
4	626	297.860888545653	0
4	636	310.620613391765	0
4	640	311.794865065993	0
4	648	313.273679166315	0
4	654	314.746045991181	0
4	660	315.486102644459	0
4	664	315.880798582577	0
4	668	317.197675781271	0
4	674	320.082819007593	0
4	680	321.235119972592	0
4	690	324.261008404709	0
4	694	325.459008322042	0
4	702	327.96245617296	0
4	708	336.160996611682	0
4	714	341.275314706631	0
4	720	344.275561545051	0
4	726	348.498337527131	0
4	732	350.772743442797	0
4	738	354.646291197487	0
4	742	355.65973997666	0
4	748	359.250960311805	0
4	756	366.103867409077	0
4	762	378.894889261561	0
4	768	396.550728467842	0
4	772	399.186106354147	0
4	780	406.228485353826	0
4	784	406.287235917105	0
4	790	408.485585991093	0
4	794	409.398711667339	0
4	800	412.617763243225	0
4	810	415.78178984431	0
4	814	417.962482268598	0
4	820	419.195308427788	0
4	826	422.05676779802	0
4	832	427.397069780001	0
4	838	427.919308162359	0
4	842	428.914848214745	0
4	846	429.515524649022	0
4	856	433.512058365133	0
4	864	437.946181078842	0
4	870	441.506216153311	0
4	874	442.809571419689	0
4	880	447.643969313416	0
4	886	448.755283154992	0
4	890	448.966826120005	0
4	900	451.903204715453	0
4	904	452.408102287772	0
4	908	453.669145008213	0
4	916	456.438864989813	0
4	924	462.509413331294	0
4	930	470.380116258024	0
4	936	474.073169806501	0
4	942	481.743919107029	0
4	948	490.979628604516	0
4	954	496.839568596186	0
4	960	506.636347568024	0
4	964	510.465791984984	0
4	970	511.20830022351	0
4	974	511.454608094854	0
4	980	513.01640389692	0
4	988	517.644674759187	0
4	996	520.496353829853	0
4	1002	524.332013756578	0
4	1006	524.751069787367	0
4	1014	537.805702619524	0
4	1018	538.861403017189	0
4	1024	539.656946616262	0
4	1028	540.182859966539	0
4	1036	543.646662526967	0
4	1044	558.634956485589	0
4	1048	558.811109617132	0
4	1052	560.907062133887	0
4	1060	562.054556816089	0
4	1066	566.487483796699	0
4	1070	566.961299857426	0
4	1080	571.461311419946	0
4	1084	572.788510274243	0
4	1090	572.882011569756	0
4	1096	578.998252924287	0
4	1102	583.565910196207	0
4	1106	584.117865497001	0
4	1116	593.046118203097	0
4	1122	602.202024714904	0
4	1126	602.379342187408	0
4	1132	603.436387244564	0
4	1138	606.6047755768	0
4	1146	614.199140063842	0
4	1150	614.293741787621	0
4	1158	617.213409139462	0
4	1162	617.393177039299	0
4	1170	621.716687100739	0
4	1174	622.730786418939	0
4	1180	624.570762788713	0
4	1188	631.97279923441	0
4	1192	632.012191695806	0
4	1198	634.113319342298	0
4	1202	634.34842922584	0
4	1208	635.539371468494	0
4	1212	635.643492825809	0
4	1222	635.937011060162	0
4	1228	639.282705253887	0
4	1236	655.236003749027	0
4	1240	659.948858354753	0
4	1244	660.226776414801	0
4	1248	662.401795524436	0
4	1258	669.274351317798	0
4	1262	670.358771890727	0
4	1272	675.304748552874	0
4	1278	676.761980867298	0
4	1284	677.913706427555	0
4	1288	679.312636424505	0
4	1294	682.097194120922	0
4	1298	683.205716590332	0
4	1308	692.263497705972	0
4	1312	693.682467441689	0
4	1318	695.422456024886	0
4	1324	696.459546932376	0
4	1330	699.055536761529	0
4	1336	699.967145154962	0
4	1344	703.480208848515	0
4	1348	706.618509269376	0
4	1356	712.866788551988	0
4	1360	715.604157135433	0
4	1368	721.764150643106	0
4	1374	729.757585143115	0
4	1378	730.351280194763	0
4	1384	731.71886161965	0
4	1388	732.572986226102	0
4	1392	733.661422119843	0
4	1398	734.260305980791	0
4	1410	740.076686841684	0
4	1414	740.080466893522	0
4	1422	751.380648634496	0
4	1428	753.823779703272	0
4	1432	754.820443531934	0
4	1438	755.635227546228	0
4	1442	757.775877506897	0
4	1446	760.524822626662	0
4	1452	761.071222804949	0
4	1458	762.68328285888	0
4	1462	763.332782557827	0
4	1468	766.373114372317	0
4	1472	768.168993637715	0
4	1478	769.394688207352	0
4	1486	770.405017357528	0
4	1490	770.699480716381	0
4	1494	771.08478230572	0
4	1502	772.151823160965	0
4	1506	772.743271059281	0
4	1512	774.16213488248	0
4	1528	777.730938367815	0
4	1532	779.223092768112	0
4	1538	780.835355214769	0
4	1546	784.009535417206	0
4	1554	793.243613324316	0
4	1560	804.18064800935	0
4	1564	805.855189398649	0
4	1568	806.215206010319	0
4	1578	814.325508507901	0
4	1582	815.017119288883	0
4	1588	816.23726443202	0
4	1596	826.78230493175	0
4	1600	828.660368415434	0
4	1606	829.960681186854	0
4	1612	837.648713324311	0
4	1620	838.30316780004	0
4	1624	840.1090744211	0
4	1628	840.246773650914	0
4	1634	843.292070123907	0
4	1640	849.033701193603	0
4	1648	854.21489533297	0
4	1654	855.936677653457	0
4	1662	859.693574772053	0
4	1666	860.111740469067	0
4	1674	863.27280736599	0
4	1680	871.387882741383	0
4	1686	873.429841652659	0
4	1692	878.500633566454	0
4	1696	878.655241082782	0
4	1700	878.814185313091	0
4	1704	879.114806909751	0
4	1710	879.330262473631	0
4	1720	881.48015955266	0
4	1724	881.703366980018	0
4	1730	883.217965273498	0
4	1736	883.360076364146	0
4	1742	883.999191875657	0
4	1748	887.554510145714	0
4	1754	890.545508444768	0
4	1764	896.100650015033	0
4	1768	896.439776707776	0
4	1776	903.460621142278	0
4	1782	904.665629711792	0
4	1788	912.521253541591	0
4	1792	916.063142970793	0
4	1796	916.484131900493	0
4	1804	918.537851759865	0
4	1808	918.837047547222	0
4	1818	923.188640647041	0
4	1822	923.760969220059	0
4	1830	924.499726452624	0
4	1836	926.568602962173	0
4	1840	926.719737267274	0
4	1846	929.435329240836	0
4	1854	934.703773013236	0
4	1858	937.398699368515	0
4	1866	951.792919452254	0
4	1872	955.270328467566	0
4	1878	955.984541440766	0
4	1884	956.911494665696	0
4	1888	957.014891158419	0
4	1892	957.299823273036	0
4	1902	965.25641308822	0
4	1906	968.410186251002	0
4	1910	969.487181215579	0
4	1914	969.742301151261	0
4	1918	970.02675690868	0
4	1926	975.219030266368	0
4	1932	976.953361769998	0
4	1938	978.071855665948	0
4	1950	992.233310427818	0
4	1954	993.64094778116	0
4	1960	995.703166910365	0
4	1966	996.06113520774	0
4	1970	996.162675613369	0
4	1978	999.121078226661	0
5	254	100.205786080757	1
5	255	100.668866644527	0
5	260	101.121119749286	1
5	261	101.514175363251	0
5	266	104.580403128424	1
5	267	106.198232279934	0
5	272	106.483539569642	1
5	273	108.925303736191	0
5	278	109.12186704789	1
5	282	111.968919765445	2
5	283	113.548052694425	1
5	288	117.165647030823	2
5	289	117.633910391003	1
5	294	117.702612542674	2
5	298	120.741721621767	3
5	299	121.169616904414	2
5	304	126.423213814813	3
5	305	126.429289787202	2
5	310	127.449394905517	3
5	314	127.605483474379	4
5	315	128.196358200293	3
5	317	133.88093855882	2
5	319	134.201461154325	1
5	321	138.105283452632	0
5	326	151.297376870779	1
5	330	152.631766185534	2
5	331	152.939607950623	1
5	336	154.657937170057	2
5	337	154.904185668033	1
5	342	156.378465339928	2
5	343	157.213866803173	1
5	348	160.824918125025	2
5	349	161.523479258003	1
5	351	163.293941311725	0
5	356	163.803600592074	1
5	357	165.099470459207	0
5	362	165.726315924835	1
5	363	168.078814056024	0
5	368	168.092561828956	1
5	372	169.786672574244	2
5	373	170.150114533111	1
5	378	171.652975048575	2
5	379	171.748805901882	1
5	381	174.44309721562	0
5	386	175.364007877847	1
5	390	175.479228644125	2
5	391	176.501395009725	1
5	396	177.673719212205	2
5	400	178.001272974441	3
5	401	178.90062410058	2
5	403	179.423634875302	1
5	408	180.808242400432	2
5	412	183.293137356052	3
5	413	183.533890543827	2
5	415	184.524731556357	1
5	420	185.030945738383	2
5	421	185.998575773473	1
5	426	186.021370470758	2
5	427	186.488258338066	1
5	432	187.30352684277	2
5	433	191.876573185402	1
5	435	193.890755771918	0
5	440	201.490353461697	1
5	441	202.497025902737	0
5	446	205.606102807881	1
5	447	208.838655622119	0
5	452	211.847406454105	1
5	456	219.892432153353	2
5	460	222.32137954096	3
5	461	222.586971548656	2
5	463	222.914773500953	1
5	465	224.674220222639	0
5	470	228.924966588833	1
5	474	229.530681509079	2
5	478	230.666018965778	3
5	482	230.896888071017	4
5	483	231.17285915203	3
5	485	232.018089489192	2
5	490	232.075679640319	3
5	491	233.339701414563	2
5	493	233.531758702197	1
5	495	240.063171971387	0
5	500	240.273976807416	1
5	501	242.813638737568	0
5	506	248.889864208051	1
5	510	249.151591237176	2
5	511	249.432677426442	1
5	516	249.802365715297	2
5	517	250.005807079438	1
5	522	250.793932168746	2
5	526	251.3999684019	3
5	527	251.678466285124	2
5	529	252.147478953307	1
5	531	258.115138496295	0
5	536	258.115151360596	1
5	537	258.782286699106	0
5	542	261.440904729275	1
5	546	262.010270985597	2
5	547	263.356612933807	1
5	549	263.755073253044	0
5	554	267.554073756743	1
5	558	270.160484946408	2
5	559	270.198961242348	1
5	564	270.673943026726	2
5	568	271.110610878523	3
5	569	271.905630884313	2
5	571	272.07785649428	1
5	576	273.747360784319	2
5	577	274.098467615419	1
5	582	274.275208316214	2
5	586	275.647411697647	3
5	587	276.353780615401	2
5	589	276.526231136695	1
5	591	276.644003115647	0
5	596	285.700490111295	1
5	597	286.13946388618	0
5	602	289.624897783177	1
5	606	293.531244352029	2
5	607	294.023023104077	1
5	609	295.461940677677	0
5	614	295.655477189411	1
5	618	296.061579648187	2
5	622	296.325489898469	3
5	623	297.851847164219	2
5	628	297.860888545653	3
5	629	299.419966395629	2
5	631	299.590985634561	1
5	633	304.719150120909	0
5	638	310.620613391765	1
5	642	311.794865065993	2
5	643	312.490288797294	1
5	645	312.653240726539	0
5	650	313.273679166315	1
5	651	314.163885454139	0
5	656	314.746045991181	1
5	657	314.815833663501	0
5	662	315.486102644459	1
5	666	315.880798582577	2
5	670	317.197675781271	3
5	671	317.37481802302	2
5	676	320.082819007593	3
5	677	320.332498288582	2
5	682	321.235119972592	3
5	683	321.406435620528	2
5	685	321.586206290094	1
5	687	323.568770498874	0
5	692	324.261008404709	1
5	696	325.459008322042	2
5	697	326.046665341816	1
5	699	327.35755781586	0
5	704	327.96245617296	1
5	705	328.142170779221	0
5	710	336.160996611682	1
5	711	341.249314307338	0
5	716	341.275314706631	1
5	717	342.30000348195	0
5	722	344.275561545051	1
5	723	347.434396957808	0
5	728	348.498337527131	1
5	729	348.999001541276	0
5	734	350.772743442797	1
5	735	353.026795773648	0
5	740	354.646291197487	1
5	744	355.65973997666	2
5	745	358.084804164355	1
5	750	359.250960311805	2
5	751	359.392037675953	1
5	753	363.322526639705	0
5	758	366.103867409077	1
5	759	368.697342448039	0
5	764	378.894889261561	1
5	765	380.331415705285	0
5	770	396.550728467842	1
5	774	399.186106354147	2
5	775	399.343892674659	1
5	777	400.895871220405	0
5	782	406.228485353826	1
5	786	406.287235917105	2
5	787	408.010892029206	1
5	792	408.485585991093	2
5	796	409.398711667339	3
5	797	411.516990318608	2
5	802	412.617763243225	3
5	803	413.199282920693	2
5	805	413.531227869684	1
5	807	414.566880757688	0
5	812	415.78178984431	1
5	816	417.962482268598	2
5	817	418.189280085202	1
5	822	419.195308427788	2
5	823	420.347401487314	1
5	828	422.05676779802	2
5	829	426.784822567858	1
5	834	427.397069780001	2
5	835	427.4312104941	1
5	840	427.919308162359	2
5	844	428.914848214745	3
5	848	429.515524649022	4
5	849	429.92649795841	3
5	851	430.633666634174	2
5	853	431.429942726405	1
5	858	433.512058365133	2
5	859	433.682480124867	1
5	861	436.479876621176	0
5	866	437.946181078842	1
5	867	439.586037648562	0
5	872	441.506216153311	1
5	876	442.809571419689	2
5	877	446.144135164139	1
5	882	447.643969313416	2
5	883	448.157903148509	1
5	888	448.755283154992	2
5	892	448.966826120005	3
5	893	450.673146635307	2
5	895	450.766735338047	1
5	897	451.208587731176	0
5	902	451.903204715453	1
5	906	452.408102287772	2
5	910	453.669145008213	3
5	911	453.809082467395	2
5	913	456.049936733918	1
5	918	456.438864989813	2
5	919	457.891885242116	1
5	921	458.552357397427	0
5	926	462.509413331294	1
5	927	465.175548058093	0
5	932	470.380116258024	1
5	933	470.571391337545	0
5	938	474.073169806501	1
5	939	474.148884199274	0
5	944	481.743919107029	1
5	945	484.437721394402	0
5	950	490.979628604516	1
5	951	495.013678702864	0
5	956	496.839568596186	1
5	957	496.868762012707	0
5	962	506.636347568024	1
5	966	510.465791984984	2
5	967	510.606732245959	1
5	972	511.20830022351	2
5	976	511.454608094854	3
5	977	511.768864518026	2
5	982	513.01640389692	3
5	983	513.718002740797	2
5	985	514.310308299214	1
5	990	517.644674759187	2
5	991	518.737732921534	1
5	993	519.149595876575	0
5	998	520.496353829853	1
5	999	521.96590953304	0
5	1004	524.332013756578	1
5	1008	524.751069787367	2
5	1009	525.878016919383	1
5	1011	532.725258474599	0
5	1016	537.805702619524	1
5	1020	538.861403017189	2
5	1021	539.457635457107	1
5	1026	539.656946616262	2
5	1030	540.182859966539	3
5	1031	543.590653228465	2
5	1033	543.60286249638	1
5	1038	543.646662526967	2
5	1039	546.354769705314	1
5	1041	550.106531017589	0
5	1046	558.634956485589	1
5	1050	558.811109617132	2
5	1054	560.907062133887	3
5	1055	561.24371517637	2
5	1057	561.775251627002	1
5	1062	562.054556816089	2
5	1063	562.410797891473	1
5	1068	566.487483796699	2
5	1072	566.961299857426	3
5	1073	567.083190262226	2
5	1075	568.075671845775	1
5	1077	568.970320239947	0
5	1082	571.461311419946	1
5	1086	572.788510274243	2
5	1087	572.869568560697	1
5	1092	572.882011569756	2
5	1093	577.963331033232	1
5	1098	578.998252924287	2
5	1099	579.955340655	1
5	1104	583.565910196207	2
5	1108	584.117865497001	3
5	1109	584.347864611798	2
5	1111	584.604292752875	1
5	1113	586.510106669515	0
5	1118	593.046118203097	1
5	1119	597.386545122844	0
5	1124	602.202024714904	1
5	1128	602.379342187408	2
5	1129	603.403206931684	1
5	1134	603.436387244564	2
5	1135	604.967654006851	1
5	1140	606.6047755768	2
5	1141	607.192873003687	1
5	1143	610.028379403418	0
5	1148	614.199140063842	1
5	1152	614.293741787621	2
5	1153	614.508690326096	1
5	1155	614.689843634649	0
5	1160	617.213409139462	1
5	1164	617.393177039299	2
5	1165	619.330012792483	1
5	1167	620.185296578314	0
5	1172	621.716687100739	1
5	1176	622.730786418939	2
5	1177	623.054420093439	1
5	1182	624.570762788713	2
5	1183	624.862533639397	1
5	1185	625.351583920843	0
5	1190	631.97279923441	1
5	1194	632.012191695806	2
5	1195	633.403763236923	1
5	1200	634.113319342298	2
5	1204	634.34842922584	3
5	1205	635.125593969524	2
5	1210	635.539371468494	3
5	1214	635.643492825809	4
5	1215	635.644998980972	3
5	1217	635.698611641849	2
5	1219	635.846156329995	1
5	1224	635.937011060162	2
5	1225	637.083937343841	1
5	1230	639.282705253887	2
5	1231	640.693332101511	1
5	1233	640.694922055009	0
5	1238	655.236003749027	1
5	1242	659.948858354753	2
5	1246	660.226776414801	3
5	1250	662.401795524436	4
5	1251	662.902052230405	3
5	1253	663.30428573433	2
5	1255	665.01190274255	1
5	1260	669.274351317798	2
5	1264	670.358771890727	3
5	1265	671.375248137743	2
5	1267	672.576988914717	1
5	1269	673.236535804221	0
5	1274	675.304748552874	1
5	1275	676.68672853209	0
5	1280	676.761980867298	1
5	1281	676.812600788101	0
5	1286	677.913706427555	1
5	1290	679.312636424505	2
5	1291	680.423615059578	1
5	1296	682.097194120922	2
5	1300	683.205716590332	3
5	1301	683.49172478594	2
5	1303	683.665392894522	1
5	1305	684.580159914253	0
5	1310	692.263497705972	1
5	1314	693.682467441689	2
5	1315	693.771401175432	1
5	1320	695.422456024886	2
5	1321	695.594474898432	1
5	1326	696.459546932376	2
5	1327	696.98283853406	1
5	1332	699.055536761529	2
5	1333	699.150533758815	1
5	1338	699.967145154962	2
5	1339	700.282194525449	1
5	1341	701.943967731106	0
5	1346	703.480208848515	1
5	1350	706.618509269376	2
5	1351	707.209697762632	1
5	1353	708.583202157728	0
5	1358	712.866788551988	1
5	1362	715.604157135433	2
5	1363	717.710382251771	1
5	1365	717.992183830521	0
5	1370	721.764150643106	1
5	1371	724.534881819401	0
5	1376	729.757585143115	1
5	1380	730.351280194763	2
5	1381	730.38616836279	1
5	1386	731.71886161965	2
5	1390	732.572986226102	3
5	1394	733.661422119843	4
5	1395	734.029937348768	3
5	1400	734.260305980791	4
5	1401	734.29638016553	3
5	1403	735.463994839871	2
5	1405	738.503748871327	1
5	1407	739.645566522305	0
5	1412	740.076686841684	1
5	1416	740.080466893522	2
5	1417	740.771619424265	1
5	1419	742.562732528025	0
5	1424	751.380648634496	1
5	1425	752.32782890677	0
5	1430	753.823779703272	1
5	1434	754.820443531934	2
5	1435	755.263329748621	1
5	1440	755.635227546228	2
5	1444	757.775877506897	3
5	1448	760.524822626662	4
5	1449	760.748455271998	3
5	1454	761.071222804949	4
5	1455	762.105795495994	3
5	1460	762.68328285888	4
5	1464	763.332782557827	5
5	1465	764.156860027689	4
5	1470	766.373114372317	5
5	1474	768.168993637715	6
5	1475	768.458662352137	5
5	1480	769.394688207352	6
5	1481	769.488707812639	5
5	1483	770.319107851738	4
5	1488	770.405017357528	5
5	1492	770.699480716381	6
5	1496	771.08478230572	7
5	1497	771.737601372529	6
5	1499	772.02342200704	5
5	1504	772.151823160965	6
5	1508	772.743271059281	7
5	1509	773.321164214632	6
5	1514	774.16213488248	7
5	1515	774.192480151903	6
5	1517	774.276727828812	5
5	1519	774.475413760113	4
5	1521	775.390666729282	3
5	1523	776.035978679783	2
5	1525	777.565396579394	1
5	1530	777.730938367815	2
5	1534	779.223092768112	3
5	1535	780.500165355844	2
5	1540	780.835355214769	3
5	1541	782.652928331066	2
5	1543	783.465681327131	1
5	1548	784.009535417206	2
5	1549	784.858302349977	1
5	1551	790.148140254862	0
5	1556	793.243613324316	1
5	1557	793.691316629738	0
5	1562	804.18064800935	1
5	1566	805.855189398649	2
5	1570	806.215206010319	3
5	1571	807.574532559772	2
5	1573	808.882903259272	1
5	1575	809.0671793993	0
5	1580	814.325508507901	1
5	1584	815.017119288883	2
5	1585	815.202098401631	1
5	1590	816.23726443202	2
5	1591	820.075550739594	1
5	1593	822.086035676512	0
5	1598	826.78230493175	1
5	1602	828.660368415434	2
5	1603	828.861810160564	1
5	1608	829.960681186854	2
5	1609	832.664613936465	1
5	1614	837.648713324311	2
5	1615	837.701785365794	1
5	1617	838.165762836833	0
5	1622	838.30316780004	1
5	1626	840.1090744211	2
5	1630	840.246773650914	3
5	1631	841.609273862669	2
5	1636	843.292070123907	3
5	1637	846.032833678457	2
5	1642	849.033701193603	3
5	1643	850.206477526007	2
5	1645	854.00736343549	1
5	1650	854.21489533297	2
5	1651	855.850410416186	1
5	1656	855.936677653457	2
5	1657	856.085153103083	1
5	1659	859.223469947077	0
5	1664	859.693574772053	1
5	1668	860.111740469067	2
5	1669	860.657265088038	1
5	1671	861.067150919864	0
5	1676	863.27280736599	1
5	1677	863.796028101413	0
5	1682	871.387882741383	1
5	1683	872.803783353083	0
5	1688	873.429841652659	1
5	1689	874.199407403501	0
5	1694	878.500633566454	1
5	1698	878.655241082782	2
5	1702	878.814185313091	3
5	1706	879.114806909751	4
5	1707	879.147973803616	3
5	1712	879.330262473631	4
5	1713	879.538913356008	3
5	1715	879.816444656211	2
5	1717	880.282219963859	1
5	1722	881.48015955266	2
5	1726	881.703366980018	3
5	1727	881.828805111482	2
5	1732	883.217965273498	3
5	1733	883.218621463175	2
5	1738	883.360076364146	3
5	1739	883.731590244048	2
5	1744	883.999191875657	3
5	1745	884.337785483551	2
5	1750	887.554510145714	3
5	1751	889.441914418079	2
5	1756	890.545508444768	3
5	1757	892.967544796749	2
5	1759	893.718004848454	1
5	1761	894.044402812004	0
5	1766	896.100650015033	1
5	1770	896.439776707776	2
5	1771	896.488852771128	1
5	1773	896.661849173683	0
5	1778	903.460621142278	1
5	1779	903.927905843684	0
5	1784	904.665629711792	1
5	1785	905.226824670509	0
5	1790	912.521253541591	1
5	1794	916.063142970793	2
5	1798	916.484131900493	3
5	1799	916.732661387863	2
5	1801	918.372736896187	1
5	1806	918.537851759865	2
5	1810	918.837047547222	3
5	1811	919.042830873517	2
5	1813	919.222100461253	1
5	1815	919.473392873463	0
5	1820	923.188640647041	1
5	1824	923.760969220059	2
5	1825	924.172272208026	1
5	1827	924.495347414836	0
5	1832	924.499726452624	1
5	1833	926.046009356968	0
5	1838	926.568602962173	1
5	1842	926.719737267274	2
5	1843	927.699474340442	1
5	1848	929.435329240836	2
5	1849	931.09498114109	1
5	1851	932.277132788023	0
5	1856	934.703773013236	1
5	1860	937.398699368515	2
5	1861	938.549211964957	1
5	1863	940.60272647887	0
5	1868	951.792919452254	1
5	1869	952.946725981525	0
5	1874	955.270328467566	1
5	1875	955.565667291962	0
5	1880	955.984541440766	1
5	1881	956.085323909877	0
5	1886	956.911494665696	1
5	1890	957.014891158419	2
5	1894	957.299823273036	3
5	1895	957.496670249592	2
5	1897	958.249358776479	1
5	1899	959.595849522514	0
5	1904	965.25641308822	1
5	1908	968.410186251002	2
5	1912	969.487181215579	3
5	1916	969.742301151261	4
5	1920	970.02675690868	5
5	1921	972.509174068818	4
5	1923	973.701022904716	3
5	1928	975.219030266368	4
5	1929	975.892249547168	3
5	1934	976.953361769998	4
5	1935	977.388982548509	3
5	1940	978.071855665948	4
5	1941	978.620131376396	3
5	1943	979.312536276728	2
5	1945	983.042200440396	1
5	1947	984.655432173024	0
5	1952	992.233310427818	1
5	1956	993.64094778116	2
5	1957	995.216794713355	1
5	1962	995.703166910365	2
5	1963	995.724748514503	1
5	1968	996.06113520774	2
5	1972	996.162675613369	3
5	1973	996.538451950754	2
5	1975	998.440410394046	1
5	1980	999.121078226661	2
5	1981	999.442149831672	1

