version 3
run General-20-20221103-10:28:22-6760
attr configname General
attr datetime 20221103-10:28:22
attr datetimef 20221103-102822
attr experiment General
attr inifile block.ini
attr iterationvars "$0=3, $1=20"
attr iterationvarsd 3/20
attr iterationvarsf 3,20-
attr measurement "$0=3, $1=20"
attr network Block
attr processid 6760
attr repetition 0
attr replication #0
attr resultdir results
attr runnumber 20
attr seedset 20
config network Block
config repeat 5
config sim-time-limit 1000s
config warmup-period 100s
config **.alloca.resourceModuleName "\"risorse\""
config **.dealloca.resourceModuleName "\"risorse\""
config **.is.delay exponential(3s)
config **.servente.serviceTime exponential(3s)
config **.dealloca.resourceAmount 2
config **.alloca.resourceAmount 2
config **.risorse.amount 6
config **.sorgente.numJobs (20)
config **.result-recording-modes all

vector 0 Block.is delayedJobs:vector ETV
attr interpolationmode sample-hold
attr recordingmode vector
attr title "number of delayed jobs"
vector 1 Block.alloca queueLength:vector ETV
attr interpolationmode sample-hold
attr recordingmode vector
attr title "queue length"
vector 2 Block.servente queueLength:vector ETV
attr interpolationmode sample-hold
attr recordingmode vector
attr title "queue length"
vector 3 Block.servente queueingTime:vector ETV
attr interpolationmode none
attr recordingmode vector
attr title "queueing time at dequeue"
attr unit s
vector 4 Block.alloca queueingTime:vector ETV
attr interpolationmode none
attr recordingmode vector
attr title "queueing time at dequeue"
attr unit s
vector 5 Block.risorse amount:vector ETV
attr interpolationmode sample-hold
attr recordingmode vector
attr title "available resource"
0	273	100.934582400173	0
0	278	103.093271839774	1
0	279	103.622154475384	0
0	284	106.86443851457	1
0	288	107.914536872905	2
0	292	109.110701636674	3
0	293	109.599346912922	2
0	295	109.620902674631	1
0	300	110.047175865781	2
0	304	110.487650705616	3
0	308	111.883080994196	4
0	312	111.930682182833	5
0	313	112.063659055542	4
0	315	113.157596587474	3
0	320	113.198794345943	4
0	321	114.023344024038	3
0	323	116.40762511962	2
0	325	116.819153541549	1
0	327	117.825133930566	0
0	332	123.140000690418	1
0	336	123.793924828085	2
0	337	125.831576131905	1
0	339	127.070228290555	0
0	344	134.10845733927	1
0	348	134.370965653405	2
0	352	135.155631571603	3
0	356	135.680387629858	4
0	357	136.03444398025	3
0	359	137.228643831011	2
0	361	137.317608114862	1
0	363	137.767385715327	0
0	368	143.645765402073	1
0	369	143.759132095057	0
0	374	151.446865865055	1
0	375	155.141063323211	0
0	380	157.080834985225	1
0	384	158.904467012865	2
0	385	159.986988471776	1
0	390	161.25239196791	2
0	394	162.477811456507	3
0	395	163.097671443429	2
0	397	163.417114453254	1
0	399	163.910978138799	0
0	404	166.099269252769	1
0	405	167.134746093379	0
0	410	169.11425298024	1
0	414	170.557538859679	2
0	415	170.821291460976	1
0	417	171.558359736752	0
0	422	177.436290362819	1
0	426	178.969466609198	2
0	430	180.310961346441	3
0	431	180.42945715496	2
0	436	185.531707474934	3
0	440	185.679065000268	4
0	441	186.947287785041	3
0	443	186.966728473737	2
0	445	187.64739580728	1
0	450	189.457745358253	2
0	454	189.777770773172	3
0	455	191.857270241005	2
0	457	192.025892473858	1
0	459	193.100830421348	0
0	464	199.945375314749	1
0	468	200.601628556838	2
0	469	201.538744212471	1
0	471	203.175783465858	0
0	476	205.582258886388	1
0	480	206.633283843082	2
0	481	206.78135052889	1
0	483	208.38995714993	0
0	488	209.046982255105	1
0	489	212.614241094399	0
0	494	213.72632125288	1
0	495	214.793227195	0
0	500	216.842378052967	1
0	501	217.385633011111	0
0	506	218.762105242523	1
0	507	219.973638231678	0
0	512	224.566453215069	1
0	513	225.108997021112	0
0	518	226.812050379543	1
0	522	228.000827706212	2
0	523	229.00315778759	1
0	528	232.191540170474	2
0	529	232.53308704589	1
0	531	234.194612445627	0
0	536	245.946744009718	1
0	537	246.320040252338	0
0	542	248.719793160836	1
0	543	252.945702591692	0
0	548	253.16307475509	1
0	549	258.640161494679	0
0	554	259.542641630328	1
0	555	259.651193134171	0
0	560	260.252997596798	1
0	561	260.641423677077	0
0	566	271.948134666147	1
0	570	277.898593137405	2
0	571	278.597578518923	1
0	573	280.069982894895	0
0	578	282.445649093009	1
0	582	283.931004451464	2
0	586	285.784035568634	3
0	590	286.366573228612	4
0	591	286.542395232967	3
0	593	288.014632828965	2
0	598	288.247267544686	3
0	602	289.97109958493	4
0	603	290.193300653542	3
0	605	290.235841628407	2
0	607	291.431472738149	1
0	612	291.81275517233	2
0	613	293.125229544298	1
0	615	293.484153167694	0
0	620	294.843727820659	1
0	621	296.519988540273	0
0	626	306.494559635452	1
0	627	308.002463346706	0
0	632	310.006982718067	1
0	636	310.257356698712	2
0	640	311.057722265574	3
0	641	311.661727176327	2
0	646	312.295910884254	3
0	647	312.451366551685	2
0	652	313.787150248991	3
0	653	313.90918075395	2
0	655	315.444930262213	1
0	657	315.592814953009	0
0	662	318.636123055406	1
0	666	318.797659472122	2
0	670	319.1558751068	3
0	671	319.428992767877	2
0	676	321.655309547171	3
0	677	321.897403317386	2
0	682	321.908116304229	3
0	683	322.533035513569	2
0	685	323.001447347771	1
0	690	323.785772801007	2
0	691	324.212749788637	1
0	696	327.177108163394	2
0	700	327.199756434449	3
0	701	328.51525014532	2
0	706	330.604954835448	3
0	707	330.870262802783	2
0	709	331.772322970318	1
0	711	332.109144888288	0
0	716	335.463680977991	1
0	717	339.404695452318	0
0	722	346.202258941974	1
0	726	352.104444678173	2
0	727	352.133361903927	1
0	732	353.743890443882	2
0	733	354.557637508164	1
0	738	360.644831942773	2
0	742	361.753475627801	3
0	743	362.504102693558	2
0	745	363.254954348852	1
0	750	365.451221868992	2
0	751	366.101291025014	1
0	756	367.905000569932	2
0	760	369.064715136091	3
0	764	369.202367993818	4
0	768	370.160516739268	5
0	769	370.965354781796	4
0	771	371.720885339272	3
0	773	371.905741711944	2
0	775	375.333923676401	1
0	777	376.232291142375	0
0	782	377.606772552313	1
0	786	380.079819389773	2
0	790	380.470591934625	3
0	791	381.159198513602	2
0	796	382.954120041583	3
0	797	383.970727109731	2
0	799	384.408719181115	1
0	801	384.451644445081	0
0	806	384.459445540778	1
0	810	386.775263948226	2
0	814	387.821772801759	3
0	815	388.71624166273	2
0	820	389.938848339785	3
0	821	391.510088581516	2
0	823	392.974668504958	1
0	828	393.033413313003	2
0	829	393.182385355154	1
0	834	393.913230857957	2
0	835	393.936647449643	1
0	837	398.62912481113	0
0	842	400.393012674174	1
0	843	400.633508703113	0
0	848	405.058932154403	1
0	852	408.80608128587	2
0	856	409.401131607013	3
0	857	413.406650949275	2
0	859	413.501842176094	1
0	864	415.509348405573	2
0	865	418.706758995449	1
0	867	421.547835484215	0
0	872	426.735961313353	1
0	873	427.522995210913	0
0	878	429.962513601463	1
0	882	430.048272829719	2
0	883	430.296992269125	1
0	888	430.826283815936	2
0	889	432.760248359218	1
0	891	434.123554842341	0
0	896	438.152325553201	1
0	897	442.42933816522	0
0	902	443.584612569317	1
0	903	445.581168548995	0
0	908	445.608031903523	1
0	912	445.758008980995	2
0	913	446.576649213537	1
0	915	447.20075801399	0
0	920	447.84354189028	1
0	924	448.265383609703	2
0	928	449.693779947333	3
0	929	451.226442551823	2
0	934	451.642036304419	3
0	935	452.266159538766	2
0	937	455.073141966325	1
0	939	460.274540420888	0
0	944	462.790007640725	1
0	948	462.988768010821	2
0	949	463.401053192484	1
0	951	464.812701261488	0
0	956	474.943120673123	1
0	960	476.583914792064	2
0	961	477.045636283536	1
0	963	478.165130975177	0
0	968	487.289481242306	1
0	969	488.175000930135	0
0	974	488.713102143777	1
0	978	488.906096118986	2
0	979	491.600624725886	1
0	984	493.694313063622	2
0	985	495.66789360341	1
0	987	496.997680934577	0
0	992	498.779917072318	1
0	996	500.035992449176	2
0	1000	500.324056453482	3
0	1004	501.081460550452	4
0	1005	501.352945153556	3
0	1007	503.174511554688	2
0	1009	507.074918015817	1
0	1014	509.040795703579	2
0	1015	510.062548195937	1
0	1020	511.270898570416	2
0	1024	511.401965168828	3
0	1025	512.353972910588	2
0	1027	512.388890482144	1
0	1029	513.620622272137	0
0	1034	516.984564105992	1
0	1038	519.440692099	2
0	1042	520.120187425014	3
0	1046	520.619223862124	4
0	1047	521.620448383326	3
0	1049	521.741082172255	2
0	1051	523.67471808205	1
0	1053	526.450897382805	0
0	1058	526.561329471852	1
0	1062	529.536215135527	2
0	1063	530.070307953134	1
0	1065	533.925566347882	0
0	1070	534.184115613351	1
0	1074	535.446665919555	2
0	1075	535.938902647549	1
0	1080	538.160160520836	2
0	1084	540.106171465077	3
0	1085	540.443098109193	2
0	1087	541.234886862043	1
0	1089	544.51378739594	0
0	1094	544.745028112881	1
0	1095	545.427695658706	0
0	1100	551.560935003438	1
0	1104	561.09421807671	2
0	1105	562.986646884257	1
0	1107	564.230391210093	0
0	1112	564.231924320037	1
0	1116	564.31975817169	2
0	1117	564.823608842929	1
0	1119	567.87327888025	0
0	1124	571.930511781628	1
0	1128	573.655666996514	2
0	1129	575.869636639292	1
0	1131	576.897271358689	0
0	1136	578.837794017422	1
0	1137	582.838087763372	0
0	1142	586.477607580716	1
0	1146	592.460508881898	2
0	1147	593.593068657161	1
0	1152	595.354883210494	2
0	1156	596.037811187361	3
0	1157	596.862313566084	2
0	1159	597.19020610264	1
0	1161	603.696945938948	0
0	1166	605.035183452408	1
0	1167	605.160605019077	0
0	1172	609.656180795186	1
0	1176	611.216152565626	2
0	1180	611.663106995956	3
0	1181	614.005285120377	2
0	1183	614.400804515404	1
0	1185	616.676104405194	0
0	1190	618.989763949113	1
0	1194	620.602728920928	2
0	1195	621.975540136649	1
0	1200	622.479851348226	2
0	1204	622.666705456452	3
0	1205	623.999591903596	2
0	1210	624.533521611742	3
0	1211	624.7674605787	2
0	1213	626.495599771042	1
0	1218	629.074819537178	2
0	1219	631.381682965901	1
0	1221	632.787602369241	0
0	1226	634.638777300151	1
0	1227	634.692194552546	0
0	1232	636.241070153029	1
0	1233	636.438224557701	0
0	1238	636.477371349127	1
0	1242	636.629165084627	2
0	1243	636.850571362585	1
0	1248	638.659950032787	2
0	1252	638.968894709174	3
0	1253	639.756828274518	2
0	1255	641.819164692703	1
0	1257	641.960697748624	0
0	1262	642.996811675395	1
0	1263	645.416105437104	0
0	1268	649.434878732207	1
0	1272	649.635260500498	2
0	1276	650.545728180171	3
0	1280	650.59809192382	4
0	1281	650.772518295964	3
0	1286	652.674357356934	4
0	1290	653.859708130462	5
0	1291	654.076284249633	4
0	1293	654.858504258025	3
0	1295	655.677028227918	2
0	1300	657.247049843729	3
0	1304	657.312558794868	4
0	1305	657.996741492373	3
0	1310	658.792930822371	4
0	1311	659.305331690562	3
0	1313	660.402201054322	2
0	1315	661.787164091561	1
0	1320	662.386500405231	2
0	1324	662.934812687315	3
0	1325	662.955750055785	2
0	1327	664.255546571051	1
0	1332	664.296613949388	2
0	1336	664.896928038816	3
0	1337	666.366241325432	2
0	1342	668.736152518884	3
0	1346	669.769004738858	4
0	1347	670.743551462982	3
0	1352	670.857326452193	4
0	1353	671.06412573441	3
0	1355	672.395897581593	2
0	1360	672.728507890285	3
0	1361	672.781122631892	2
0	1363	678.260909061802	1
0	1365	678.881850251641	0
0	1370	680.234580676416	1
0	1371	681.577526848518	0
0	1376	685.149187334983	1
0	1380	685.767654531755	2
0	1384	687.358834053948	3
0	1385	688.209681921459	2
0	1387	689.480872918019	1
0	1389	692.906041392322	0
0	1394	693.14503140792	1
0	1398	693.316582230835	2
0	1402	698.817144466894	3
0	1403	699.027273197887	2
0	1408	701.651280221314	3
0	1409	702.706015839824	2
0	1414	704.244179736386	3
0	1415	705.119088216325	2
0	1420	705.863615867373	3
0	1424	706.511842365493	4
0	1425	706.600461794436	3
0	1427	708.397076072165	2
0	1429	710.553260461944	1
0	1434	711.129652002711	2
0	1435	717.408179541384	1
0	1437	718.259012950956	0
0	1442	721.092636655083	1
0	1443	722.824124158647	0
0	1448	723.363570178571	1
0	1449	724.092628883663	0
0	1454	727.63740587182	1
0	1455	729.677380293323	0
0	1460	735.402072822	1
0	1464	736.317396114212	2
0	1468	736.547252291922	3
0	1469	736.67694372661	2
0	1471	738.012994529609	1
0	1476	741.411897473342	2
0	1480	741.5534710643	3
0	1481	742.657788688089	2
0	1483	742.938115981367	1
0	1488	742.963551752868	2
0	1489	743.133145768771	1
0	1491	743.174277219969	0
0	1496	747.046617059122	1
0	1497	747.759561149393	0
0	1502	751.996570802691	1
0	1506	753.962274293196	2
0	1507	754.786719394754	1
0	1512	755.786038474021	2
0	1513	755.830942474315	1
0	1515	760.288203543313	0
0	1520	763.38686548997	1
0	1524	764.480055672921	2
0	1528	764.508389221044	3
0	1529	765.052744210137	2
0	1531	765.852313741008	1
0	1533	767.393641052621	0
0	1538	770.453421388762	1
0	1542	771.115391195631	2
0	1543	771.609912146366	1
0	1548	772.157212607536	2
0	1549	780.032626996756	1
0	1551	781.232196026568	0
0	1556	781.834823785515	1
0	1557	783.788438296693	0
0	1562	785.235371526185	1
0	1566	786.331885004987	2
0	1570	787.130675627865	3
0	1571	787.723554268737	2
0	1573	789.338525595971	1
0	1575	790.17729182716	0
0	1580	792.150020876584	1
0	1581	792.263623321153	0
0	1586	806.074934200444	1
0	1590	811.647787783855	2
0	1591	814.865703670965	1
0	1596	815.913168539792	2
0	1597	818.2744965079	1
0	1599	819.852682941466	0
0	1604	821.785947602023	1
0	1605	823.627547951345	0
0	1610	825.21987644758	1
0	1611	826.854036361294	0
0	1616	833.192429656546	1
0	1620	837.257623963864	2
0	1621	838.675444281169	1
0	1623	839.241389420142	0
0	1628	840.789735950957	1
0	1632	841.838180125624	2
0	1633	842.334565475104	1
0	1635	843.274109265693	0
0	1640	845.035041583258	1
0	1644	846.535557677673	2
0	1645	849.709678490629	1
0	1650	853.464638568026	2
0	1651	853.817117384411	1
0	1653	854.021239897391	0
0	1658	859.140416710717	1
0	1662	861.158479238436	2
0	1663	862.593584045691	1
0	1665	863.172780895625	0
0	1670	867.949225147932	1
0	1674	868.20721429986	2
0	1678	868.508480938047	3
0	1679	869.203843292288	2
0	1681	869.605724210765	1
0	1686	870.895757012817	2
0	1687	872.880880943429	1
0	1689	872.919203391482	0
0	1694	873.632143577647	1
0	1695	874.272911250392	0
0	1700	885.540177404508	1
0	1701	886.151148929573	0
0	1706	887.602186233169	1
0	1707	888.675431340969	0
0	1712	891.324357499282	1
0	1713	894.015052105721	0
0	1718	894.760608782684	1
0	1719	896.816837272088	0
0	1724	899.180487671132	1
0	1728	903.359469688968	2
0	1732	904.116197086282	3
0	1736	904.305491983502	4
0	1737	904.535584637839	3
0	1742	905.464447268208	4
0	1743	906.182380584303	3
0	1745	906.482193206264	2
0	1747	906.634678562305	1
0	1752	907.990883578907	2
0	1753	908.118721138306	1
0	1758	908.463716718481	2
0	1759	909.362730506056	1
0	1761	909.75426187572	0
0	1766	915.660831915115	1
0	1767	919.246207364653	0
0	1772	930.45526161488	1
0	1773	931.371781436541	0
0	1778	933.702384319352	1
0	1779	934.858650539784	0
0	1784	940.720777656021	1
0	1788	942.078971365319	2
0	1792	945.515756865226	3
0	1796	946.043948105641	4
0	1800	946.662816587717	5
0	1801	948.551354361286	4
0	1803	950.224380164307	3
0	1805	950.237927087627	2
0	1807	954.490818294407	1
0	1812	954.778965203325	2
0	1813	956.492692620172	1
0	1815	960.008930900776	0
0	1820	962.535519925353	1
0	1821	963.281832206979	0
0	1826	965.589453545674	1
0	1827	966.405308269641	0
0	1832	966.690297397244	1
0	1833	967.806542639401	0
0	1838	970.903002242762	1
0	1842	973.596541727519	2
0	1846	973.773922463907	3
0	1850	974.873692030363	4
0	1851	974.915054050179	3
0	1853	976.651682889679	2
0	1858	977.05385437572	3
0	1859	980.832981680274	2
0	1861	981.420165382384	1
0	1866	981.773610087327	2
0	1867	981.786833748128	1
0	1869	982.716409172428	0
0	1874	982.862836679819	1
0	1875	982.995595448312	0
0	1880	992.821940959939	1
0	1881	992.83658456673	0
0	1886	994.326984852431	1
0	1890	994.806522284209	2
0	1894	994.929387587373	3
0	1895	995.022590263608	2
0	1897	996.00557646988	1
0	1902	996.324185074294	2
1	274	100.934582400173	17
1	276	103.093271839774	16
1	280	103.622154475384	17
1	282	106.86443851457	16
1	286	107.914536872905	15
1	290	109.110701636674	14
1	294	109.599346912922	15
1	296	109.620902674631	16
1	298	110.047175865781	15
1	302	110.487650705616	14
1	306	111.883080994196	13
1	310	111.930682182833	12
1	314	112.063659055542	13
1	316	113.157596587474	14
1	318	113.198794345943	13
1	322	114.023344024038	14
1	324	116.40762511962	15
1	326	116.819153541549	16
1	328	117.825133930566	17
1	330	123.140000690418	16
1	334	123.793924828085	15
1	338	125.831576131905	16
1	340	127.070228290555	17
1	342	134.10845733927	16
1	346	134.370965653405	15
1	350	135.155631571603	14
1	354	135.680387629858	13
1	358	136.03444398025	14
1	360	137.228643831011	15
1	362	137.317608114862	16
1	364	137.767385715327	17
1	366	143.645765402073	16
1	370	143.759132095057	17
1	372	151.446865865055	16
1	376	155.141063323211	17
1	378	157.080834985225	16
1	382	158.904467012865	15
1	386	159.986988471776	16
1	388	161.25239196791	15
1	392	162.477811456507	14
1	396	163.097671443429	15
1	398	163.417114453254	16
1	400	163.910978138799	17
1	402	166.099269252769	16
1	406	167.134746093379	17
1	408	169.11425298024	16
1	412	170.557538859679	15
1	416	170.821291460976	16
1	418	171.558359736752	17
1	420	177.436290362819	16
1	424	178.969466609198	15
1	428	180.310961346441	14
1	432	180.42945715496	15
1	434	185.531707474934	14
1	438	185.679065000268	13
1	442	186.947287785041	14
1	444	186.966728473737	15
1	446	187.64739580728	16
1	448	189.457745358253	15
1	452	189.777770773172	14
1	456	191.857270241005	15
1	458	192.025892473858	16
1	460	193.100830421348	17
1	462	199.945375314749	16
1	466	200.601628556838	15
1	470	201.538744212471	16
1	472	203.175783465858	17
1	474	205.582258886388	16
1	478	206.633283843082	15
1	482	206.78135052889	16
1	484	208.38995714993	17
1	486	209.046982255105	16
1	490	212.614241094399	17
1	492	213.72632125288	16
1	496	214.793227195	17
1	498	216.842378052967	16
1	502	217.385633011111	17
1	504	218.762105242523	16
1	508	219.973638231678	17
1	510	224.566453215069	16
1	514	225.108997021112	17
1	516	226.812050379543	16
1	520	228.000827706212	15
1	524	229.00315778759	16
1	526	232.191540170474	15
1	530	232.53308704589	16
1	532	234.194612445627	17
1	534	245.946744009718	16
1	538	246.320040252338	17
1	540	248.719793160836	16
1	544	252.945702591692	17
1	546	253.16307475509	16
1	550	258.640161494679	17
1	552	259.542641630328	16
1	556	259.651193134171	17
1	558	260.252997596798	16
1	562	260.641423677077	17
1	564	271.948134666147	16
1	568	277.898593137405	15
1	572	278.597578518923	16
1	574	280.069982894895	17
1	576	282.445649093009	16
1	580	283.931004451464	15
1	584	285.784035568634	14
1	588	286.366573228612	13
1	592	286.542395232967	14
1	594	288.014632828965	15
1	596	288.247267544686	14
1	600	289.97109958493	13
1	604	290.193300653542	14
1	606	290.235841628407	15
1	608	291.431472738149	16
1	610	291.81275517233	15
1	614	293.125229544298	16
1	616	293.484153167694	17
1	618	294.843727820659	16
1	622	296.519988540273	17
1	624	306.494559635452	16
1	628	308.002463346706	17
1	630	310.006982718067	16
1	634	310.257356698712	15
1	638	311.057722265574	14
1	642	311.661727176327	15
1	644	312.295910884254	14
1	648	312.451366551685	15
1	650	313.787150248991	14
1	654	313.90918075395	15
1	656	315.444930262213	16
1	658	315.592814953009	17
1	660	318.636123055406	16
1	664	318.797659472122	15
1	668	319.1558751068	14
1	672	319.428992767877	15
1	674	321.655309547171	14
1	678	321.897403317386	15
1	680	321.908116304229	14
1	684	322.533035513569	15
1	686	323.001447347771	16
1	688	323.785772801007	15
1	692	324.212749788637	16
1	694	327.177108163394	15
1	698	327.199756434449	14
1	702	328.51525014532	15
1	704	330.604954835448	14
1	708	330.870262802783	15
1	710	331.772322970318	16
1	712	332.109144888288	17
1	714	335.463680977991	16
1	718	339.404695452318	17
1	720	346.202258941974	16
1	724	352.104444678173	15
1	728	352.133361903927	16
1	730	353.743890443882	15
1	734	354.557637508164	16
1	736	360.644831942773	15
1	740	361.753475627801	14
1	744	362.504102693558	15
1	746	363.254954348852	16
1	748	365.451221868992	15
1	752	366.101291025014	16
1	754	367.905000569932	15
1	758	369.064715136091	14
1	762	369.202367993818	13
1	766	370.160516739268	12
1	770	370.965354781796	13
1	772	371.720885339272	14
1	774	371.905741711944	15
1	776	375.333923676401	16
1	778	376.232291142375	17
1	780	377.606772552313	16
1	784	380.079819389773	15
1	788	380.470591934625	14
1	792	381.159198513602	15
1	794	382.954120041583	14
1	798	383.970727109731	15
1	800	384.408719181115	16
1	802	384.451644445081	17
1	804	384.459445540778	16
1	808	386.775263948226	15
1	812	387.821772801759	14
1	816	388.71624166273	15
1	818	389.938848339785	14
1	822	391.510088581516	15
1	824	392.974668504958	16
1	826	393.033413313003	15
1	830	393.182385355154	16
1	832	393.913230857957	15
1	836	393.936647449643	16
1	838	398.62912481113	17
1	840	400.393012674174	16
1	844	400.633508703113	17
1	846	405.058932154403	16
1	850	408.80608128587	15
1	854	409.401131607013	14
1	858	413.406650949275	15
1	860	413.501842176094	16
1	862	415.509348405573	15
1	866	418.706758995449	16
1	868	421.547835484215	17
1	870	426.735961313353	16
1	874	427.522995210913	17
1	876	429.962513601463	16
1	880	430.048272829719	15
1	884	430.296992269125	16
1	886	430.826283815936	15
1	890	432.760248359218	16
1	892	434.123554842341	17
1	894	438.152325553201	16
1	898	442.42933816522	17
1	900	443.584612569317	16
1	904	445.581168548995	17
1	906	445.608031903523	16
1	910	445.758008980995	15
1	914	446.576649213537	16
1	916	447.20075801399	17
1	918	447.84354189028	16
1	922	448.265383609703	15
1	926	449.693779947333	14
1	930	451.226442551823	15
1	932	451.642036304419	14
1	936	452.266159538766	15
1	938	455.073141966325	16
1	940	460.274540420888	17
1	942	462.790007640725	16
1	946	462.988768010821	15
1	950	463.401053192484	16
1	952	464.812701261488	17
1	954	474.943120673123	16
1	958	476.583914792064	15
1	962	477.045636283536	16
1	964	478.165130975177	17
1	966	487.289481242306	16
1	970	488.175000930135	17
1	972	488.713102143777	16
1	976	488.906096118986	15
1	980	491.600624725886	16
1	982	493.694313063622	15
1	986	495.66789360341	16
1	988	496.997680934577	17
1	990	498.779917072318	16
1	994	500.035992449176	15
1	998	500.324056453482	14
1	1002	501.081460550452	13
1	1006	501.352945153556	14
1	1008	503.174511554688	15
1	1010	507.074918015817	16
1	1012	509.040795703579	15
1	1016	510.062548195937	16
1	1018	511.270898570416	15
1	1022	511.401965168828	14
1	1026	512.353972910588	15
1	1028	512.388890482144	16
1	1030	513.620622272137	17
1	1032	516.984564105992	16
1	1036	519.440692099	15
1	1040	520.120187425014	14
1	1044	520.619223862124	13
1	1048	521.620448383326	14
1	1050	521.741082172255	15
1	1052	523.67471808205	16
1	1054	526.450897382805	17
1	1056	526.561329471852	16
1	1060	529.536215135527	15
1	1064	530.070307953134	16
1	1066	533.925566347882	17
1	1068	534.184115613351	16
1	1072	535.446665919555	15
1	1076	535.938902647549	16
1	1078	538.160160520836	15
1	1082	540.106171465077	14
1	1086	540.443098109193	15
1	1088	541.234886862043	16
1	1090	544.51378739594	17
1	1092	544.745028112881	16
1	1096	545.427695658706	17
1	1098	551.560935003438	16
1	1102	561.09421807671	15
1	1106	562.986646884257	16
1	1108	564.230391210093	17
1	1110	564.231924320037	16
1	1114	564.31975817169	15
1	1118	564.823608842929	16
1	1120	567.87327888025	17
1	1122	571.930511781628	16
1	1126	573.655666996514	15
1	1130	575.869636639292	16
1	1132	576.897271358689	17
1	1134	578.837794017422	16
1	1138	582.838087763372	17
1	1140	586.477607580716	16
1	1144	592.460508881898	15
1	1148	593.593068657161	16
1	1150	595.354883210494	15
1	1154	596.037811187361	14
1	1158	596.862313566084	15
1	1160	597.19020610264	16
1	1162	603.696945938948	17
1	1164	605.035183452408	16
1	1168	605.160605019077	17
1	1170	609.656180795186	16
1	1174	611.216152565626	15
1	1178	611.663106995956	14
1	1182	614.005285120377	15
1	1184	614.400804515404	16
1	1186	616.676104405194	17
1	1188	618.989763949113	16
1	1192	620.602728920928	15
1	1196	621.975540136649	16
1	1198	622.479851348226	15
1	1202	622.666705456452	14
1	1206	623.999591903596	15
1	1208	624.533521611742	14
1	1212	624.7674605787	15
1	1214	626.495599771042	16
1	1216	629.074819537178	15
1	1220	631.381682965901	16
1	1222	632.787602369241	17
1	1224	634.638777300151	16
1	1228	634.692194552546	17
1	1230	636.241070153029	16
1	1234	636.438224557701	17
1	1236	636.477371349127	16
1	1240	636.629165084627	15
1	1244	636.850571362585	16
1	1246	638.659950032787	15
1	1250	638.968894709174	14
1	1254	639.756828274518	15
1	1256	641.819164692703	16
1	1258	641.960697748624	17
1	1260	642.996811675395	16
1	1264	645.416105437104	17
1	1266	649.434878732207	16
1	1270	649.635260500498	15
1	1274	650.545728180171	14
1	1278	650.59809192382	13
1	1282	650.772518295964	14
1	1284	652.674357356934	13
1	1288	653.859708130462	12
1	1292	654.076284249633	13
1	1294	654.858504258025	14
1	1296	655.677028227918	15
1	1298	657.247049843729	14
1	1302	657.312558794868	13
1	1306	657.996741492373	14
1	1308	658.792930822371	13
1	1312	659.305331690562	14
1	1314	660.402201054322	15
1	1316	661.787164091561	16
1	1318	662.386500405231	15
1	1322	662.934812687315	14
1	1326	662.955750055785	15
1	1328	664.255546571051	16
1	1330	664.296613949388	15
1	1334	664.896928038816	14
1	1338	666.366241325432	15
1	1340	668.736152518884	14
1	1344	669.769004738858	13
1	1348	670.743551462982	14
1	1350	670.857326452193	13
1	1354	671.06412573441	14
1	1356	672.395897581593	15
1	1358	672.728507890285	14
1	1362	672.781122631892	15
1	1364	678.260909061802	16
1	1366	678.881850251641	17
1	1368	680.234580676416	16
1	1372	681.577526848518	17
1	1374	685.149187334983	16
1	1378	685.767654531755	15
1	1382	687.358834053948	14
1	1386	688.209681921459	15
1	1388	689.480872918019	16
1	1390	692.906041392322	17
1	1392	693.14503140792	16
1	1396	693.316582230835	15
1	1400	698.817144466894	14
1	1404	699.027273197887	15
1	1406	701.651280221314	14
1	1410	702.706015839824	15
1	1412	704.244179736386	14
1	1416	705.119088216325	15
1	1418	705.863615867373	14
1	1422	706.511842365493	13
1	1426	706.600461794436	14
1	1428	708.397076072165	15
1	1430	710.553260461944	16
1	1432	711.129652002711	15
1	1436	717.408179541384	16
1	1438	718.259012950956	17
1	1440	721.092636655083	16
1	1444	722.824124158647	17
1	1446	723.363570178571	16
1	1450	724.092628883663	17
1	1452	727.63740587182	16
1	1456	729.677380293323	17
1	1458	735.402072822	16
1	1462	736.317396114212	15
1	1466	736.547252291922	14
1	1470	736.67694372661	15
1	1472	738.012994529609	16
1	1474	741.411897473342	15
1	1478	741.5534710643	14
1	1482	742.657788688089	15
1	1484	742.938115981367	16
1	1486	742.963551752868	15
1	1490	743.133145768771	16
1	1492	743.174277219969	17
1	1494	747.046617059122	16
1	1498	747.759561149393	17
1	1500	751.996570802691	16
1	1504	753.962274293196	15
1	1508	754.786719394754	16
1	1510	755.786038474021	15
1	1514	755.830942474315	16
1	1516	760.288203543313	17
1	1518	763.38686548997	16
1	1522	764.480055672921	15
1	1526	764.508389221044	14
1	1530	765.052744210137	15
1	1532	765.852313741008	16
1	1534	767.393641052621	17
1	1536	770.453421388762	16
1	1540	771.115391195631	15
1	1544	771.609912146366	16
1	1546	772.157212607536	15
1	1550	780.032626996756	16
1	1552	781.232196026568	17
1	1554	781.834823785515	16
1	1558	783.788438296693	17
1	1560	785.235371526185	16
1	1564	786.331885004987	15
1	1568	787.130675627865	14
1	1572	787.723554268737	15
1	1574	789.338525595971	16
1	1576	790.17729182716	17
1	1578	792.150020876584	16
1	1582	792.263623321153	17
1	1584	806.074934200444	16
1	1588	811.647787783855	15
1	1592	814.865703670965	16
1	1594	815.913168539792	15
1	1598	818.2744965079	16
1	1600	819.852682941466	17
1	1602	821.785947602023	16
1	1606	823.627547951345	17
1	1608	825.21987644758	16
1	1612	826.854036361294	17
1	1614	833.192429656546	16
1	1618	837.257623963864	15
1	1622	838.675444281169	16
1	1624	839.241389420142	17
1	1626	840.789735950957	16
1	1630	841.838180125624	15
1	1634	842.334565475104	16
1	1636	843.274109265693	17
1	1638	845.035041583258	16
1	1642	846.535557677673	15
1	1646	849.709678490629	16
1	1648	853.464638568026	15
1	1652	853.817117384411	16
1	1654	854.021239897391	17
1	1656	859.140416710717	16
1	1660	861.158479238436	15
1	1664	862.593584045691	16
1	1666	863.172780895625	17
1	1668	867.949225147932	16
1	1672	868.20721429986	15
1	1676	868.508480938047	14
1	1680	869.203843292288	15
1	1682	869.605724210765	16
1	1684	870.895757012817	15
1	1688	872.880880943429	16
1	1690	872.919203391482	17
1	1692	873.632143577647	16
1	1696	874.272911250392	17
1	1698	885.540177404508	16
1	1702	886.151148929573	17
1	1704	887.602186233169	16
1	1708	888.675431340969	17
1	1710	891.324357499282	16
1	1714	894.015052105721	17
1	1716	894.760608782684	16
1	1720	896.816837272088	17
1	1722	899.180487671132	16
1	1726	903.359469688968	15
1	1730	904.116197086282	14
1	1734	904.305491983502	13
1	1738	904.535584637839	14
1	1740	905.464447268208	13
1	1744	906.182380584303	14
1	1746	906.482193206264	15
1	1748	906.634678562305	16
1	1750	907.990883578907	15
1	1754	908.118721138306	16
1	1756	908.463716718481	15
1	1760	909.362730506056	16
1	1762	909.75426187572	17
1	1764	915.660831915115	16
1	1768	919.246207364653	17
1	1770	930.45526161488	16
1	1774	931.371781436541	17
1	1776	933.702384319352	16
1	1780	934.858650539784	17
1	1782	940.720777656021	16
1	1786	942.078971365319	15
1	1790	945.515756865226	14
1	1794	946.043948105641	13
1	1798	946.662816587717	12
1	1802	948.551354361286	13
1	1804	950.224380164307	14
1	1806	950.237927087627	15
1	1808	954.490818294407	16
1	1810	954.778965203325	15
1	1814	956.492692620172	16
1	1816	960.008930900776	17
1	1818	962.535519925353	16
1	1822	963.281832206979	17
1	1824	965.589453545674	16
1	1828	966.405308269641	17
1	1830	966.690297397244	16
1	1834	967.806542639401	17
1	1836	970.903002242762	16
1	1840	973.596541727519	15
1	1844	973.773922463907	14
1	1848	974.873692030363	13
1	1852	974.915054050179	14
1	1854	976.651682889679	15
1	1856	977.05385437572	14
1	1860	980.832981680274	15
1	1862	981.420165382384	16
1	1864	981.773610087327	15
1	1868	981.786833748128	16
1	1870	982.716409172428	17
1	1872	982.862836679819	16
1	1876	982.995595448312	17
1	1878	992.821940959939	16
1	1882	992.83658456673	17
1	1884	994.326984852431	16
1	1888	994.806522284209	15
1	1892	994.929387587373	14
1	1896	995.022590263608	15
1	1898	996.00557646988	16
1	1900	996.324185074294	15
2	275	103.093271839774	1
2	277	103.093271839774	2
2	281	106.86443851457	1
2	283	106.86443851457	2
2	285	107.914536872905	1
2	287	107.914536872905	2
2	289	109.110701636674	1
2	291	109.110701636674	2
2	297	110.047175865781	1
2	299	110.047175865781	2
2	301	110.487650705616	1
2	303	110.487650705616	2
2	305	111.883080994196	1
2	307	111.883080994196	2
2	309	111.930682182833	1
2	311	111.930682182833	2
2	317	113.198794345943	1
2	319	113.198794345943	2
2	329	123.140000690418	1
2	331	123.140000690418	2
2	333	123.793924828085	1
2	335	123.793924828085	2
2	341	134.10845733927	1
2	343	134.10845733927	2
2	345	134.370965653405	1
2	347	134.370965653405	2
2	349	135.155631571603	1
2	351	135.155631571603	2
2	353	135.680387629858	1
2	355	135.680387629858	2
2	365	143.645765402073	1
2	367	143.645765402073	2
2	371	151.446865865055	1
2	373	151.446865865055	2
2	377	157.080834985225	1
2	379	157.080834985225	2
2	381	158.904467012865	1
2	383	158.904467012865	2
2	387	161.25239196791	1
2	389	161.25239196791	2
2	391	162.477811456507	1
2	393	162.477811456507	2
2	401	166.099269252769	1
2	403	166.099269252769	2
2	407	169.11425298024	1
2	409	169.11425298024	2
2	411	170.557538859679	1
2	413	170.557538859679	2
2	419	177.436290362819	1
2	421	177.436290362819	2
2	423	178.969466609198	1
2	425	178.969466609198	2
2	427	180.310961346441	1
2	429	180.310961346441	2
2	433	185.531707474934	1
2	435	185.531707474934	2
2	437	185.679065000268	1
2	439	185.679065000268	2
2	447	189.457745358253	1
2	449	189.457745358253	2
2	451	189.777770773172	1
2	453	189.777770773172	2
2	461	199.945375314749	1
2	463	199.945375314749	2
2	465	200.601628556838	1
2	467	200.601628556838	2
2	473	205.582258886388	1
2	475	205.582258886388	2
2	477	206.633283843082	1
2	479	206.633283843082	2
2	485	209.046982255105	1
2	487	209.046982255105	2
2	491	213.72632125288	1
2	493	213.72632125288	2
2	497	216.842378052967	1
2	499	216.842378052967	2
2	503	218.762105242523	1
2	505	218.762105242523	2
2	509	224.566453215069	1
2	511	224.566453215069	2
2	515	226.812050379543	1
2	517	226.812050379543	2
2	519	228.000827706212	1
2	521	228.000827706212	2
2	525	232.191540170474	1
2	527	232.191540170474	2
2	533	245.946744009718	1
2	535	245.946744009718	2
2	539	248.719793160836	1
2	541	248.719793160836	2
2	545	253.16307475509	1
2	547	253.16307475509	2
2	551	259.542641630328	1
2	553	259.542641630328	2
2	557	260.252997596798	1
2	559	260.252997596798	2
2	563	271.948134666147	1
2	565	271.948134666147	2
2	567	277.898593137405	1
2	569	277.898593137405	2
2	575	282.445649093009	1
2	577	282.445649093009	2
2	579	283.931004451464	1
2	581	283.931004451464	2
2	583	285.784035568634	1
2	585	285.784035568634	2
2	587	286.366573228612	1
2	589	286.366573228612	2
2	595	288.247267544686	1
2	597	288.247267544686	2
2	599	289.97109958493	1
2	601	289.97109958493	2
2	609	291.81275517233	1
2	611	291.81275517233	2
2	617	294.843727820659	1
2	619	294.843727820659	2
2	623	306.494559635452	1
2	625	306.494559635452	2
2	629	310.006982718067	1
2	631	310.006982718067	2
2	633	310.257356698712	1
2	635	310.257356698712	2
2	637	311.057722265574	1
2	639	311.057722265574	2
2	643	312.295910884254	1
2	645	312.295910884254	2
2	649	313.787150248991	1
2	651	313.787150248991	2
2	659	318.636123055406	1
2	661	318.636123055406	2
2	663	318.797659472122	1
2	665	318.797659472122	2
2	667	319.1558751068	1
2	669	319.1558751068	2
2	673	321.655309547171	1
2	675	321.655309547171	2
2	679	321.908116304229	1
2	681	321.908116304229	2
2	687	323.785772801007	1
2	689	323.785772801007	2
2	693	327.177108163394	1
2	695	327.177108163394	2
2	697	327.199756434449	1
2	699	327.199756434449	2
2	703	330.604954835448	1
2	705	330.604954835448	2
2	713	335.463680977991	1
2	715	335.463680977991	2
2	719	346.202258941974	1
2	721	346.202258941974	2
2	723	352.104444678173	1
2	725	352.104444678173	2
2	729	353.743890443882	1
2	731	353.743890443882	2
2	735	360.644831942773	1
2	737	360.644831942773	2
2	739	361.753475627801	1
2	741	361.753475627801	2
2	747	365.451221868992	1
2	749	365.451221868992	2
2	753	367.905000569932	1
2	755	367.905000569932	2
2	757	369.064715136091	1
2	759	369.064715136091	2
2	761	369.202367993818	1
2	763	369.202367993818	2
2	765	370.160516739268	1
2	767	370.160516739268	2
2	779	377.606772552313	1
2	781	377.606772552313	2
2	783	380.079819389773	1
2	785	380.079819389773	2
2	787	380.470591934625	1
2	789	380.470591934625	2
2	793	382.954120041583	1
2	795	382.954120041583	2
2	803	384.459445540778	1
2	805	384.459445540778	2
2	807	386.775263948226	1
2	809	386.775263948226	2
2	811	387.821772801759	1
2	813	387.821772801759	2
2	817	389.938848339785	1
2	819	389.938848339785	2
2	825	393.033413313003	1
2	827	393.033413313003	2
2	831	393.913230857957	1
2	833	393.913230857957	2
2	839	400.393012674174	1
2	841	400.393012674174	2
2	845	405.058932154403	1
2	847	405.058932154403	2
2	849	408.80608128587	1
2	851	408.80608128587	2
2	853	409.401131607013	1
2	855	409.401131607013	2
2	861	415.509348405573	1
2	863	415.509348405573	2
2	869	426.735961313353	1
2	871	426.735961313353	2
2	875	429.962513601463	1
2	877	429.962513601463	2
2	879	430.048272829719	1
2	881	430.048272829719	2
2	885	430.826283815936	1
2	887	430.826283815936	2
2	893	438.152325553201	1
2	895	438.152325553201	2
2	899	443.584612569317	1
2	901	443.584612569317	2
2	905	445.608031903523	1
2	907	445.608031903523	2
2	909	445.758008980995	1
2	911	445.758008980995	2
2	917	447.84354189028	1
2	919	447.84354189028	2
2	921	448.265383609703	1
2	923	448.265383609703	2
2	925	449.693779947333	1
2	927	449.693779947333	2
2	931	451.642036304419	1
2	933	451.642036304419	2
2	941	462.790007640725	1
2	943	462.790007640725	2
2	945	462.988768010821	1
2	947	462.988768010821	2
2	953	474.943120673123	1
2	955	474.943120673123	2
2	957	476.583914792064	1
2	959	476.583914792064	2
2	965	487.289481242306	1
2	967	487.289481242306	2
2	971	488.713102143777	1
2	973	488.713102143777	2
2	975	488.906096118986	1
2	977	488.906096118986	2
2	981	493.694313063622	1
2	983	493.694313063622	2
2	989	498.779917072318	1
2	991	498.779917072318	2
2	993	500.035992449176	1
2	995	500.035992449176	2
2	997	500.324056453482	1
2	999	500.324056453482	2
2	1001	501.081460550452	1
2	1003	501.081460550452	2
2	1011	509.040795703579	1
2	1013	509.040795703579	2
2	1017	511.270898570416	1
2	1019	511.270898570416	2
2	1021	511.401965168828	1
2	1023	511.401965168828	2
2	1031	516.984564105992	1
2	1033	516.984564105992	2
2	1035	519.440692099	1
2	1037	519.440692099	2
2	1039	520.120187425014	1
2	1041	520.120187425014	2
2	1043	520.619223862124	1
2	1045	520.619223862124	2
2	1055	526.561329471852	1
2	1057	526.561329471852	2
2	1059	529.536215135527	1
2	1061	529.536215135527	2
2	1067	534.184115613351	1
2	1069	534.184115613351	2
2	1071	535.446665919555	1
2	1073	535.446665919555	2
2	1077	538.160160520836	1
2	1079	538.160160520836	2
2	1081	540.106171465077	1
2	1083	540.106171465077	2
2	1091	544.745028112881	1
2	1093	544.745028112881	2
2	1097	551.560935003438	1
2	1099	551.560935003438	2
2	1101	561.09421807671	1
2	1103	561.09421807671	2
2	1109	564.231924320037	1
2	1111	564.231924320037	2
2	1113	564.31975817169	1
2	1115	564.31975817169	2
2	1121	571.930511781628	1
2	1123	571.930511781628	2
2	1125	573.655666996514	1
2	1127	573.655666996514	2
2	1133	578.837794017422	1
2	1135	578.837794017422	2
2	1139	586.477607580716	1
2	1141	586.477607580716	2
2	1143	592.460508881898	1
2	1145	592.460508881898	2
2	1149	595.354883210494	1
2	1151	595.354883210494	2
2	1153	596.037811187361	1
2	1155	596.037811187361	2
2	1163	605.035183452408	1
2	1165	605.035183452408	2
2	1169	609.656180795186	1
2	1171	609.656180795186	2
2	1173	611.216152565626	1
2	1175	611.216152565626	2
2	1177	611.663106995956	1
2	1179	611.663106995956	2
2	1187	618.989763949113	1
2	1189	618.989763949113	2
2	1191	620.602728920928	1
2	1193	620.602728920928	2
2	1197	622.479851348226	1
2	1199	622.479851348226	2
2	1201	622.666705456452	1
2	1203	622.666705456452	2
2	1207	624.533521611742	1
2	1209	624.533521611742	2
2	1215	629.074819537178	1
2	1217	629.074819537178	2
2	1223	634.638777300151	1
2	1225	634.638777300151	2
2	1229	636.241070153029	1
2	1231	636.241070153029	2
2	1235	636.477371349127	1
2	1237	636.477371349127	2
2	1239	636.629165084627	1
2	1241	636.629165084627	2
2	1245	638.659950032787	1
2	1247	638.659950032787	2
2	1249	638.968894709174	1
2	1251	638.968894709174	2
2	1259	642.996811675395	1
2	1261	642.996811675395	2
2	1265	649.434878732207	1
2	1267	649.434878732207	2
2	1269	649.635260500498	1
2	1271	649.635260500498	2
2	1273	650.545728180171	1
2	1275	650.545728180171	2
2	1277	650.59809192382	1
2	1279	650.59809192382	2
2	1283	652.674357356934	1
2	1285	652.674357356934	2
2	1287	653.859708130462	1
2	1289	653.859708130462	2
2	1297	657.247049843729	1
2	1299	657.247049843729	2
2	1301	657.312558794868	1
2	1303	657.312558794868	2
2	1307	658.792930822371	1
2	1309	658.792930822371	2
2	1317	662.386500405231	1
2	1319	662.386500405231	2
2	1321	662.934812687315	1
2	1323	662.934812687315	2
2	1329	664.296613949388	1
2	1331	664.296613949388	2
2	1333	664.896928038816	1
2	1335	664.896928038816	2
2	1339	668.736152518884	1
2	1341	668.736152518884	2
2	1343	669.769004738858	1
2	1345	669.769004738858	2
2	1349	670.857326452193	1
2	1351	670.857326452193	2
2	1357	672.728507890285	1
2	1359	672.728507890285	2
2	1367	680.234580676416	1
2	1369	680.234580676416	2
2	1373	685.149187334983	1
2	1375	685.149187334983	2
2	1377	685.767654531755	1
2	1379	685.767654531755	2
2	1381	687.358834053948	1
2	1383	687.358834053948	2
2	1391	693.14503140792	1
2	1393	693.14503140792	2
2	1395	693.316582230835	1
2	1397	693.316582230835	2
2	1399	698.817144466894	1
2	1401	698.817144466894	2
2	1405	701.651280221314	1
2	1407	701.651280221314	2
2	1411	704.244179736386	1
2	1413	704.244179736386	2
2	1417	705.863615867373	1
2	1419	705.863615867373	2
2	1421	706.511842365493	1
2	1423	706.511842365493	2
2	1431	711.129652002711	1
2	1433	711.129652002711	2
2	1439	721.092636655083	1
2	1441	721.092636655083	2
2	1445	723.363570178571	1
2	1447	723.363570178571	2
2	1451	727.63740587182	1
2	1453	727.63740587182	2
2	1457	735.402072822	1
2	1459	735.402072822	2
2	1461	736.317396114212	1
2	1463	736.317396114212	2
2	1465	736.547252291922	1
2	1467	736.547252291922	2
2	1473	741.411897473342	1
2	1475	741.411897473342	2
2	1477	741.5534710643	1
2	1479	741.5534710643	2
2	1485	742.963551752868	1
2	1487	742.963551752868	2
2	1493	747.046617059122	1
2	1495	747.046617059122	2
2	1499	751.996570802691	1
2	1501	751.996570802691	2
2	1503	753.962274293196	1
2	1505	753.962274293196	2
2	1509	755.786038474021	1
2	1511	755.786038474021	2
2	1517	763.38686548997	1
2	1519	763.38686548997	2
2	1521	764.480055672921	1
2	1523	764.480055672921	2
2	1525	764.508389221044	1
2	1527	764.508389221044	2
2	1535	770.453421388762	1
2	1537	770.453421388762	2
2	1539	771.115391195631	1
2	1541	771.115391195631	2
2	1545	772.157212607536	1
2	1547	772.157212607536	2
2	1553	781.834823785515	1
2	1555	781.834823785515	2
2	1559	785.235371526185	1
2	1561	785.235371526185	2
2	1563	786.331885004987	1
2	1565	786.331885004987	2
2	1567	787.130675627865	1
2	1569	787.130675627865	2
2	1577	792.150020876584	1
2	1579	792.150020876584	2
2	1583	806.074934200444	1
2	1585	806.074934200444	2
2	1587	811.647787783855	1
2	1589	811.647787783855	2
2	1593	815.913168539792	1
2	1595	815.913168539792	2
2	1601	821.785947602023	1
2	1603	821.785947602023	2
2	1607	825.21987644758	1
2	1609	825.21987644758	2
2	1613	833.192429656546	1
2	1615	833.192429656546	2
2	1617	837.257623963864	1
2	1619	837.257623963864	2
2	1625	840.789735950957	1
2	1627	840.789735950957	2
2	1629	841.838180125624	1
2	1631	841.838180125624	2
2	1637	845.035041583258	1
2	1639	845.035041583258	2
2	1641	846.535557677673	1
2	1643	846.535557677673	2
2	1647	853.464638568026	1
2	1649	853.464638568026	2
2	1655	859.140416710717	1
2	1657	859.140416710717	2
2	1659	861.158479238436	1
2	1661	861.158479238436	2
2	1667	867.949225147932	1
2	1669	867.949225147932	2
2	1671	868.20721429986	1
2	1673	868.20721429986	2
2	1675	868.508480938047	1
2	1677	868.508480938047	2
2	1683	870.895757012817	1
2	1685	870.895757012817	2
2	1691	873.632143577647	1
2	1693	873.632143577647	2
2	1697	885.540177404508	1
2	1699	885.540177404508	2
2	1703	887.602186233169	1
2	1705	887.602186233169	2
2	1709	891.324357499282	1
2	1711	891.324357499282	2
2	1715	894.760608782684	1
2	1717	894.760608782684	2
2	1721	899.180487671132	1
2	1723	899.180487671132	2
2	1725	903.359469688968	1
2	1727	903.359469688968	2
2	1729	904.116197086282	1
2	1731	904.116197086282	2
2	1733	904.305491983502	1
2	1735	904.305491983502	2
2	1739	905.464447268208	1
2	1741	905.464447268208	2
2	1749	907.990883578907	1
2	1751	907.990883578907	2
2	1755	908.463716718481	1
2	1757	908.463716718481	2
2	1763	915.660831915115	1
2	1765	915.660831915115	2
2	1769	930.45526161488	1
2	1771	930.45526161488	2
2	1775	933.702384319352	1
2	1777	933.702384319352	2
2	1781	940.720777656021	1
2	1783	940.720777656021	2
2	1785	942.078971365319	1
2	1787	942.078971365319	2
2	1789	945.515756865226	1
2	1791	945.515756865226	2
2	1793	946.043948105641	1
2	1795	946.043948105641	2
2	1797	946.662816587717	1
2	1799	946.662816587717	2
2	1809	954.778965203325	1
2	1811	954.778965203325	2
2	1817	962.535519925353	1
2	1819	962.535519925353	2
2	1823	965.589453545674	1
2	1825	965.589453545674	2
2	1829	966.690297397244	1
2	1831	966.690297397244	2
2	1835	970.903002242762	1
2	1837	970.903002242762	2
2	1839	973.596541727519	1
2	1841	973.596541727519	2
2	1843	973.773922463907	1
2	1845	973.773922463907	2
2	1847	974.873692030363	1
2	1849	974.873692030363	2
2	1855	977.05385437572	1
2	1857	977.05385437572	2
2	1863	981.773610087327	1
2	1865	981.773610087327	2
2	1871	982.862836679819	1
2	1873	982.862836679819	2
2	1877	992.821940959939	1
2	1879	992.821940959939	2
2	1883	994.326984852431	1
2	1885	994.326984852431	2
2	1887	994.806522284209	1
2	1889	994.806522284209	2
2	1891	994.929387587373	1
2	1893	994.929387587373	2
2	1899	996.324185074294	1
2	1901	996.324185074294	2
3	275	103.093271839774	4.837300189078
3	281	106.86443851457	8.548408674738
3	285	107.914536872905	4.821265033131
3	289	109.110701636674	2.246263122104
3	297	110.047175865781	2.132638992876
3	301	110.487650705616	1.376949068942
3	305	111.883080994196	1.835905128415
3	309	111.930682182833	1.443031477217
3	317	113.198794345943	1.315713351747
3	329	123.140000690418	11.209318507585
3	333	123.793924828085	10.595130482142
3	341	134.10845733927	10.968456648852
3	345	134.370965653405	10.57704082532
3	349	135.155631571603	1.047174232333
3	353	135.680387629858	1.309421976453
3	365	143.645765402073	8.49013383047
3	371	151.446865865055	15.766478235197
3	377	157.080834985225	13.435069583152
3	381	158.904467012865	7.45760114781
3	387	161.25239196791	4.171556982685
3	391	162.477811456507	3.573344443642
3	401	166.099269252769	4.846877284859
3	407	169.11425298024	6.636441523733
3	411	170.557538859679	4.45826960691
3	419	177.436290362819	8.322037382579
3	423	178.969466609198	8.411927749519
3	427	180.310961346441	2.874670983622
3	433	185.531707474934	6.562240865736
3	437	185.679065000268	5.368103653827
3	447	189.457745358253	3.926037883319
3	451	189.777770773172	4.098705772904
3	461	199.945375314749	10.487629956496
3	465	200.601628556838	10.823857783666
3	473	205.582258886388	5.636883571639
3	477	206.633283843082	6.031655286244
3	485	209.046982255105	3.464723368717
3	491	213.72632125288	7.093037409798
3	497	216.842378052967	7.795395797862
3	503	218.762105242523	5.035783989643
3	509	224.566453215069	7.724075162102
3	515	226.812050379543	8.04994513702
3	519	228.000827706212	3.434374491143
3	525	232.191540170474	5.379489790931
3	533	245.946744009718	17.945916303506
3	539	248.719793160836	16.528252990362
3	545	253.16307475509	7.216330745372
3	551	259.542641630328	10.822848469492
3	557	260.252997596798	7.089922841708
3	563	271.948134666147	12.405493035819
3	567	277.898593137405	17.645595540607
3	575	282.445649093009	10.497514426862
3	579	283.931004451464	6.032411314059
3	583	285.784035568634	3.338386475625
3	587	286.366573228612	2.435568777148
3	595	288.247267544686	2.463231976052
3	599	289.97109958493	3.604526356318
3	609	291.81275517233	3.565487627644
3	617	294.843727820659	4.872628235729
3	623	306.494559635452	14.681804463122
3	629	310.006982718067	15.163254897408
3	633	310.257356698712	3.76279706326
3	637	311.057722265574	1.050739547507
3	643	312.295910884254	2.038554185542
3	649	313.787150248991	2.729427983417
3	659	318.636123055406	6.340212171152
3	663	318.797659472122	5.010509223131
3	667	319.1558751068	0.519752051394
3	673	321.655309547171	2.857650075049
3	679	321.908116304229	2.752241197429
3	687	323.785772801007	2.130463253836
3	693	327.177108163394	5.268991859165
3	697	327.199756434449	3.413983633442
3	703	330.604954835448	3.427846672054
3	713	335.463680977991	8.263924543542
3	719	346.202258941974	15.597304106526
3	723	352.104444678173	16.640763700182
3	729	353.743890443882	7.541631501908
3	735	360.644831942773	8.5403872646
3	739	361.753475627801	8.009585183919
3	747	365.451221868992	4.806389926219
3	753	367.905000569932	6.151524942131
3	757	369.064715136091	3.613493267099
3	761	369.202367993818	1.297367423886
3	765	370.160516739268	1.095801603177
3	779	377.606772552313	8.404404558495
3	783	380.079819389773	9.919302650505
3	787	380.470591934625	2.863819382312
3	793	382.954120041583	2.87430065181
3	803	384.459445540778	3.988853606153
3	807	386.775263948226	3.821143906643
3	811	387.821772801759	3.362327260981
3	817	389.938848339785	3.163584391559
3	825	393.033413313003	5.211640511244
3	831	393.913230857957	3.974382518172
3	839	400.393012674174	7.359599361171
3	845	405.058932154403	11.145701296446
3	849	408.80608128587	8.413068611696
3	853	409.401131607013	4.34219945261
3	861	415.509348405573	6.703267119703
3	869	426.735961313353	17.33482970634
3	875	429.962513601463	14.45316519589
3	879	430.048272829719	3.312311516366
3	885	430.826283815936	0.863770214473
3	893	438.152325553201	8.104052723482
3	899	443.584612569317	12.758328753381
3	905	445.608031903523	7.455706350322
3	909	445.758008980995	2.173396411678
3	917	447.84354189028	2.235509986757
3	921	448.265383609703	2.507374628708
3	925	449.693779947333	1.850238057053
3	931	451.642036304419	3.376652694716
3	941	462.790007640725	13.096227693392
3	945	462.988768010821	11.346731706402
3	953	474.943120673123	12.153113032398
3	957	476.583914792064	13.595146781243
3	965	487.289481242306	12.346360569183
3	971	488.713102143777	12.129187351713
3	975	488.906096118986	1.61661487668
3	981	493.694313063622	4.981210919845
3	989	498.779917072318	9.873820953332
3	993	500.035992449176	6.341679385554
3	997	500.324056453482	1.544139381164
3	1001	501.081460550452	1.045468101276
3	1011	509.040795703579	8.716739250097
3	1017	511.270898570416	10.189438019964
3	1021	511.401965168828	2.361169465249
3	1031	516.984564105992	5.713665535576
3	1035	519.440692099	8.038726930172
3	1039	520.120187425014	3.135623319022
3	1043	520.619223862124	1.178531763124
3	1055	526.561329471852	6.441142046838
3	1059	529.536215135527	8.916991273403
3	1067	534.184115613351	7.622786141499
3	1071	535.446665919555	5.910450784028
3	1077	538.160160520836	3.976044907485
3	1081	540.106171465077	4.659505545522
3	1091	544.745028112881	6.584867592045
3	1097	551.560935003438	11.454763538361
3	1101	561.09421807671	16.349189963829
3	1109	564.231924320037	12.670989316599
3	1113	564.31975817169	3.22554009498
3	1121	571.930511781628	7.698587461591
3	1125	573.655666996514	9.335908824824
3	1133	578.837794017422	6.907282235794
3	1139	586.477607580716	12.821940584202
3	1143	592.460508881898	13.622714864476
3	1149	595.354883210494	8.877275629778
3	1153	596.037811187361	3.577302305463
3	1163	605.035183452408	9.680300241914
3	1169	609.656180795186	13.618369607825
3	1173	611.216152565626	6.180969113218
3	1177	611.663106995956	2.00692620077
3	1187	618.989763949113	7.773611383487
3	1191	620.602728920928	8.939621924972
3	1197	622.479851348226	3.490087399113
3	1201	622.666705456452	2.063976535524
3	1207	624.533521611742	2.053670263516
3	1215	629.074819537178	6.408114080726
3	1223	634.638777300151	10.105255688409
3	1229	636.241070153029	7.166250615851
3	1235	636.477371349127	1.838594048976
3	1239	636.629165084627	0.388094931598
3	1245	638.659950032787	2.18257868366
3	1249	638.968894709174	2.339729624547
3	1259	642.996811675395	4.336861642608
3	1265	649.434878732207	10.465984023033
3	1269	649.635260500498	6.638448825103
3	1273	650.545728180171	1.110849447964
3	1277	650.59809192382	0.962831423322
3	1283	652.674357356934	2.128629176763
3	1287	653.859708130462	3.261616206642
3	1297	657.247049843729	4.572692486795
3	1301	657.312558794868	3.452850664406
3	1307	658.792930822371	1.545880978642
3	1317	662.386500405231	5.073941610363
3	1321	662.934812687315	4.141881864944
3	1329	664.296613949388	1.910113544157
3	1333	664.896928038816	1.962115351501
3	1339	668.736152518884	4.439538569496
3	1343	669.769004738858	4.872076700042
3	1349	670.857326452193	2.121173933309
3	1357	672.728507890285	2.959503151427
3	1367	680.234580676416	9.377254224223
3	1373	685.149187334983	12.420679444698
3	1377	685.767654531755	5.533073855339
3	1381	687.358834053948	2.209646718965
3	1391	693.14503140792	7.377376876165
3	1395	693.316582230835	5.957748176887
3	1399	698.817144466894	5.672113058974
3	1405	701.651280221314	8.334697990479
3	1411	704.244179736386	5.427035269492
3	1417	705.863615867373	4.212335646059
3	1421	706.511842365493	2.267662629107
3	1431	711.129652002711	5.266036135338
3	1439	721.092636655083	14.58079428959
3	1445	723.363570178571	12.23391817586
3	1451	727.63740587182	6.544769216737
3	1457	735.402072822	12.038502643429
3	1461	736.317396114212	8.679990242392
3	1465	736.547252291922	1.145179469922
3	1473	741.411897473342	5.09450135913
3	1477	741.5534710643	5.006218772378
3	1485	742.963551752868	1.551654279526
3	1493	747.046617059122	5.493145994822
3	1499	751.996570802691	9.033019049823
3	1503	753.962274293196	6.915657234074
3	1509	755.786038474021	3.78946767133
3	1517	763.38686548997	9.424591196774
3	1521	764.480055672921	8.6940171989
3	1525	764.508389221044	1.121523731074
3	1535	770.453421388762	5.973365715841
3	1539	771.115391195631	6.607001974587
3	1545	772.157212607536	1.703791218774
3	1553	781.834823785515	10.719432589884
3	1559	785.235371526185	13.078158918649
3	1563	786.331885004987	4.497061219472
3	1567	787.130675627865	1.89530410168
3	1577	792.150020876584	5.818135871597
3	1583	806.074934200444	18.944258572579
3	1587	811.647787783855	19.497766907271
3	1593	815.913168539792	9.838234339348
3	1601	821.785947602023	10.138159818168
3	1607	825.21987644758	9.306707907788
3	1613	833.192429656546	11.406482054523
3	1617	837.257623963864	12.037747516284
3	1625	840.789735950957	7.597306294411
3	1629	841.838180125624	4.58055616176
3	1637	845.035041583258	4.245305632301
3	1641	846.535557677673	4.697377552049
3	1647	853.464638568026	8.429596984768
3	1655	859.140416710717	12.604859033044
3	1659	861.158479238436	7.69384067041
3	1667	867.949225147932	8.808808437215
3	1671	868.20721429986	7.048735061424
3	1675	868.508480938047	0.559255790115
3	1683	870.895757012817	2.688542712957
3	1691	873.632143577647	5.1236626396
3	1697	885.540177404508	14.644420391691
3	1703	887.602186233169	13.970042655522
3	1709	891.324357499282	5.784180094774
3	1715	894.760608782684	7.158422549515
3	1721	899.180487671132	7.85613017185
3	1725	903.359469688968	8.598860906284
3	1729	904.116197086282	4.93570941515
3	1733	904.305491983502	0.946022294534
3	1739	905.464447268208	1.348250181926
3	1749	907.990883578907	3.685391595405
3	1755	908.463716718481	2.999269450273
3	1763	915.660831915115	7.669948336208
3	1769	930.45526161488	21.991544896399
3	1775	933.702384319352	18.041552404237
3	1781	940.720777656021	10.265516041141
3	1785	942.078971365319	8.376587045967
3	1789	945.515756865226	4.794979209205
3	1793	946.043948105641	3.964976740322
3	1797	946.662816587717	1.147059722491
3	1809	954.778965203325	8.735017097684
3	1817	962.535519925353	15.872703337636
3	1823	965.589453545674	10.810488342349
3	1829	966.690297397244	4.154777471891
3	1835	970.903002242762	5.313548697088
3	1839	973.596541727519	6.906244330275
3	1843	973.773922463907	2.870920221145
3	1847	974.873692030363	1.277150302844
3	1855	977.05385437572	3.279931911813
3	1863	981.773610087327	6.899918056964
3	1871	982.862836679819	5.808982304099
3	1877	992.821940959939	11.048330872612
3	1883	994.326984852431	11.464148172612
3	1887	994.806522284209	1.98458132427
3	1891	994.929387587373	0.602402734942
3	1899	996.324185074294	1.517662790085
4	276	103.093271839774	36.455579140739
4	282	106.86443851457	37.858401020757
4	286	107.914536872905	38.010470364556
4	290	109.110701636674	38.850031697731
4	298	110.047175865781	35.56524687732
4	302	110.487650705616	30.957701861633
4	306	111.883080994196	29.40978258929
4	310	111.930682182833	26.102302497011
4	318	113.198794345943	25.62394479525
4	330	123.140000690418	34.61904438036
4	334	123.793924828085	34.571364838129
4	342	134.10845733927	41.419827865447
4	346	134.370965653405	38.478080391693
4	350	135.155631571603	38.755813879747
4	354	135.680387629858	39.159349915693
4	366	143.645765402073	44.49467840838
4	372	151.446865865055	50.512283464882
4	378	157.080834985225	53.458680509841
4	382	158.904467012865	49.305120099943
4	388	161.25239196791	51.631489293279
4	392	162.477811456507	50.414152400965
4	402	166.099269252769	52.941672665295
4	408	169.11425298024	55.090908956202
4	412	170.557538859679	54.149913740059
4	420	177.436290362819	60.61713682127
4	424	178.969466609198	61.144332678632
4	428	180.310961346441	54.479385214536
4	434	185.531707474934	58.461479184379
4	438	185.679065000268	49.644621020018
4	448	189.457745358253	52.229101527242
4	452	189.777770773172	52.46016265831
4	462	199.945375314749	62.177989599422
4	466	200.601628556838	56.842496461781
4	474	205.582258886388	50.441195563177
4	478	206.633283843082	46.646295371306
4	486	209.046982255105	45.949310811676
4	492	213.72632125288	50.309206799626
4	498	216.842378052967	52.931399914168
4	504	218.762105242523	51.627359149144
4	510	224.566453215069	53.745161754093
4	516	226.812050379543	55.253690642791
4	520	228.000827706212	47.571370551252
4	526	232.191540170474	45.244252385433
4	534	245.946744009718	58.980015535981
4	540	248.719793160836	61.072397353556
4	546	253.16307475509	61.305804514085
4	552	259.542641630328	67.51674915647
4	558	260.252997596798	67.15216717545
4	564	271.948134666147	70.409390453676
4	568	277.898593137405	74.722809671547
4	576	282.445649093009	75.664298564119
4	580	283.931004451464	75.541047301534
4	584	285.784035568634	73.169794474235
4	588	286.366573228612	71.573346033612
4	596	288.247267544686	70.861634533575
4	600	289.97109958493	69.997461353252
4	610	291.81275517233	66.703758151218
4	618	294.843727820659	65.840570033069
4	624	306.494559635452	73.961472589562
4	630	310.006982718067	75.81237027244
4	634	310.257356698712	63.937316446374
4	638	311.057722265574	58.112019673882
4	644	312.295910884254	53.655749389575
4	650	313.787150248991	54.13595711482
4	660	318.636123055406	57.994699378329
4	664	318.797659472122	40.200080953199
4	668	319.1558751068	39.085892211905
4	674	321.655309547171	35.112914314204
4	680	321.908116304229	33.893483475264
4	688	323.785772801007	33.592472147465
4	694	327.177108163394	36.941266534987
4	698	327.199756434449	35.7682836963
4	704	330.604954835448	37.47972529115
4	714	335.463680977991	41.979527810297
4	720	346.202258941974	49.682270401701
4	724	352.104444678173	44.101981331467
4	730	353.743890443882	42.082163267555
4	736	360.644831942773	48.193465391088
4	740	361.753475627801	47.844294873851
4	748	365.451221868992	50.006291606779
4	754	367.905000569932	52.312185616923
4	758	369.064715136091	49.635722368214
4	762	369.202367993818	47.304964676432
4	766	370.160516739268	47.627481225699
4	780	377.606772552313	54.605325204542
4	784	380.079819389773	55.867069601136
4	788	380.470591934625	51.955341789305
4	794	382.954120041583	52.0838572388
4	804	384.459445540778	52.68712257046
4	808	386.775263948226	54.666119059938
4	812	387.821772801759	48.417077349441
4	818	389.938848339785	37.805486435858
4	826	393.033413313003	38.475775804839
4	832	393.913230857957	31.409128164399
4	840	400.393012674174	37.138058325322
4	846	405.058932154403	38.957641129389
4	850	408.80608128587	37.840726504074
4	854	409.401131607013	37.680246267741
4	862	415.509348405573	43.603606693629
4	870	426.735961313353	51.402037636952
4	876	429.962513601463	53.730222459088
4	880	430.048272829719	48.889074316117
4	886	430.826283815936	46.855556706205
4	894	438.152325553201	53.743606372086
4	900	443.584612569317	59.132968124236
4	906	445.608031903523	56.891790240793
4	910	445.758008980995	54.247920399479
4	918	447.84354189028	54.868873385322
4	922	448.265383609703	55.082998254549
4	926	449.693779947333	55.75713249769
4	932	451.642036304419	53.012911493289
4	942	462.790007640725	62.156498937612
4	946	462.988768010821	49.582117061546
4	954	474.943120673123	61.441278497029
4	958	476.583914792064	57.877155796615
4	966	487.289481242306	65.741645758091
4	972	488.713102143777	61.190106932864
4	976	488.906096118986	58.609103849861
4	982	493.694313063622	60.934064704404
4	990	498.779917072318	64.656362229977
4	994	500.035992449176	57.606654283956
4	998	500.324056453482	54.742887904487
4	1002	501.081460550452	54.504811336915
4	1012	509.040795703579	61.840037689589
4	1018	511.270898570416	60.044456018593
4	1022	511.401965168828	59.135805630062
4	1032	516.984564105992	61.911422139667
4	1036	519.440692099	59.166151678112
4	1040	520.120187425014	56.71913423253
4	1044	520.619223862124	55.806522600636
4	1056	526.561329471852	49.515693188316
4	1060	529.536215135527	51.37108416035
4	1068	534.184115613351	46.009114683216
4	1072	535.446665919555	43.846041193669
4	1078	538.160160520836	42.492266917426
4	1082	540.106171465077	43.1084905305
4	1092	544.745028112881	43.392082959325
4	1098	551.560935003438	48.38642344875
4	1102	561.09421807671	54.019300060893
4	1110	564.231924320037	54.1693761241
4	1114	564.31975817169	51.965785261102
4	1122	571.930511781628	59.541621299484
4	1126	573.655666996514	60.035044724377
4	1134	578.837794017422	57.217345634096
4	1140	586.477607580716	64.736525408461
4	1144	592.460508881898	68.785790799848
4	1150	595.354883210494	68.903985827689
4	1154	596.037811187361	65.967503234227
4	1164	605.035183452408	71.109617104526
4	1170	609.656180795186	73.717278147637
4	1174	611.216152565626	70.773054456433
4	1178	611.663106995956	70.428220133913
4	1188	618.989763949113	74.475976553173
4	1192	620.602728920928	75.175033262222
4	1198	622.479851348226	59.493204463969
4	1202	622.666705456452	58.436314246359
4	1208	624.533521611742	59.709912768813
4	1216	629.074819537178	61.201540656928
4	1224	634.638777300151	58.769140660859
4	1230	636.241070153029	59.34379879434
4	1236	636.477371349127	53.639283585755
4	1240	636.629165084627	43.036096427466
4	1246	638.659950032787	41.797636466703
4	1250	638.968894709174	41.778688606534
4	1260	642.996811675395	39.299865736447
4	1266	649.434878732207	44.27427371313
4	1270	649.635260500498	35.629975380121
4	1274	650.545728180171	36.144923664767
4	1278	650.59809192382	33.921987518626
4	1284	652.674357356934	30.698817220285
4	1288	653.859708130462	29.860116226866
4	1298	657.247049843729	32.479589265029
4	1302	657.312558794868	30.816959023826
4	1308	658.792930822371	27.41124785647
4	1318	662.386500405231	29.59889803599
4	1322	662.934812687315	28.242618134769
4	1330	664.296613949388	27.858389391687
4	1334	664.896928038816	28.046356676231
4	1340	668.736152518884	28.979324244366
4	1344	669.769004738858	27.949840046155
4	1350	670.857326452193	28.896628703569
4	1358	672.728507890285	27.312402453181
4	1368	680.234580676416	29.462062380452
4	1374	685.149187334983	31.07290308535
4	1378	685.767654531755	30.90915027373
4	1382	687.358834053948	31.68180582603
4	1392	693.14503140792	35.148289915547
4	1396	693.316582230835	34.011250540273
4	1400	698.817144466894	38.414943412572
4	1406	701.651280221314	39.864116129753
4	1412	704.244179736386	41.288429680601
4	1418	705.863615867373	41.608069296322
4	1422	706.511842365493	40.145601040061
4	1432	711.129652002711	40.386100539729
4	1440	721.092636655083	50.028510920673
4	1446	723.363570178571	50.967672596978
4	1452	727.63740587182	54.856283239928
4	1458	735.402072822	57.141163760198
4	1462	736.317396114212	57.435545862571
4	1466	736.547252291922	54.969725443404
4	1474	741.411897473342	53.202215551883
4	1478	741.5534710643	52.072598146281
4	1486	742.963551752868	50.057510360546
4	1494	747.046617059122	48.019343861235
4	1500	751.996570802691	49.290554962867
4	1504	753.962274293196	48.843186076871
4	1510	755.786038474021	49.185576679585
4	1518	763.38686548997	54.989789417805
4	1522	764.480055672921	53.926795210977
4	1526	764.508389221044	47.10020967966
4	1536	770.453421388762	52.194408437806
4	1540	771.115391195631	48.291267036984
4	1546	772.157212607536	48.064583723873
4	1554	781.834823785515	52.157443492192
4	1560	785.235371526185	48.558427799575
4	1564	786.331885004987	48.318890475378
4	1568	787.130675627865	44.472886939776
4	1578	792.150020876584	49.211904895217
4	1584	806.074934200444	62.941788431673
4	1588	811.647787783855	68.473510563886
4	1594	815.913168539792	68.153607390399
4	1602	821.785947602023	66.999228207269
4	1608	825.21987644758	69.388933973265
4	1614	833.192429656546	72.904226113233
4	1618	837.257623963864	72.204879753727
4	1626	840.789735950957	74.937422209949
4	1630	841.838180125624	74.444539073003
4	1638	845.035041583258	73.425129436892
4	1642	846.535557677673	66.502930680917
4	1648	853.464638568026	72.232442541458
4	1656	859.140416710717	75.351978414024
4	1660	861.158479238436	73.434924969699
4	1668	867.949225147932	78.610699551961
4	1672	868.20721429986	78.0299224727
4	1676	868.508480938047	76.244857616894
4	1684	870.895757012817	56.030053341852
4	1692	873.632143577647	55.357647069747
4	1698	885.540177404508	65.687494463042
4	1704	887.602186233169	63.974638281824
4	1710	891.324357499282	64.470321137988
4	1716	894.760608782684	56.085164501515
4	1722	899.180487671132	59.93909825099
4	1726	903.359469688968	61.024904213864
4	1730	904.116197086282	60.842087820589
4	1734	904.305491983502	54.595813492873
4	1740	905.464447268208	51.647329883797
4	1750	907.990883578907	53.969643681516
4	1756	908.463716718481	45.87013267279
4	1764	915.660831915115	52.48805101949
4	1770	930.45526161488	61.251418322592
4	1776	933.702384319352	64.096660108587
4	1782	940.720777656021	67.839896712592
4	1786	942.078971365319	69.159767973837
4	1790	945.515756865226	71.242845614834
4	1794	946.043948105641	59.892799176068
4	1798	946.662816587717	57.987385246748
4	1810	954.778965203325	60.763913097604
4	1818	962.535519925353	65.718682653265
4	1824	965.589453545674	61.053868907835
4	1830	966.690297397244	60.507916812941
4	1836	970.903002242762	64.420809036498
4	1840	973.596541727519	66.961863165214
4	1844	973.773922463907	65.655201325601
4	1848	974.873692030363	65.510961524307
4	1856	977.05385437572	67.2995925
4	1864	981.773610087327	62.527402722674
4	1872	982.862836679819	51.491055243278
4	1878	992.821940959939	57.963290420155
4	1884	994.326984852431	45.775630491145
4	1888	994.806522284209	44.582142119902
4	1892	994.929387587373	44.691460499746
4	1900	996.324185074294	41.833366779887
5	276	103.093271839774	0
5	282	106.86443851457	0
5	286	107.914536872905	0
5	290	109.110701636674	0
5	298	110.047175865781	0
5	302	110.487650705616	0
5	306	111.883080994196	0
5	310	111.930682182833	0
5	318	113.198794345943	0
5	330	123.140000690418	0
5	334	123.793924828085	0
5	342	134.10845733927	0
5	346	134.370965653405	0
5	350	135.155631571603	0
5	354	135.680387629858	0
5	366	143.645765402073	0
5	372	151.446865865055	0
5	378	157.080834985225	0
5	382	158.904467012865	0
5	388	161.25239196791	0
5	392	162.477811456507	0
5	402	166.099269252769	0
5	408	169.11425298024	0
5	412	170.557538859679	0
5	420	177.436290362819	0
5	424	178.969466609198	0
5	428	180.310961346441	0
5	434	185.531707474934	0
5	438	185.679065000268	0
5	448	189.457745358253	0
5	452	189.777770773172	0
5	462	199.945375314749	0
5	466	200.601628556838	0
5	474	205.582258886388	0
5	478	206.633283843082	0
5	486	209.046982255105	0
5	492	213.72632125288	0
5	498	216.842378052967	0
5	504	218.762105242523	0
5	510	224.566453215069	0
5	516	226.812050379543	0
5	520	228.000827706212	0
5	526	232.191540170474	0
5	534	245.946744009718	0
5	540	248.719793160836	0
5	546	253.16307475509	0
5	552	259.542641630328	0
5	558	260.252997596798	0
5	564	271.948134666147	0
5	568	277.898593137405	0
5	576	282.445649093009	0
5	580	283.931004451464	0
5	584	285.784035568634	0
5	588	286.366573228612	0
5	596	288.247267544686	0
5	600	289.97109958493	0
5	610	291.81275517233	0
5	618	294.843727820659	0
5	624	306.494559635452	0
5	630	310.006982718067	0
5	634	310.257356698712	0
5	638	311.057722265574	0
5	644	312.295910884254	0
5	650	313.787150248991	0
5	660	318.636123055406	0
5	664	318.797659472122	0
5	668	319.1558751068	0
5	674	321.655309547171	0
5	680	321.908116304229	0
5	688	323.785772801007	0
5	694	327.177108163394	0
5	698	327.199756434449	0
5	704	330.604954835448	0
5	714	335.463680977991	0
5	720	346.202258941974	0
5	724	352.104444678173	0
5	730	353.743890443882	0
5	736	360.644831942773	0
5	740	361.753475627801	0
5	748	365.451221868992	0
5	754	367.905000569932	0
5	758	369.064715136091	0
5	762	369.202367993818	0
5	766	370.160516739268	0
5	780	377.606772552313	0
5	784	380.079819389773	0
5	788	380.470591934625	0
5	794	382.954120041583	0
5	804	384.459445540778	0
5	808	386.775263948226	0
5	812	387.821772801759	0
5	818	389.938848339785	0
5	826	393.033413313003	0
5	832	393.913230857957	0
5	840	400.393012674174	0
5	846	405.058932154403	0
5	850	408.80608128587	0
5	854	409.401131607013	0
5	862	415.509348405573	0
5	870	426.735961313353	0
5	876	429.962513601463	0
5	880	430.048272829719	0
5	886	430.826283815936	0
5	894	438.152325553201	0
5	900	443.584612569317	0
5	906	445.608031903523	0
5	910	445.758008980995	0
5	918	447.84354189028	0
5	922	448.265383609703	0
5	926	449.693779947333	0
5	932	451.642036304419	0
5	942	462.790007640725	0
5	946	462.988768010821	0
5	954	474.943120673123	0
5	958	476.583914792064	0
5	966	487.289481242306	0
5	972	488.713102143777	0
5	976	488.906096118986	0
5	982	493.694313063622	0
5	990	498.779917072318	0
5	994	500.035992449176	0
5	998	500.324056453482	0
5	1002	501.081460550452	0
5	1012	509.040795703579	0
5	1018	511.270898570416	0
5	1022	511.401965168828	0
5	1032	516.984564105992	0
5	1036	519.440692099	0
5	1040	520.120187425014	0
5	1044	520.619223862124	0
5	1056	526.561329471852	0
5	1060	529.536215135527	0
5	1068	534.184115613351	0
5	1072	535.446665919555	0
5	1078	538.160160520836	0
5	1082	540.106171465077	0
5	1092	544.745028112881	0
5	1098	551.560935003438	0
5	1102	561.09421807671	0
5	1110	564.231924320037	0
5	1114	564.31975817169	0
5	1122	571.930511781628	0
5	1126	573.655666996514	0
5	1134	578.837794017422	0
5	1140	586.477607580716	0
5	1144	592.460508881898	0
5	1150	595.354883210494	0
5	1154	596.037811187361	0
5	1164	605.035183452408	0
5	1170	609.656180795186	0
5	1174	611.216152565626	0
5	1178	611.663106995956	0
5	1188	618.989763949113	0
5	1192	620.602728920928	0
5	1198	622.479851348226	0
5	1202	622.666705456452	0
5	1208	624.533521611742	0
5	1216	629.074819537178	0
5	1224	634.638777300151	0
5	1230	636.241070153029	0
5	1236	636.477371349127	0
5	1240	636.629165084627	0
5	1246	638.659950032787	0
5	1250	638.968894709174	0
5	1260	642.996811675395	0
5	1266	649.434878732207	0
5	1270	649.635260500498	0
5	1274	650.545728180171	0
5	1278	650.59809192382	0
5	1284	652.674357356934	0
5	1288	653.859708130462	0
5	1298	657.247049843729	0
5	1302	657.312558794868	0
5	1308	658.792930822371	0
5	1318	662.386500405231	0
5	1322	662.934812687315	0
5	1330	664.296613949388	0
5	1334	664.896928038816	0
5	1340	668.736152518884	0
5	1344	669.769004738858	0
5	1350	670.857326452193	0
5	1358	672.728507890285	0
5	1368	680.234580676416	0
5	1374	685.149187334983	0
5	1378	685.767654531755	0
5	1382	687.358834053948	0
5	1392	693.14503140792	0
5	1396	693.316582230835	0
5	1400	698.817144466894	0
5	1406	701.651280221314	0
5	1412	704.244179736386	0
5	1418	705.863615867373	0
5	1422	706.511842365493	0
5	1432	711.129652002711	0
5	1440	721.092636655083	0
5	1446	723.363570178571	0
5	1452	727.63740587182	0
5	1458	735.402072822	0
5	1462	736.317396114212	0
5	1466	736.547252291922	0
5	1474	741.411897473342	0
5	1478	741.5534710643	0
5	1486	742.963551752868	0
5	1494	747.046617059122	0
5	1500	751.996570802691	0
5	1504	753.962274293196	0
5	1510	755.786038474021	0
5	1518	763.38686548997	0
5	1522	764.480055672921	0
5	1526	764.508389221044	0
5	1536	770.453421388762	0
5	1540	771.115391195631	0
5	1546	772.157212607536	0
5	1554	781.834823785515	0
5	1560	785.235371526185	0
5	1564	786.331885004987	0
5	1568	787.130675627865	0
5	1578	792.150020876584	0
5	1584	806.074934200444	0
5	1588	811.647787783855	0
5	1594	815.913168539792	0
5	1602	821.785947602023	0
5	1608	825.21987644758	0
5	1614	833.192429656546	0
5	1618	837.257623963864	0
5	1626	840.789735950957	0
5	1630	841.838180125624	0
5	1638	845.035041583258	0
5	1642	846.535557677673	0
5	1648	853.464638568026	0
5	1656	859.140416710717	0
5	1660	861.158479238436	0
5	1668	867.949225147932	0
5	1672	868.20721429986	0
5	1676	868.508480938047	0
5	1684	870.895757012817	0
5	1692	873.632143577647	0
5	1698	885.540177404508	0
5	1704	887.602186233169	0
5	1710	891.324357499282	0
5	1716	894.760608782684	0
5	1722	899.180487671132	0
5	1726	903.359469688968	0
5	1730	904.116197086282	0
5	1734	904.305491983502	0
5	1740	905.464447268208	0
5	1750	907.990883578907	0
5	1756	908.463716718481	0
5	1764	915.660831915115	0
5	1770	930.45526161488	0
5	1776	933.702384319352	0
5	1782	940.720777656021	0
5	1786	942.078971365319	0
5	1790	945.515756865226	0
5	1794	946.043948105641	0
5	1798	946.662816587717	0
5	1810	954.778965203325	0
5	1818	962.535519925353	0
5	1824	965.589453545674	0
5	1830	966.690297397244	0
5	1836	970.903002242762	0
5	1840	973.596541727519	0
5	1844	973.773922463907	0
5	1848	974.873692030363	0
5	1856	977.05385437572	0
5	1864	981.773610087327	0
5	1872	982.862836679819	0
5	1878	992.821940959939	0
5	1884	994.326984852431	0
5	1888	994.806522284209	0
5	1892	994.929387587373	0
5	1900	996.324185074294	0

