version 3
run General-40-20221103-10:28:22-6760
attr configname General
attr datetime 20221103-10:28:22
attr datetimef 20221103-102822
attr experiment General
attr inifile block.ini
attr iterationvars "$0=4, $1=30"
attr iterationvarsd 4/30
attr iterationvarsf 4,30-
attr measurement "$0=4, $1=30"
attr network Block
attr processid 6760
attr repetition 0
attr replication #0
attr resultdir results
attr runnumber 40
attr seedset 40
config network Block
config repeat 5
config sim-time-limit 1000s
config warmup-period 100s
config **.alloca.resourceModuleName "\"risorse\""
config **.dealloca.resourceModuleName "\"risorse\""
config **.is.delay exponential(3s)
config **.servente.serviceTime exponential(4s)
config **.dealloca.resourceAmount 2
config **.alloca.resourceAmount 2
config **.risorse.amount 6
config **.sorgente.numJobs (30)
config **.result-recording-modes all

vector 0 Block.servente queueLength:vector ETV
attr interpolationmode sample-hold
attr recordingmode vector
attr title "queue length"
vector 1 Block.servente queueingTime:vector ETV
attr interpolationmode none
attr recordingmode vector
attr title "queueing time at dequeue"
attr unit s
vector 2 Block.alloca queueLength:vector ETV
attr interpolationmode sample-hold
attr recordingmode vector
attr title "queue length"
vector 3 Block.alloca queueingTime:vector ETV
attr interpolationmode none
attr recordingmode vector
attr title "queueing time at dequeue"
attr unit s
vector 4 Block.risorse amount:vector ETV
attr interpolationmode sample-hold
attr recordingmode vector
attr title "available resource"
vector 5 Block.is delayedJobs:vector ETV
attr interpolationmode sample-hold
attr recordingmode vector
attr title "number of delayed jobs"
0	221	110.923382746037	1
0	223	110.923382746037	2
0	225	111.262829880565	1
0	227	111.262829880565	2
0	233	114.227867966914	1
0	235	114.227867966914	2
0	239	115.388129919188	1
0	241	115.388129919188	2
0	245	120.342024880724	1
0	247	120.342024880724	2
0	249	120.587164899348	1
0	251	120.587164899348	2
0	255	123.983449822468	1
0	257	123.983449822468	2
0	263	130.573885576402	1
0	265	130.573885576402	2
0	267	133.26165859637	1
0	269	133.26165859637	2
0	273	134.372542770989	1
0	275	134.372542770989	2
0	279	137.015123724397	1
0	281	137.015123724397	2
0	283	137.016706540838	1
0	285	137.016706540838	2
0	291	139.827893766903	1
0	293	139.827893766903	2
0	297	145.331098103168	1
0	299	145.331098103168	2
0	301	146.552195443639	1
0	303	146.552195443639	2
0	307	148.043519129261	1
0	309	148.043519129261	2
0	317	165.997031836806	1
0	319	165.997031836806	2
0	321	167.320213314198	1
0	323	167.320213314198	2
0	327	168.042843379815	1
0	329	168.042843379815	2
0	335	177.077767470905	1
0	337	177.077767470905	2
0	339	180.99769265383	1
0	341	180.99769265383	2
0	345	183.560151185369	1
0	347	183.560151185369	2
0	349	184.313374918902	1
0	351	184.313374918902	2
0	359	190.67867130796	1
0	361	190.67867130796	2
0	365	194.4408991273	1
0	367	194.4408991273	2
0	369	195.173335350636	1
0	371	195.173335350636	2
0	373	195.383109538548	1
0	375	195.383109538548	2
0	383	197.832180934324	1
0	385	197.832180934324	2
0	389	199.4267023194	1
0	391	199.4267023194	2
0	395	201.474000622869	1
0	397	201.474000622869	2
0	399	201.625590622285	1
0	401	201.625590622285	2
0	407	218.509560736844	1
0	409	218.509560736844	2
0	411	219.61085690499	1
0	413	219.61085690499	2
0	415	220.319165089774	1
0	417	220.319165089774	2
0	421	221.789478799324	1
0	423	221.789478799324	2
0	425	222.16303170697	1
0	427	222.16303170697	2
0	435	223.950603134557	1
0	437	223.950603134557	2
0	439	223.985087982622	1
0	441	223.985087982622	2
0	447	231.308936075607	1
0	449	231.308936075607	2
0	453	232.454639260462	1
0	455	232.454639260462	2
0	461	242.55150926535	1
0	463	242.55150926535	2
0	465	246.826445021244	1
0	467	246.826445021244	2
0	471	247.708851103334	1
0	473	247.708851103334	2
0	475	248.53897559367	1
0	477	248.53897559367	2
0	479	248.814868506966	1
0	481	248.814868506966	2
0	491	275.231303603105	1
0	493	275.231303603105	2
0	495	275.826813474345	1
0	497	275.826813474345	2
0	501	279.211577775856	1
0	503	279.211577775856	2
0	509	287.266042443968	1
0	511	287.266042443968	2
0	513	287.968075210967	1
0	515	287.968075210967	2
0	517	288.22898587118	1
0	519	288.22898587118	2
0	521	288.327041495666	1
0	523	288.327041495666	2
0	531	295.136815405684	1
0	533	295.136815405684	2
0	535	295.607102553717	1
0	537	295.607102553717	2
0	543	299.075392600419	1
0	545	299.075392600419	2
0	549	300.349490601908	1
0	551	300.349490601908	2
0	557	313.063757907302	1
0	559	313.063757907302	2
0	563	317.211512471518	1
0	565	317.211512471518	2
0	569	322.01929006335	1
0	571	322.01929006335	2
0	573	322.124509260137	1
0	575	322.124509260137	2
0	581	333.050564135891	1
0	583	333.050564135891	2
0	585	336.191617461242	1
0	587	336.191617461242	2
0	593	338.892918416788	1
0	595	338.892918416788	2
0	599	345.194381364308	1
0	601	345.194381364308	2
0	603	346.760818767953	1
0	605	346.760818767953	2
0	609	349.951186147919	1
0	611	349.951186147919	2
0	615	353.713920258957	1
0	617	353.713920258957	2
0	619	354.416029200324	1
0	621	354.416029200324	2
0	625	355.017496447538	1
0	627	355.017496447538	2
0	631	356.634101075281	1
0	633	356.634101075281	2
0	639	358.711603990458	1
0	641	358.711603990458	2
0	643	361.228911891039	1
0	645	361.228911891039	2
0	649	363.25806521787	1
0	651	363.25806521787	2
0	657	366.550120486148	1
0	659	366.550120486148	2
0	661	367.971739764579	1
0	663	367.971739764579	2
0	665	368.017268078318	1
0	667	368.017268078318	2
0	673	369.757352479736	1
0	675	369.757352479736	2
0	683	374.895334492802	1
0	685	374.895334492802	2
0	687	382.362446223071	1
0	689	382.362446223071	2
0	695	389.427322092003	1
0	697	389.427322092003	2
0	701	396.064258819568	1
0	703	396.064258819568	2
0	707	397.301162256619	1
0	709	397.301162256619	2
0	711	398.930260662856	1
0	713	398.930260662856	2
0	719	403.810886197947	1
0	721	403.810886197947	2
0	723	404.1102903873	1
0	725	404.1102903873	2
0	727	404.324684386691	1
0	729	404.324684386691	2
0	737	407.908351986983	1
0	739	407.908351986983	2
0	743	420.445928915294	1
0	745	420.445928915294	2
0	749	424.339996675989	1
0	751	424.339996675989	2
0	753	425.623472475934	1
0	755	425.623472475934	2
0	761	429.412541951111	1
0	763	429.412541951111	2
0	767	433.65817409674	1
0	769	433.65817409674	2
0	773	436.120070990298	1
0	775	436.120070990298	2
0	779	444.978631162603	1
0	781	444.978631162603	2
0	783	445.440511398903	1
0	785	445.440511398903	2
0	787	445.782827861593	1
0	789	445.782827861593	2
0	791	447.616369939963	1
0	793	447.616369939963	2
0	803	454.549415470679	1
0	805	454.549415470679	2
0	809	456.585929062352	1
0	811	456.585929062352	2
0	815	461.868161379352	1
0	817	461.868161379352	2
0	821	463.58214273001	1
0	823	463.58214273001	2
0	827	473.461424503382	1
0	829	473.461424503382	2
0	833	481.170323869076	1
0	835	481.170323869076	2
0	839	500.083113529637	1
0	841	500.083113529637	2
0	843	501.879430566237	1
0	845	501.879430566237	2
0	847	503.223861787855	1
0	849	503.223861787855	2
0	853	506.821448444741	1
0	855	506.821448444741	2
0	863	523.014795306355	1
0	865	523.014795306355	2
0	869	529.383315127732	1
0	871	529.383315127732	2
0	875	531.559067443133	1
0	877	531.559067443133	2
0	881	539.183840457545	1
0	883	539.183840457545	2
0	887	541.594881080194	1
0	889	541.594881080194	2
0	893	543.287652814924	1
0	895	543.287652814924	2
0	899	549.598009451968	1
0	901	549.598009451968	2
0	903	549.927533686717	1
0	905	549.927533686717	2
0	909	550.857298794018	1
0	911	550.857298794018	2
0	917	554.114670024708	1
0	919	554.114670024708	2
0	923	561.890015769576	1
0	925	561.890015769576	2
0	927	562.366804354637	1
0	929	562.366804354637	2
0	935	568.962371065647	1
0	937	568.962371065647	2
0	941	574.047672942014	1
0	943	574.047672942014	2
0	947	579.304574148425	1
0	949	579.304574148425	2
0	953	590.511767383485	1
0	955	590.511767383485	2
0	957	590.71666198196	1
0	959	590.71666198196	2
0	963	591.026440638493	1
0	965	591.026440638493	2
0	967	591.328790356718	1
0	969	591.328790356718	2
0	977	603.549438020571	1
0	979	603.549438020571	2
0	981	604.024587878373	1
0	983	604.024587878373	2
0	989	607.802778236944	1
0	991	607.802778236944	2
0	993	609.188788999308	1
0	995	609.188788999308	2
0	1001	613.483174050822	1
0	1003	613.483174050822	2
0	1007	634.289979479718	1
0	1009	634.289979479718	2
0	1013	646.080580655852	1
0	1015	646.080580655852	2
0	1017	648.810867104118	1
0	1019	648.810867104118	2
0	1023	651.210867984322	1
0	1025	651.210867984322	2
0	1029	652.056639900773	1
0	1031	652.056639900773	2
0	1035	655.646340303008	1
0	1037	655.646340303008	2
0	1043	661.765984618822	1
0	1045	661.765984618822	2
0	1047	663.834962449212	1
0	1049	663.834962449212	2
0	1055	668.715746992909	1
0	1057	668.715746992909	2
0	1061	669.223487675159	1
0	1063	669.223487675159	2
0	1067	670.112792647973	1
0	1069	670.112792647973	2
0	1071	670.265814703952	1
0	1073	670.265814703952	2
0	1077	673.604231337422	1
0	1079	673.604231337422	2
0	1081	673.946233738034	1
0	1083	673.946233738034	2
0	1087	677.270113205861	1
0	1089	677.270113205861	2
0	1095	680.389788359237	1
0	1097	680.389788359237	2
0	1099	680.483312931967	1
0	1101	680.483312931967	2
0	1107	684.736448331073	1
0	1109	684.736448331073	2
0	1113	685.471450500886	1
0	1115	685.471450500886	2
0	1119	686.481646390366	1
0	1121	686.481646390366	2
0	1127	698.60841183545	1
0	1129	698.60841183545	2
0	1131	699.539063935524	1
0	1133	699.539063935524	2
0	1137	704.813388736118	1
0	1139	704.813388736118	2
0	1145	721.591992003237	1
0	1147	721.591992003237	2
0	1151	727.251653694883	1
0	1153	727.251653694883	2
0	1155	727.523643805053	1
0	1157	727.523643805053	2
0	1163	736.558211224271	1
0	1165	736.558211224271	2
0	1169	743.981677520763	1
0	1171	743.981677520763	2
0	1175	746.582021390368	1
0	1177	746.582021390368	2
0	1181	756.917562376501	1
0	1183	756.917562376501	2
0	1187	758.176832674687	1
0	1189	758.176832674687	2
0	1193	764.864049211327	1
0	1195	764.864049211327	2
0	1199	767.854598018121	1
0	1201	767.854598018121	2
0	1205	768.184819513413	1
0	1207	768.184819513413	2
0	1211	769.824392383022	1
0	1213	769.824392383022	2
0	1215	770.959823125567	1
0	1217	770.959823125567	2
0	1223	772.192921355078	1
0	1225	772.192921355078	2
0	1229	778.832253965361	1
0	1231	778.832253965361	2
0	1235	786.403158385586	1
0	1237	786.403158385586	2
0	1241	794.241754744379	1
0	1243	794.241754744379	2
0	1247	795.04100057684	1
0	1249	795.04100057684	2
0	1251	795.584135798049	1
0	1253	795.584135798049	2
0	1255	795.849737849223	1
0	1257	795.849737849223	2
0	1263	799.90094957567	1
0	1265	799.90094957567	2
0	1267	800.84611566143	1
0	1269	800.84611566143	2
0	1273	801.844383849156	1
0	1275	801.844383849156	2
0	1279	804.11730266022	1
0	1281	804.11730266022	2
0	1283	805.063143914995	1
0	1285	805.063143914995	2
0	1287	806.196770761645	1
0	1289	806.196770761645	2
0	1299	809.593973195175	1
0	1301	809.593973195175	2
0	1303	809.851823604594	1
0	1305	809.851823604594	2
0	1307	810.687243852112	1
0	1309	810.687243852112	2
0	1315	813.04014385066	1
0	1317	813.04014385066	2
0	1323	815.32701949431	1
0	1325	815.32701949431	2
0	1329	817.204399245287	1
0	1331	817.204399245287	2
0	1333	817.312903381011	1
0	1335	817.312903381011	2
0	1339	818.322575205952	1
0	1341	818.322575205952	2
0	1345	820.180999015742	1
0	1347	820.180999015742	2
0	1353	823.657248547957	1
0	1355	823.657248547957	2
0	1359	825.452635093299	1
0	1361	825.452635093299	2
0	1363	826.05842187342	1
0	1365	826.05842187342	2
0	1369	829.273421286393	1
0	1371	829.273421286393	2
0	1373	830.642642049131	1
0	1375	830.642642049131	2
0	1383	833.105752460658	1
0	1385	833.105752460658	2
0	1391	839.287363240438	1
0	1393	839.287363240438	2
0	1397	852.800498021026	1
0	1399	852.800498021026	2
0	1403	867.223449968417	1
0	1405	867.223449968417	2
0	1409	874.035377504533	1
0	1411	874.035377504533	2
0	1413	874.080218417769	1
0	1415	874.080218417769	2
0	1417	874.26296180613	1
0	1419	874.26296180613	2
0	1427	883.699621778047	1
0	1429	883.699621778047	2
0	1431	887.025582603964	1
0	1433	887.025582603964	2
0	1439	893.069752738671	1
0	1441	893.069752738671	2
0	1445	897.045778276282	1
0	1447	897.045778276282	2
0	1449	897.289402040393	1
0	1451	897.289402040393	2
0	1455	899.842612043882	1
0	1457	899.842612043882	2
0	1461	901.081735144437	1
0	1463	901.081735144437	2
0	1469	904.650479382925	1
0	1471	904.650479382925	2
0	1475	908.955731294103	1
0	1477	908.955731294103	2
0	1481	911.990797184831	1
0	1483	911.990797184831	2
0	1487	915.982457554597	1
0	1489	915.982457554597	2
0	1493	917.355585454381	1
0	1495	917.355585454381	2
0	1497	920.555522020068	1
0	1499	920.555522020068	2
0	1505	931.132708255815	1
0	1507	931.132708255815	2
0	1511	939.060731366578	1
0	1513	939.060731366578	2
0	1517	944.336147111986	1
0	1519	944.336147111986	2
0	1521	945.824855329444	1
0	1523	945.824855329444	2
0	1527	947.087944265619	1
0	1529	947.087944265619	2
0	1535	951.206111354421	1
0	1537	951.206111354421	2
0	1541	958.991942216224	1
0	1543	958.991942216224	2
0	1547	965.5388403753	1
0	1549	965.5388403753	2
0	1551	966.828870357328	1
0	1553	966.828870357328	2
0	1557	970.82955730624	1
0	1559	970.82955730624	2
0	1563	973.624126822052	1
0	1565	973.624126822052	2
0	1571	977.67149404221	1
0	1573	977.67149404221	2
0	1577	981.677905893335	1
0	1579	981.677905893335	2
0	1581	981.886792764913	1
0	1583	981.886792764913	2
0	1589	984.007822976625	1
0	1591	984.007822976625	2
0	1595	988.236147186265	1
0	1597	988.236147186265	2
0	1599	994.732716000236	1
0	1601	994.732716000236	2
0	1605	997.017568936229	1
0	1607	997.017568936229	2
0	1613	998.157680453408	1
0	1615	998.157680453408	2
1	221	110.923382746037	22.378300291192
1	225	111.262829880565	15.72046393416
1	233	114.227867966914	3.304485220877
1	239	115.388129919188	4.125300038623
1	245	120.342024880724	6.11415691381
1	249	120.587164899348	5.19903498016
1	255	123.983449822468	3.641424941744
1	263	130.573885576402	9.986720677054
1	267	133.26165859637	9.278208773902
1	273	134.372542770989	3.798657194587
1	279	137.015123724397	3.753465128027
1	283	137.016706540838	2.644163769849
1	291	139.827893766903	2.812770042506
1	297	145.331098103168	8.31439156233
1	301	146.552195443639	6.724301676736
1	307	148.043519129261	2.712421026093
1	317	165.997031836806	19.444836393167
1	321	167.320213314198	19.276694184937
1	327	168.042843379815	2.045811543009
1	335	177.077767470905	9.757554156707
1	339	180.99769265383	12.954849274015
1	345	183.560151185369	6.482383714464
1	349	184.313374918902	3.315682265072
1	359	190.67867130796	7.118520122591
1	365	194.4408991273	10.127524208398
1	369	195.173335350636	4.494664042676
1	373	195.383109538548	0.942210411248
1	383	197.832180934324	2.658845583688
1	389	199.4267023194	4.043592780852
1	395	201.474000622869	3.641819688545
1	399	201.625590622285	2.198888302885
1	407	218.509560736844	17.035560113975
1	411	219.61085690499	17.985266282705
1	415	220.319165089774	1.80960435293
1	421	221.789478799324	2.178621894334
1	425	222.16303170697	1.843866617196
1	435	223.950603134557	2.161124335233
1	439	223.985087982622	1.822056275652
1	447	231.308936075607	7.35833294105
1	453	232.454639260462	8.46955127784
1	461	242.55150926535	11.242573189743
1	465	246.826445021244	14.371805760782
1	471	247.708851103334	5.157341837984
1	475	248.53897559367	1.712530572426
1	479	248.814868506966	1.106017403632
1	491	275.231303603105	26.692328009435
1	495	275.826813474345	27.011944967379
1	501	279.211577775856	3.980274172751
1	509	287.266042443968	11.439228969623
1	513	287.968075210967	8.756497435111
1	517	288.22898587118	0.962943427212
1	521	288.327041495666	0.358966284699
1	531	295.136815405684	6.907829534504
1	535	295.607102553717	7.280061058051
1	543	299.075392600419	3.938577194735
1	549	300.349490601908	4.742388048191
1	557	313.063757907302	13.988365306883
1	563	317.211512471518	16.86202186961
1	569	322.01929006335	8.955532156048
1	573	322.124509260137	4.912996788619
1	581	333.050564135891	11.031274072541
1	585	336.191617461242	14.067108201105
1	593	338.892918416788	5.842354280897
1	599	345.194381364308	9.002763903066
1	603	346.760818767953	7.867900351165
1	609	349.951186147919	4.756804783611
1	615	353.713920258957	6.953101491004
1	619	354.416029200324	4.464843052405
1	625	355.017496447538	1.303576188581
1	631	356.634101075281	2.218071874957
1	639	358.711603990458	3.69410754292
1	643	361.228911891039	4.594810815758
1	649	363.25806521787	4.546461227412
1	657	366.550120486148	5.321208595109
1	661	367.971739764579	4.713674546709
1	665	368.017268078318	1.46714759217
1	673	369.757352479736	1.785612715157
1	683	374.895334492802	6.878066414484
1	687	382.362446223071	12.605093743335
1	695	389.427322092003	14.531987599201
1	701	396.064258819568	13.701812596497
1	707	397.301162256619	7.873840164616
1	711	398.930260662856	2.866001843288
1	719	403.810886197947	6.509723941328
1	723	404.1102903873	5.180029724444
1	727	404.324684386691	0.513798188744
1	737	407.908351986983	3.798061599683
1	743	420.445928915294	16.121244528603
1	749	424.339996675989	16.431644689006
1	753	425.623472475934	5.17754356064
1	761	429.412541951111	5.072545275122
1	767	433.65817409674	8.034701620806
1	773	436.120070990298	6.707529039187
1	779	444.978631162603	11.320457065863
1	783	445.440511398903	9.320440408605
1	787	445.782827861593	0.80419669899
1	791	447.616369939963	2.17585854106
1	803	454.549415470679	8.766587609086
1	809	456.585929062352	8.969559122389
1	815	461.868161379352	7.318745908673
1	821	463.58214273001	6.996213667658
1	827	473.461424503382	11.59326312403
1	833	481.170323869076	17.588181139066
1	839	500.083113529637	26.621689026255
1	843	501.879430566237	20.709106697161
1	847	503.223861787855	3.140748258218
1	853	506.821448444741	4.942017878504
1	863	523.014795306355	19.7909335185
1	869	529.383315127732	22.561866682991
1	875	531.559067443133	8.544272136778
1	881	539.183840457545	9.800525329813
1	887	541.594881080194	10.035813637061
1	893	543.287652814924	4.103812357379
1	899	549.598009451968	8.003128371774
1	903	549.927533686717	6.639880871793
1	909	550.857298794018	1.25928934205
1	917	554.114670024708	4.187136337991
1	923	561.890015769576	11.032716975558
1	927	562.366804354637	8.252134329929
1	935	568.962371065647	7.072355296071
1	941	574.047672942014	11.680868587377
1	947	579.304574148425	10.342203082778
1	953	590.511767383485	16.464094441471
1	957	590.71666198196	11.412087833535
1	963	591.026440638493	0.514673255008
1	967	591.328790356718	0.612128374758
1	977	603.549438020571	12.522997382078
1	981	604.024587878373	12.695797521655
1	989	607.802778236944	4.253340216373
1	993	609.188788999308	5.164201120935
1	1001	613.483174050822	5.680395813878
1	1007	634.289979479718	25.10119048041
1	1013	646.080580655852	32.59740660503
1	1017	648.810867104118	14.5208876244
1	1023	651.210867984322	5.13028732847
1	1029	652.056639900773	3.245772796655
1	1035	655.646340303008	4.435472318686
1	1043	661.765984618822	9.709344718049
1	1047	663.834962449212	8.188622146204
1	1055	668.715746992909	6.949762374087
1	1061	669.223487675159	5.388525225947
1	1067	670.112792647973	1.397045655064
1	1071	670.265814703952	1.042327028793
1	1077	673.604231337422	3.491438689449
1	1081	673.946233738034	3.680419034082
1	1087	677.270113205861	3.665881868439
1	1095	680.389788359237	6.443554621203
1	1099	680.483312931967	3.213199726106
1	1107	684.736448331073	4.346659971836
1	1113	685.471450500886	4.988137568919
1	1119	686.481646390366	1.745198059293
1	1127	698.60841183545	13.136961334564
1	1131	699.539063935524	13.057417545158
1	1137	704.813388736118	6.204976900668
1	1145	721.591992003237	22.052928067713
1	1151	727.251653694883	22.438264958765
1	1155	727.523643805053	5.931651801816
1	1163	736.558211224271	9.306557529388
1	1169	743.981677520763	16.45803371571
1	1175	746.582021390368	10.023810166097
1	1181	756.917562376501	12.935884855738
1	1187	758.176832674687	11.594811284319
1	1193	764.864049211327	7.946486834826
1	1199	767.854598018121	9.677765343434
1	1205	768.184819513413	3.320770302086
1	1211	769.824392383022	1.969794364901
1	1215	770.959823125567	2.775003612154
1	1223	772.192921355078	2.368528972056
1	1229	778.832253965361	7.872430839794
1	1235	786.403158385586	14.210237030508
1	1241	794.241754744379	15.409500779018
1	1247	795.04100057684	8.637842191254
1	1251	795.584135798049	1.34238105367
1	1255	795.849737849223	0.808737272383
1	1263	799.90094957567	4.316813777621
1	1267	800.84611566143	4.996377812207
1	1273	801.844383849156	1.943434273486
1	1279	804.11730266022	3.27118699879
1	1283	805.063143914995	3.218760065839
1	1287	806.196770761645	2.079468101425
1	1299	809.593973195175	4.53082928018
1	1303	809.851823604594	3.655052842949
1	1307	810.687243852112	1.093270656937
1	1315	813.04014385066	3.188320246066
1	1323	815.32701949431	4.639775642198
1	1329	817.204399245287	4.164255394627
1	1333	817.312903381011	1.985883886701
1	1339	818.322575205952	1.118175960665
1	1345	820.180999015742	2.868095634731
1	1353	823.657248547957	5.334673342005
1	1359	825.452635093299	5.271636077557
1	1363	826.05842187342	2.401173325463
1	1369	829.273421286393	3.820786193094
1	1373	830.642642049131	4.584220175711
1	1383	833.105752460658	3.832331174265
1	1391	839.287363240438	8.644721191307
1	1397	852.800498021026	19.694745560368
1	1403	867.223449968417	27.936086727979
1	1409	874.035377504533	21.234879483507
1	1413	874.080218417769	6.856768449352
1	1417	874.26296180613	0.227584301597
1	1427	883.699621778047	9.619403360278
1	1431	887.025582603964	12.762620797834
1	1439	893.069752738671	9.370130960624
1	1445	897.045778276282	10.020195672318
1	1449	897.289402040393	4.219649301722
1	1455	899.842612043882	2.7968337676
1	1461	901.081735144437	3.792333104044
1	1469	904.650479382925	4.807867339043
1	1475	908.955731294103	7.873996149666
1	1481	911.990797184831	7.340317801906
1	1487	915.982457554597	7.026726260494
1	1493	917.355585454381	5.36478826955
1	1497	920.555522020068	4.573064465471
1	1505	931.132708255815	13.777122801434
1	1511	939.060731366578	18.50520934651
1	1517	944.336147111986	13.203438856171
1	1521	945.824855329444	6.764123962866
1	1527	947.087944265619	2.751797153633
1	1535	951.206111354421	5.381256024977
1	1541	958.991942216224	11.903997950605
1	1547	965.5388403753	14.332729020879
1	1551	966.828870357328	7.836928141104
1	1557	970.82955730624	5.29071693094
1	1563	973.624126822052	6.795256464724
1	1571	977.67149404221	6.84193673597
1	1577	981.677905893335	8.053779071283
1	1581	981.886792764913	4.215298722703
1	1589	984.007822976625	2.32991708329
1	1595	988.236147186265	6.349354421352
1	1599	994.732716000236	10.724893023611
1	1605	997.017568936229	8.781421749964
1	1613	998.157680453408	3.424964453172
2	222	110.923382746037	26
2	226	111.262829880565	25
2	230	111.546231706371	26
2	232	112.790218457425	27
2	234	114.227867966914	26
2	238	115.051329319534	27
2	240	115.388129919188	26
2	244	115.500160488445	27
2	246	120.342024880724	26
2	250	120.587164899348	25
2	254	122.863799386829	26
2	256	123.983449822468	25
2	260	124.575347688975	26
2	262	128.269864702731	27
2	264	130.573885576402	26
2	268	133.26165859637	25
2	272	134.216739621008	26
2	274	134.372542770989	25
2	278	134.467212996134	26
2	280	137.015123724397	25
2	284	137.016706540838	24
2	288	137.080692755577	25
2	290	139.63787434842	26
2	292	139.827893766903	25
2	296	140.605490331441	26
2	298	145.331098103168	25
2	302	146.552195443639	24
2	306	147.046850287106	25
2	308	148.043519129261	24
2	312	151.97091840947	25
2	314	155.537511047746	26
2	316	157.09876429666	27
2	318	165.997031836806	26
2	322	167.320213314198	25
2	326	167.969083506983	26
2	328	168.042843379815	25
2	332	168.114668695796	26
2	334	168.259409715711	27
2	336	177.077767470905	26
2	340	180.99769265383	25
2	344	182.487112422688	26
2	346	183.560151185369	25
2	350	184.313374918902	24
2	354	184.875636710549	25
2	356	184.880565951044	26
2	358	185.133762412282	27
2	360	190.67867130796	26
2	364	191.104555135171	27
2	366	194.4408991273	26
2	370	195.173335350636	25
2	374	195.383109538548	24
2	378	196.423266069063	25
2	380	196.580829935676	26
2	382	197.214602713475	27
2	384	197.832180934324	26
2	388	197.981646097968	27
2	390	199.4267023194	26
2	394	200.316264983286	27
2	396	201.474000622869	26
2	400	201.625590622285	25
2	404	201.903100222228	26
2	406	209.092480833851	27
2	408	218.509560736844	26
2	412	219.61085690499	25
2	416	220.319165089774	24
2	420	221.357683378252	25
2	422	221.789478799324	24
2	426	222.16303170697	23
2	430	222.213868397337	24
2	432	223.785730842055	25
2	434	223.842590153821	26
2	436	223.950603134557	25
2	440	223.985087982622	24
2	444	224.8002806504	25
2	446	230.342302236238	26
2	448	231.308936075607	25
2	452	231.686310313105	26
2	454	232.454639260462	25
2	458	232.696478434888	26
2	460	233.471055537095	27
2	462	242.55150926535	26
2	466	246.826445021244	25
2	470	246.862912193103	26
2	472	247.708851103334	25
2	476	248.53897559367	24
2	480	248.814868506966	23
2	484	248.969624385267	24
2	486	249.294505009793	25
2	488	249.31691413764	26
2	490	251.817077745708	27
2	492	275.231303603105	26
2	496	275.826813474345	25
2	500	277.056121642451	26
2	502	279.211577775856	25
2	506	280.752548716654	26
2	508	281.035677248279	27
2	510	287.266042443968	26
2	514	287.968075210967	25
2	518	288.22898587118	24
2	522	288.327041495666	23
2	526	288.784420497853	24
2	528	289.419488390523	25
2	530	290.489494348951	26
2	532	295.136815405684	25
2	536	295.607102553717	24
2	540	296.305230194923	25
2	542	297.645836400497	26
2	544	299.075392600419	25
2	548	299.503803442968	26
2	550	300.349490601908	25
2	554	301.178434353129	26
2	556	306.619426643394	27
2	558	313.063757907302	26
2	562	313.422527569362	27
2	564	317.211512471518	26
2	568	319.440117716865	27
2	570	322.01929006335	26
2	574	322.124509260137	25
2	578	322.724426779442	26
2	580	323.021061689987	27
2	582	333.050564135891	26
2	586	336.191617461242	25
2	590	336.346690185904	26
2	592	338.391303890174	27
2	594	338.892918416788	26
2	598	339.918707047169	27
2	600	345.194381364308	26
2	604	346.760818767953	25
2	608	348.91596759646	26
2	610	349.951186147919	25
2	614	349.963886097992	26
2	616	353.713920258957	25
2	620	354.416029200324	24
2	624	354.450835744641	25
2	626	355.017496447538	24
2	630	356.2716216302	25
2	632	356.634101075281	24
2	636	356.886876998993	25
2	638	358.187313729976	26
2	640	358.711603990458	25
2	644	361.228911891039	24
2	648	362.832864569529	25
2	650	363.25806521787	24
2	654	365.087238677702	25
2	656	365.756664723864	26
2	658	366.550120486148	25
2	662	367.971739764579	24
2	666	368.017268078318	23
2	670	368.469172729375	24
2	672	368.824178542462	25
2	674	369.757352479736	24
2	678	370.683413282169	25
2	680	372.327190568356	26
2	682	374.701795487983	27
2	684	374.895334492802	26
2	688	382.362446223071	25
2	692	385.452990272535	26
2	694	387.040585771626	27
2	696	389.427322092003	26
2	700	392.336246947988	27
2	702	396.064258819568	26
2	706	396.215958363157	27
2	708	397.301162256619	26
2	712	398.930260662856	25
2	716	399.827561530593	26
2	718	400.042487306961	27
2	720	403.810886197947	26
2	724	404.1102903873	25
2	728	404.324684386691	24
2	732	405.20606160634	25
2	734	405.254259465579	26
2	736	406.821744081548	27
2	738	407.908351986983	26
2	742	407.909632254971	27
2	744	420.445928915294	26
2	748	421.136463058725	27
2	750	424.339996675989	26
2	754	425.623472475934	25
2	758	425.75628421122	26
2	760	427.700859211997	27
2	762	429.412541951111	26
2	766	431.137187478147	27
2	768	433.65817409674	26
2	772	435.311620606386	27
2	774	436.120070990298	26
2	778	437.154319736463	27
2	780	444.978631162603	26
2	784	445.440511398903	25
2	788	445.782827861593	24
2	792	447.616369939963	23
2	796	447.633982673115	24
2	798	448.110830695265	25
2	800	448.357793127569	26
2	802	451.526168971274	27
2	804	454.549415470679	26
2	808	454.80874260582	27
2	810	456.585929062352	26
2	814	458.768281558763	27
2	816	461.868161379352	26
2	820	462.823040095115	27
2	822	463.58214273001	26
2	826	465.879968022577	27
2	828	473.461424503382	26
2	832	473.833621089529	27
2	834	481.170323869076	26
2	838	486.204099788724	27
2	840	500.083113529637	26
2	844	501.879430566237	25
2	848	503.223861787855	24
2	852	504.054126500551	25
2	854	506.821448444741	24
2	858	507.63709197387	25
2	860	510.791922987475	26
2	862	516.469279320811	27
2	864	523.014795306355	26
2	868	523.170906075006	27
2	870	529.383315127732	26
2	874	530.398727113633	27
2	876	531.559067443133	26
2	880	536.668932724947	27
2	882	539.183840457545	26
2	886	541.022250400117	27
2	888	541.594881080194	26
2	892	543.197999143227	27
2	894	543.287652814924	26
2	898	544.218553822679	27
2	900	549.598009451968	26
2	904	549.927533686717	25
2	908	550.057169392324	26
2	910	550.857298794018	25
2	914	552.462893280137	26
2	916	553.614019427166	27
2	918	554.114670024708	26
2	922	556.00552075456	27
2	924	561.890015769576	26
2	928	562.366804354637	25
2	932	563.381402132474	26
2	934	563.500549234194	27
2	936	568.962371065647	26
2	940	570.189592647685	27
2	942	574.047672942014	26
2	946	574.273452369865	27
2	948	579.304574148425	26
2	952	582.82296578824	27
2	954	590.511767383485	26
2	958	590.71666198196	25
2	962	590.905835110183	26
2	964	591.026440638493	25
2	968	591.328790356718	24
2	972	591.367961095613	25
2	974	593.510473138714	26
2	976	596.909567050374	27
2	978	603.549438020571	26
2	982	604.024587878373	25
2	986	604.741123268253	26
2	988	606.798607114986	27
2	990	607.802778236944	26
2	994	609.188788999308	25
2	998	610.088768188556	26
2	1000	610.828221599316	27
2	1002	613.483174050822	26
2	1006	613.663628267635	27
2	1008	634.289979479718	26
2	1012	635.323507208015	27
2	1014	646.080580655852	26
2	1018	648.810867104118	25
2	1022	649.99624969149	26
2	1024	651.210867984322	25
2	1028	651.5946647793	26
2	1030	652.056639900773	25
2	1034	654.151799499754	26
2	1036	655.646340303008	25
2	1040	657.539596418752	26
2	1042	657.880349498605	27
2	1044	661.765984618822	26
2	1048	663.834962449212	25
2	1052	668.352639546734	26
2	1054	668.4696506171	27
2	1056	668.715746992909	26
2	1060	669.033548967345	27
2	1062	669.223487675159	26
2	1066	670.00601491468	27
2	1068	670.112792647973	26
2	1072	670.265814703952	25
2	1076	672.358975196134	26
2	1078	673.604231337422	25
2	1082	673.946233738034	24
2	1086	674.473442499826	25
2	1088	677.270113205861	24
2	1092	677.695289016494	25
2	1094	678.481801221775	26
2	1096	680.389788359237	25
2	1100	680.483312931967	24
2	1104	680.686548216563	25
2	1106	684.499261809127	26
2	1108	684.736448331073	25
2	1112	685.138647562951	26
2	1114	685.471450500886	25
2	1118	685.64667541068	26
2	1120	686.481646390366	25
2	1124	689.506331803354	26
2	1126	690.856020408217	27
2	1128	698.60841183545	26
2	1132	699.539063935524	25
2	1136	701.997040025933	26
2	1138	704.813388736118	25
2	1142	706.583088383177	26
2	1144	706.851138309885	27
2	1146	721.591992003237	26
2	1150	722.81254483845	27
2	1152	727.251653694883	26
2	1156	727.523643805053	25
2	1160	727.798668280499	26
2	1162	731.191406426037	27
2	1164	736.558211224271	26
2	1168	740.244288192378	27
2	1170	743.981677520763	26
2	1174	745.546621901307	27
2	1176	746.582021390368	26
2	1180	749.16219700053	27
2	1182	756.917562376501	26
2	1186	757.75786986138	27
2	1188	758.176832674687	26
2	1192	759.065277995439	27
2	1194	764.864049211327	26
2	1198	765.942932277497	27
2	1200	767.854598018121	26
2	1204	767.883661580576	27
2	1206	768.184819513413	26
2	1210	768.945073599981	27
2	1212	769.824392383022	26
2	1216	770.959823125567	25
2	1220	771.213634247588	26
2	1222	771.331128571161	27
2	1224	772.192921355078	26
2	1228	772.286221167635	27
2	1230	778.832253965361	26
2	1234	783.762446507237	27
2	1236	786.403158385586	26
2	1240	787.68711384173	27
2	1242	794.241754744379	26
2	1246	794.250392205877	27
2	1248	795.04100057684	26
2	1252	795.584135798049	25
2	1256	795.849737849223	24
2	1260	796.849588347028	25
2	1262	797.436808529316	26
2	1264	799.90094957567	25
2	1268	800.84611566143	24
2	1272	801.495412941816	25
2	1274	801.844383849156	24
2	1278	801.954202120168	25
2	1280	804.11730266022	24
2	1284	805.063143914995	23
2	1288	806.196770761645	22
2	1292	806.61925009241	23
2	1294	806.912775441276	24
2	1296	807.047431011231	25
2	1298	807.590561346739	26
2	1300	809.593973195175	25
2	1304	809.851823604594	24
2	1308	810.687243852112	23
2	1312	811.143430434621	24
2	1314	812.779391858479	25
2	1316	813.04014385066	24
2	1320	813.358313145555	25
2	1322	813.570274142621	26
2	1324	815.32701949431	25
2	1328	815.425505878078	26
2	1330	817.204399245287	25
2	1334	817.312903381011	24
2	1338	817.883688910946	25
2	1340	818.322575205952	24
2	1344	819.08047617318	25
2	1346	820.180999015742	24
2	1350	820.209389269454	25
2	1352	820.218269458696	26
2	1354	823.657248547957	25
2	1358	823.755750514051	26
2	1360	825.452635093299	25
2	1364	826.05842187342	24
2	1368	828.590960043635	25
2	1370	829.273421286393	24
2	1374	830.642642049131	23
2	1378	831.737865093896	24
2	1380	832.484154254251	25
2	1382	832.646667142133	26
2	1384	833.105752460658	25
2	1388	833.692902275766	26
2	1390	834.136943773453	27
2	1392	839.287363240438	26
2	1396	841.188736017463	27
2	1398	852.800498021026	26
2	1402	853.717278018142	27
2	1404	867.223449968417	26
2	1408	872.477227649977	27
2	1410	874.035377504533	26
2	1414	874.080218417769	25
2	1418	874.26296180613	24
2	1422	876.11538857895	25
2	1424	877.827311341327	26
2	1426	877.958255426142	27
2	1428	883.699621778047	26
2	1432	887.025582603964	25
2	1436	887.704421091047	26
2	1438	891.318526184632	27
2	1440	893.069752738671	26
2	1444	893.625075942211	27
2	1446	897.045778276282	26
2	1450	897.289402040393	25
2	1454	898.503726707368	26
2	1456	899.842612043882	25
2	1460	899.953766871332	26
2	1462	901.081735144437	25
2	1466	903.042994840067	26
2	1468	903.435976929516	27
2	1470	904.650479382925	26
2	1474	906.451513533438	27
2	1476	908.955731294103	26
2	1480	911.215401347228	27
2	1482	911.990797184831	26
2	1486	912.383502730605	27
2	1488	915.982457554597	26
2	1492	917.127644841597	27
2	1494	917.355585454381	26
2	1498	920.555522020068	25
2	1502	921.232250131675	26
2	1504	922.570236942154	27
2	1506	931.132708255815	26
2	1510	933.229102048775	27
2	1512	939.060731366578	26
2	1516	940.441213027465	27
2	1518	944.336147111986	26
2	1522	945.824855329444	25
2	1526	946.075452101917	26
2	1528	947.087944265619	25
2	1532	947.147519728169	26
2	1534	950.012013592918	27
2	1536	951.206111354421	26
2	1540	956.558470200007	27
2	1542	958.991942216224	26
2	1546	961.632438676184	27
2	1548	965.5388403753	26
2	1552	966.828870357328	25
2	1556	970.420236534959	26
2	1558	970.82955730624	25
2	1562	971.100258646835	26
2	1564	973.624126822052	25
2	1568	973.839201644774	26
2	1570	976.335213193633	27
2	1572	977.67149404221	26
2	1576	978.206716971355	27
2	1578	981.677905893335	26
2	1582	981.886792764913	25
2	1586	982.662373826154	26
2	1588	983.425341690485	27
2	1590	984.007822976625	26
2	1594	987.069268731794	27
2	1596	988.236147186265	26
2	1600	994.732716000236	25
2	1604	996.972883331813	26
2	1606	997.017568936229	25
2	1610	998.040712030486	26
2	1612	998.046148938186	27
2	1614	998.157680453408	26
3	222	110.923382746037	106.42465137749
3	226	111.262829880565	106.60174427741
3	234	114.227867966914	109.1823498252
3	240	115.388129919188	109.83248633121
3	246	120.342024880724	113.04957682088
3	250	120.587164899348	109.32563238236
3	256	123.983449822468	112.10313859794
3	264	130.573885576402	118.67068979646
3	268	133.26165859637	104.22757831415
3	274	134.372542770989	102.10862051022
3	280	137.015123724397	98.134853014329
3	284	137.016706540838	94.715383943783
3	292	139.827893766903	91.748167346999
3	298	145.331098103168	89.528486779947
3	302	146.552195443639	88.918786041743
3	308	148.043519129261	89.942018804484
3	318	165.997031836806	105.88025152021
3	322	167.320213314198	103.83617408822
3	328	168.042843379815	101.67065638713
3	336	177.077767470905	110.16311856609
3	340	180.99769265383	113.21352605561
3	346	183.560151185369	115.28529147642
3	350	184.313374918902	116.0091678809
3	360	190.67867130796	114.35183860444
3	366	194.4408991273	109.23927234235
3	370	195.173335350636	106.15832533531
3	374	195.383109538548	97.452598408725
3	384	197.832180934324	86.285949227953
3	390	199.4267023194	86.636483861975
3	396	201.474000622869	86.422671303335
3	400	201.625590622285	86.12543013384
3	408	218.509560736844	95.645761350015
3	412	219.61085690499	95.035509216015
3	416	220.319165089774	92.049300387043
3	422	221.789478799324	87.572739178316
3	426	222.16303170697	87.695818710836
3	436	223.950603134557	86.86991037898
3	440	223.985087982622	84.347213634202
3	448	231.308936075607	90.703445744166
3	454	232.454639260462	85.407788973356
3	462	242.55150926535	90.58059085588
3	466	246.826445021244	91.288933973498
3	472	247.708851103334	90.610086806674
3	476	248.53897559367	80.569892086687
3	480	248.814868506966	80.70019981117
3	492	275.231303603105	106.97189388739
3	496	275.826813474345	93.339701051657
3	502	279.211577775856	94.335941065307
3	510	287.266042443968	102.38547649292
3	514	287.968075210967	102.83431279869
3	518	288.22898587118	97.124430736009
3	522	288.327041495666	91.903775426603
3	532	295.136815405684	98.555985470008
3	536	295.607102553717	98.392499840242
3	544	299.075392600419	101.09374650245
3	550	300.349490601908	100.03322561862
3	558	313.063757907302	111.16065768507
3	564	317.211512471518	108.11903163767
3	570	322.01929006335	100.6616066851
3	574	322.124509260137	99.9106408628
3	582	333.050564135891	109.26483329384
3	586	336.191617461242	112.34902730742
3	594	338.892918416788	114.09263776639
3	600	345.194381364308	114.85207912807
3	604	346.760818767953	115.07450845485
3	610	349.951186147919	117.25470771303
3	616	353.713920258957	120.24286472186
3	620	354.416029200324	107.55311700722
3	626	355.017496447538	106.04787206227
3	632	356.634101075281	107.33959606549
3	640	358.711603990458	109.39468985282
3	644	361.228911891039	109.41183414533
3	650	363.25806521787	86.201943575419
3	658	366.550120486148	85.797571769494
3	662	367.971739764579	86.9360625163
3	666	368.017268078318	79.232847580465
3	674	369.757352479736	80.337864089213
3	684	374.895334492802	84.405840143851
3	688	382.362446223071	86.057216028148
3	696	389.427322092003	91.781485691506
3	702	396.064258819568	96.5604553766
3	708	397.301162256619	96.12272790349
3	712	398.930260662856	92.310834019462
3	720	403.810886197947	90.388358628585
3	724	404.1102903873	84.670172670435
3	728	404.324684386691	81.600257607249
3	738	407.908351986983	84.887290296996
3	744	420.445928915294	84.09923872939
3	750	424.339996675989	85.948692785815
3	754	425.623472475934	85.704765428765
3	762	429.412541951111	80.496574354651
3	768	433.65817409674	83.694287998748
3	774	436.120070990298	81.669235245657
3	780	444.978631162603	88.707009532403
3	784	445.440511398903	88.55363439991
3	788	445.782827861593	87.595514131617
3	792	447.616369939963	84.783505370434
3	804	454.549415470679	89.462176792977
3	810	456.585929062352	90.829264338488
3	816	461.868161379352	93.398988649977
3	822	463.58214273001	94.757964187548
3	828	473.461424503382	102.77801122121
3	834	481.170323869076	108.84313330072
3	840	500.083113529637	125.38131804165
3	844	501.879430566237	116.4264402937
3	848	503.223861787855	116.18327601623
3	854	506.821448444741	114.48520149675
3	864	523.014795306355	126.7988369432
3	870	529.383315127732	129.55575359714
3	876	531.559067443133	131.51658013617
3	882	539.183840457545	133.9777788512
3	888	541.594881080194	136.34062161462
3	894	543.287652814924	136.46590873338
3	900	549.598009451968	141.688377197
3	904	549.927533686717	128.79107062799
3	910	550.857298794018	125.1010145828
3	918	554.114670024708	126.41381081271
3	924	561.890015769576	130.75282829143
3	928	562.366804354637	127.05518374825
3	936	568.962371065647	131.80805132918
3	942	574.047672942014	126.4136902689
3	948	579.304574148425	131.19374345316
3	954	590.511767383485	142.15397425592
3	958	590.71666198196	139.19049301069
3	964	591.026440638493	136.21769803267
3	968	591.328790356718	132.56050879796
3	978	603.549438020571	140.72639792546
3	982	604.024587878373	138.1446198558
3	990	607.802778236944	133.96915714741
3	994	609.188788999308	122.98468921058
3	1002	613.483174050822	109.42904755027
3	1008	634.289979479718	126.65288750585
3	1014	646.080580655852	135.28865766838
3	1018	648.810867104118	132.34158778331
3	1024	651.210867984322	128.03996190932
3	1030	652.056639900773	121.65791278714
3	1036	655.646340303008	118.97740757806
3	1044	661.765984618822	120.74373421871
3	1048	663.834962449212	120.63696330598
3	1056	668.715746992909	124.49719317023
3	1062	669.223487675159	119.16631828283
3	1068	670.112792647973	117.64989936784
3	1072	670.265814703952	116.65179527679
3	1078	673.604231337422	117.59871058286
3	1082	673.946233738034	110.56483160556
3	1088	677.270113205861	113.76956397167
3	1096	680.389788359237	110.20019571155
3	1100	680.483312931967	106.2098605621
3	1108	684.736448331073	101.91348254283
3	1114	685.471450500886	94.565615390703
3	1120	686.481646390366	95.113685294753
3	1128	698.60841183545	105.09793869674
3	1132	699.539063935524	102.62949688515
3	1138	704.813388736118	100.07226546786
3	1146	721.591992003237	114.79338488825
3	1152	727.251653694883	117.16288550633
3	1156	727.523643805053	116.69542220574
3	1164	736.558211224271	122.89458295664
3	1170	743.981677520763	108.65817031275
3	1176	746.582021390368	96.585771698878
3	1182	756.917562376501	105.3228975972
3	1188	758.176832674687	104.02503317493
3	1194	764.864049211327	107.32445279258
3	1200	767.854598018121	109.97424851952
3	1206	768.184819513413	99.832179966679
3	1212	769.824392383022	101.35474176592
3	1216	770.959823125567	101.92627415822
3	1224	772.192921355078	102.1869064404
3	1230	778.832253965361	106.47327876923
3	1236	786.403158385586	111.92971588576
3	1242	794.241754744379	116.54646572788
3	1248	795.04100057684	116.55919935507
3	1252	795.584135798049	114.89758758149
3	1256	795.849737849223	111.3504760401
3	1264	799.90094957567	114.76230201272
3	1268	800.84611566143	115.19944025075
3	1274	801.844383849156	112.3380520458
3	1280	804.11730266022	113.261282252
3	1284	805.063143914995	103.06610388906
3	1288	806.196770761645	99.613682378468
3	1300	809.593973195175	102.74283488529
3	1304	809.851823604594	87.039278766144
3	1308	810.687243852112	82.888575571613
3	1316	813.04014385066	81.848737424623
3	1324	815.32701949431	75.082731301932
3	1330	817.204399245287	71.65777734398
3	1334	817.312903381011	68.150706380481
3	1340	818.322575205952	60.564705344572
3	1346	820.180999015742	61.115721020303
3	1354	823.657248547957	57.71431627046
3	1360	825.452635093299	57.568973512723
3	1364	826.05842187342	57.113348273439
3	1370	829.273421286393	58.059787038805
3	1374	830.642642049131	59.31151347797
3	1384	833.105752460658	60.819531293023
3	1392	839.287363240438	55.524916733201
3	1398	852.800498021026	65.113384179296
3	1404	867.223449968417	72.97305776254
3	1410	874.035377504533	77.185789157505
3	1414	874.080218417769	76.643409888453
3	1418	874.26296180613	72.767548864314
3	1428	883.699621778047	81.745419657879
3	1432	887.025582603964	80.406332511554
3	1440	893.069752738671	86.156977297395
3	1446	897.045778276282	89.998347265051
3	1450	897.289402040393	89.698840693654
3	1456	899.842612043882	88.699181609261
3	1462	901.081735144437	88.302343285958
3	1470	904.650479382925	91.29216623737
3	1476	908.955731294103	95.385457151482
3	1482	911.990797184831	96.565291306753
3	1488	915.982457554597	98.098768643651
3	1494	917.355585454381	98.275109281201
3	1498	920.555522020068	100.34613275061
3	1506	931.132708255815	110.91443879712
3	1512	939.060731366578	115.30498085253
3	1518	944.336147111986	115.74518706835
3	1522	945.824855329444	114.08699023555
3	1528	947.087944265619	114.60379001137
3	1536	951.206111354421	118.55944421229
3	1542	958.991942216224	125.29903994046
3	1548	965.5388403753	131.40189660185
3	1552	966.828870357328	125.64013433986
3	1558	970.82955730624	117.1122792881
3	1564	973.624126822052	101.14689917207
3	1572	977.67149404221	101.55610546326
3	1578	981.677905893335	103.85059455201
3	1582	981.886792764913	103.92853733877
3	1590	984.007822976625	96.303401885578
3	1596	988.236147186265	96.917621001633
3	1600	994.732716000236	101.10764005802
3	1606	997.017568936229	98.513842228861
3	1614	998.157680453408	98.203913582076
4	222	110.923382746037	0
4	226	111.262829880565	0
4	234	114.227867966914	0
4	240	115.388129919188	0
4	246	120.342024880724	0
4	250	120.587164899348	0
4	256	123.983449822468	0
4	264	130.573885576402	0
4	268	133.26165859637	0
4	274	134.372542770989	0
4	280	137.015123724397	0
4	284	137.016706540838	0
4	292	139.827893766903	0
4	298	145.331098103168	0
4	302	146.552195443639	0
4	308	148.043519129261	0
4	318	165.997031836806	0
4	322	167.320213314198	0
4	328	168.042843379815	0
4	336	177.077767470905	0
4	340	180.99769265383	0
4	346	183.560151185369	0
4	350	184.313374918902	0
4	360	190.67867130796	0
4	366	194.4408991273	0
4	370	195.173335350636	0
4	374	195.383109538548	0
4	384	197.832180934324	0
4	390	199.4267023194	0
4	396	201.474000622869	0
4	400	201.625590622285	0
4	408	218.509560736844	0
4	412	219.61085690499	0
4	416	220.319165089774	0
4	422	221.789478799324	0
4	426	222.16303170697	0
4	436	223.950603134557	0
4	440	223.985087982622	0
4	448	231.308936075607	0
4	454	232.454639260462	0
4	462	242.55150926535	0
4	466	246.826445021244	0
4	472	247.708851103334	0
4	476	248.53897559367	0
4	480	248.814868506966	0
4	492	275.231303603105	0
4	496	275.826813474345	0
4	502	279.211577775856	0
4	510	287.266042443968	0
4	514	287.968075210967	0
4	518	288.22898587118	0
4	522	288.327041495666	0
4	532	295.136815405684	0
4	536	295.607102553717	0
4	544	299.075392600419	0
4	550	300.349490601908	0
4	558	313.063757907302	0
4	564	317.211512471518	0
4	570	322.01929006335	0
4	574	322.124509260137	0
4	582	333.050564135891	0
4	586	336.191617461242	0
4	594	338.892918416788	0
4	600	345.194381364308	0
4	604	346.760818767953	0
4	610	349.951186147919	0
4	616	353.713920258957	0
4	620	354.416029200324	0
4	626	355.017496447538	0
4	632	356.634101075281	0
4	640	358.711603990458	0
4	644	361.228911891039	0
4	650	363.25806521787	0
4	658	366.550120486148	0
4	662	367.971739764579	0
4	666	368.017268078318	0
4	674	369.757352479736	0
4	684	374.895334492802	0
4	688	382.362446223071	0
4	696	389.427322092003	0
4	702	396.064258819568	0
4	708	397.301162256619	0
4	712	398.930260662856	0
4	720	403.810886197947	0
4	724	404.1102903873	0
4	728	404.324684386691	0
4	738	407.908351986983	0
4	744	420.445928915294	0
4	750	424.339996675989	0
4	754	425.623472475934	0
4	762	429.412541951111	0
4	768	433.65817409674	0
4	774	436.120070990298	0
4	780	444.978631162603	0
4	784	445.440511398903	0
4	788	445.782827861593	0
4	792	447.616369939963	0
4	804	454.549415470679	0
4	810	456.585929062352	0
4	816	461.868161379352	0
4	822	463.58214273001	0
4	828	473.461424503382	0
4	834	481.170323869076	0
4	840	500.083113529637	0
4	844	501.879430566237	0
4	848	503.223861787855	0
4	854	506.821448444741	0
4	864	523.014795306355	0
4	870	529.383315127732	0
4	876	531.559067443133	0
4	882	539.183840457545	0
4	888	541.594881080194	0
4	894	543.287652814924	0
4	900	549.598009451968	0
4	904	549.927533686717	0
4	910	550.857298794018	0
4	918	554.114670024708	0
4	924	561.890015769576	0
4	928	562.366804354637	0
4	936	568.962371065647	0
4	942	574.047672942014	0
4	948	579.304574148425	0
4	954	590.511767383485	0
4	958	590.71666198196	0
4	964	591.026440638493	0
4	968	591.328790356718	0
4	978	603.549438020571	0
4	982	604.024587878373	0
4	990	607.802778236944	0
4	994	609.188788999308	0
4	1002	613.483174050822	0
4	1008	634.289979479718	0
4	1014	646.080580655852	0
4	1018	648.810867104118	0
4	1024	651.210867984322	0
4	1030	652.056639900773	0
4	1036	655.646340303008	0
4	1044	661.765984618822	0
4	1048	663.834962449212	0
4	1056	668.715746992909	0
4	1062	669.223487675159	0
4	1068	670.112792647973	0
4	1072	670.265814703952	0
4	1078	673.604231337422	0
4	1082	673.946233738034	0
4	1088	677.270113205861	0
4	1096	680.389788359237	0
4	1100	680.483312931967	0
4	1108	684.736448331073	0
4	1114	685.471450500886	0
4	1120	686.481646390366	0
4	1128	698.60841183545	0
4	1132	699.539063935524	0
4	1138	704.813388736118	0
4	1146	721.591992003237	0
4	1152	727.251653694883	0
4	1156	727.523643805053	0
4	1164	736.558211224271	0
4	1170	743.981677520763	0
4	1176	746.582021390368	0
4	1182	756.917562376501	0
4	1188	758.176832674687	0
4	1194	764.864049211327	0
4	1200	767.854598018121	0
4	1206	768.184819513413	0
4	1212	769.824392383022	0
4	1216	770.959823125567	0
4	1224	772.192921355078	0
4	1230	778.832253965361	0
4	1236	786.403158385586	0
4	1242	794.241754744379	0
4	1248	795.04100057684	0
4	1252	795.584135798049	0
4	1256	795.849737849223	0
4	1264	799.90094957567	0
4	1268	800.84611566143	0
4	1274	801.844383849156	0
4	1280	804.11730266022	0
4	1284	805.063143914995	0
4	1288	806.196770761645	0
4	1300	809.593973195175	0
4	1304	809.851823604594	0
4	1308	810.687243852112	0
4	1316	813.04014385066	0
4	1324	815.32701949431	0
4	1330	817.204399245287	0
4	1334	817.312903381011	0
4	1340	818.322575205952	0
4	1346	820.180999015742	0
4	1354	823.657248547957	0
4	1360	825.452635093299	0
4	1364	826.05842187342	0
4	1370	829.273421286393	0
4	1374	830.642642049131	0
4	1384	833.105752460658	0
4	1392	839.287363240438	0
4	1398	852.800498021026	0
4	1404	867.223449968417	0
4	1410	874.035377504533	0
4	1414	874.080218417769	0
4	1418	874.26296180613	0
4	1428	883.699621778047	0
4	1432	887.025582603964	0
4	1440	893.069752738671	0
4	1446	897.045778276282	0
4	1450	897.289402040393	0
4	1456	899.842612043882	0
4	1462	901.081735144437	0
4	1470	904.650479382925	0
4	1476	908.955731294103	0
4	1482	911.990797184831	0
4	1488	915.982457554597	0
4	1494	917.355585454381	0
4	1498	920.555522020068	0
4	1506	931.132708255815	0
4	1512	939.060731366578	0
4	1518	944.336147111986	0
4	1522	945.824855329444	0
4	1528	947.087944265619	0
4	1536	951.206111354421	0
4	1542	958.991942216224	0
4	1548	965.5388403753	0
4	1552	966.828870357328	0
4	1558	970.82955730624	0
4	1564	973.624126822052	0
4	1572	977.67149404221	0
4	1578	981.677905893335	0
4	1582	981.886792764913	0
4	1590	984.007822976625	0
4	1596	988.236147186265	0
4	1600	994.732716000236	0
4	1606	997.017568936229	0
4	1614	998.157680453408	0
5	224	110.923382746037	1
5	228	111.262829880565	2
5	229	111.546231706371	1
5	231	112.790218457425	0
5	236	114.227867966914	1
5	237	115.051329319534	0
5	242	115.388129919188	1
5	243	115.500160488445	0
5	248	120.342024880724	1
5	252	120.587164899348	2
5	253	122.863799386829	1
5	258	123.983449822468	2
5	259	124.575347688975	1
5	261	128.269864702731	0
5	266	130.573885576402	1
5	270	133.26165859637	2
5	271	134.216739621008	1
5	276	134.372542770989	2
5	277	134.467212996134	1
5	282	137.015123724397	2
5	286	137.016706540838	3
5	287	137.080692755577	2
5	289	139.63787434842	1
5	294	139.827893766903	2
5	295	140.605490331441	1
5	300	145.331098103168	2
5	304	146.552195443639	3
5	305	147.046850287106	2
5	310	148.043519129261	3
5	311	151.97091840947	2
5	313	155.537511047746	1
5	315	157.09876429666	0
5	320	165.997031836806	1
5	324	167.320213314198	2
5	325	167.969083506983	1
5	330	168.042843379815	2
5	331	168.114668695796	1
5	333	168.259409715711	0
5	338	177.077767470905	1
5	342	180.99769265383	2
5	343	182.487112422688	1
5	348	183.560151185369	2
5	352	184.313374918902	3
5	353	184.875636710549	2
5	355	184.880565951044	1
5	357	185.133762412282	0
5	362	190.67867130796	1
5	363	191.104555135171	0
5	368	194.4408991273	1
5	372	195.173335350636	2
5	376	195.383109538548	3
5	377	196.423266069063	2
5	379	196.580829935676	1
5	381	197.214602713475	0
5	386	197.832180934324	1
5	387	197.981646097968	0
5	392	199.4267023194	1
5	393	200.316264983286	0
5	398	201.474000622869	1
5	402	201.625590622285	2
5	403	201.903100222228	1
5	405	209.092480833851	0
5	410	218.509560736844	1
5	414	219.61085690499	2
5	418	220.319165089774	3
5	419	221.357683378252	2
5	424	221.789478799324	3
5	428	222.16303170697	4
5	429	222.213868397337	3
5	431	223.785730842055	2
5	433	223.842590153821	1
5	438	223.950603134557	2
5	442	223.985087982622	3
5	443	224.8002806504	2
5	445	230.342302236238	1
5	450	231.308936075607	2
5	451	231.686310313105	1
5	456	232.454639260462	2
5	457	232.696478434888	1
5	459	233.471055537095	0
5	464	242.55150926535	1
5	468	246.826445021244	2
5	469	246.862912193103	1
5	474	247.708851103334	2
5	478	248.53897559367	3
5	482	248.814868506966	4
5	483	248.969624385267	3
5	485	249.294505009793	2
5	487	249.31691413764	1
5	489	251.817077745708	0
5	494	275.231303603105	1
5	498	275.826813474345	2
5	499	277.056121642451	1
5	504	279.211577775856	2
5	505	280.752548716654	1
5	507	281.035677248279	0
5	512	287.266042443968	1
5	516	287.968075210967	2
5	520	288.22898587118	3
5	524	288.327041495666	4
5	525	288.784420497853	3
5	527	289.419488390523	2
5	529	290.489494348951	1
5	534	295.136815405684	2
5	538	295.607102553717	3
5	539	296.305230194923	2
5	541	297.645836400497	1
5	546	299.075392600419	2
5	547	299.503803442968	1
5	552	300.349490601908	2
5	553	301.178434353129	1
5	555	306.619426643394	0
5	560	313.063757907302	1
5	561	313.422527569362	0
5	566	317.211512471518	1
5	567	319.440117716865	0
5	572	322.01929006335	1
5	576	322.124509260137	2
5	577	322.724426779442	1
5	579	323.021061689987	0
5	584	333.050564135891	1
5	588	336.191617461242	2
5	589	336.346690185904	1
5	591	338.391303890174	0
5	596	338.892918416788	1
5	597	339.918707047169	0
5	602	345.194381364308	1
5	606	346.760818767953	2
5	607	348.91596759646	1
5	612	349.951186147919	2
5	613	349.963886097992	1
5	618	353.713920258957	2
5	622	354.416029200324	3
5	623	354.450835744641	2
5	628	355.017496447538	3
5	629	356.2716216302	2
5	634	356.634101075281	3
5	635	356.886876998993	2
5	637	358.187313729976	1
5	642	358.711603990458	2
5	646	361.228911891039	3
5	647	362.832864569529	2
5	652	363.25806521787	3
5	653	365.087238677702	2
5	655	365.756664723864	1
5	660	366.550120486148	2
5	664	367.971739764579	3
5	668	368.017268078318	4
5	669	368.469172729375	3
5	671	368.824178542462	2
5	676	369.757352479736	3
5	677	370.683413282169	2
5	679	372.327190568356	1
5	681	374.701795487983	0
5	686	374.895334492802	1
5	690	382.362446223071	2
5	691	385.452990272535	1
5	693	387.040585771626	0
5	698	389.427322092003	1
5	699	392.336246947988	0
5	704	396.064258819568	1
5	705	396.215958363157	0
5	710	397.301162256619	1
5	714	398.930260662856	2
5	715	399.827561530593	1
5	717	400.042487306961	0
5	722	403.810886197947	1
5	726	404.1102903873	2
5	730	404.324684386691	3
5	731	405.20606160634	2
5	733	405.254259465579	1
5	735	406.821744081548	0
5	740	407.908351986983	1
5	741	407.909632254971	0
5	746	420.445928915294	1
5	747	421.136463058725	0
5	752	424.339996675989	1
5	756	425.623472475934	2
5	757	425.75628421122	1
5	759	427.700859211997	0
5	764	429.412541951111	1
5	765	431.137187478147	0
5	770	433.65817409674	1
5	771	435.311620606386	0
5	776	436.120070990298	1
5	777	437.154319736463	0
5	782	444.978631162603	1
5	786	445.440511398903	2
5	790	445.782827861593	3
5	794	447.616369939963	4
5	795	447.633982673115	3
5	797	448.110830695265	2
5	799	448.357793127569	1
5	801	451.526168971274	0
5	806	454.549415470679	1
5	807	454.80874260582	0
5	812	456.585929062352	1
5	813	458.768281558763	0
5	818	461.868161379352	1
5	819	462.823040095115	0
5	824	463.58214273001	1
5	825	465.879968022577	0
5	830	473.461424503382	1
5	831	473.833621089529	0
5	836	481.170323869076	1
5	837	486.204099788724	0
5	842	500.083113529637	1
5	846	501.879430566237	2
5	850	503.223861787855	3
5	851	504.054126500551	2
5	856	506.821448444741	3
5	857	507.63709197387	2
5	859	510.791922987475	1
5	861	516.469279320811	0
5	866	523.014795306355	1
5	867	523.170906075006	0
5	872	529.383315127732	1
5	873	530.398727113633	0
5	878	531.559067443133	1
5	879	536.668932724947	0
5	884	539.183840457545	1
5	885	541.022250400117	0
5	890	541.594881080194	1
5	891	543.197999143227	0
5	896	543.287652814924	1
5	897	544.218553822679	0
5	902	549.598009451968	1
5	906	549.927533686717	2
5	907	550.057169392324	1
5	912	550.857298794018	2
5	913	552.462893280137	1
5	915	553.614019427166	0
5	920	554.114670024708	1
5	921	556.00552075456	0
5	926	561.890015769576	1
5	930	562.366804354637	2
5	931	563.381402132474	1
5	933	563.500549234194	0
5	938	568.962371065647	1
5	939	570.189592647685	0
5	944	574.047672942014	1
5	945	574.273452369865	0
5	950	579.304574148425	1
5	951	582.82296578824	0
5	956	590.511767383485	1
5	960	590.71666198196	2
5	961	590.905835110183	1
5	966	591.026440638493	2
5	970	591.328790356718	3
5	971	591.367961095613	2
5	973	593.510473138714	1
5	975	596.909567050374	0
5	980	603.549438020571	1
5	984	604.024587878373	2
5	985	604.741123268253	1
5	987	606.798607114986	0
5	992	607.802778236944	1
5	996	609.188788999308	2
5	997	610.088768188556	1
5	999	610.828221599316	0
5	1004	613.483174050822	1
5	1005	613.663628267635	0
5	1010	634.289979479718	1
5	1011	635.323507208015	0
5	1016	646.080580655852	1
5	1020	648.810867104118	2
5	1021	649.99624969149	1
5	1026	651.210867984322	2
5	1027	651.5946647793	1
5	1032	652.056639900773	2
5	1033	654.151799499754	1
5	1038	655.646340303008	2
5	1039	657.539596418752	1
5	1041	657.880349498605	0
5	1046	661.765984618822	1
5	1050	663.834962449212	2
5	1051	668.352639546734	1
5	1053	668.4696506171	0
5	1058	668.715746992909	1
5	1059	669.033548967345	0
5	1064	669.223487675159	1
5	1065	670.00601491468	0
5	1070	670.112792647973	1
5	1074	670.265814703952	2
5	1075	672.358975196134	1
5	1080	673.604231337422	2
5	1084	673.946233738034	3
5	1085	674.473442499826	2
5	1090	677.270113205861	3
5	1091	677.695289016494	2
5	1093	678.481801221775	1
5	1098	680.389788359237	2
5	1102	680.483312931967	3
5	1103	680.686548216563	2
5	1105	684.499261809127	1
5	1110	684.736448331073	2
5	1111	685.138647562951	1
5	1116	685.471450500886	2
5	1117	685.64667541068	1
5	1122	686.481646390366	2
5	1123	689.506331803354	1
5	1125	690.856020408217	0
5	1130	698.60841183545	1
5	1134	699.539063935524	2
5	1135	701.997040025933	1
5	1140	704.813388736118	2
5	1141	706.583088383177	1
5	1143	706.851138309885	0
5	1148	721.591992003237	1
5	1149	722.81254483845	0
5	1154	727.251653694883	1
5	1158	727.523643805053	2
5	1159	727.798668280499	1
5	1161	731.191406426037	0
5	1166	736.558211224271	1
5	1167	740.244288192378	0
5	1172	743.981677520763	1
5	1173	745.546621901307	0
5	1178	746.582021390368	1
5	1179	749.16219700053	0
5	1184	756.917562376501	1
5	1185	757.75786986138	0
5	1190	758.176832674687	1
5	1191	759.065277995439	0
5	1196	764.864049211327	1
5	1197	765.942932277497	0
5	1202	767.854598018121	1
5	1203	767.883661580576	0
5	1208	768.184819513413	1
5	1209	768.945073599981	0
5	1214	769.824392383022	1
5	1218	770.959823125567	2
5	1219	771.213634247588	1
5	1221	771.331128571161	0
5	1226	772.192921355078	1
5	1227	772.286221167635	0
5	1232	778.832253965361	1
5	1233	783.762446507237	0
5	1238	786.403158385586	1
5	1239	787.68711384173	0
5	1244	794.241754744379	1
5	1245	794.250392205877	0
5	1250	795.04100057684	1
5	1254	795.584135798049	2
5	1258	795.849737849223	3
5	1259	796.849588347028	2
5	1261	797.436808529316	1
5	1266	799.90094957567	2
5	1270	800.84611566143	3
5	1271	801.495412941816	2
5	1276	801.844383849156	3
5	1277	801.954202120168	2
5	1282	804.11730266022	3
5	1286	805.063143914995	4
5	1290	806.196770761645	5
5	1291	806.61925009241	4
5	1293	806.912775441276	3
5	1295	807.047431011231	2
5	1297	807.590561346739	1
5	1302	809.593973195175	2
5	1306	809.851823604594	3
5	1310	810.687243852112	4
5	1311	811.143430434621	3
5	1313	812.779391858479	2
5	1318	813.04014385066	3
5	1319	813.358313145555	2
5	1321	813.570274142621	1
5	1326	815.32701949431	2
5	1327	815.425505878078	1
5	1332	817.204399245287	2
5	1336	817.312903381011	3
5	1337	817.883688910946	2
5	1342	818.322575205952	3
5	1343	819.08047617318	2
5	1348	820.180999015742	3
5	1349	820.209389269454	2
5	1351	820.218269458696	1
5	1356	823.657248547957	2
5	1357	823.755750514051	1
5	1362	825.452635093299	2
5	1366	826.05842187342	3
5	1367	828.590960043635	2
5	1372	829.273421286393	3
5	1376	830.642642049131	4
5	1377	831.737865093896	3
5	1379	832.484154254251	2
5	1381	832.646667142133	1
5	1386	833.105752460658	2
5	1387	833.692902275766	1
5	1389	834.136943773453	0
5	1394	839.287363240438	1
5	1395	841.188736017463	0
5	1400	852.800498021026	1
5	1401	853.717278018142	0
5	1406	867.223449968417	1
5	1407	872.477227649977	0
5	1412	874.035377504533	1
5	1416	874.080218417769	2
5	1420	874.26296180613	3
5	1421	876.11538857895	2
5	1423	877.827311341327	1
5	1425	877.958255426142	0
5	1430	883.699621778047	1
5	1434	887.025582603964	2
5	1435	887.704421091047	1
5	1437	891.318526184632	0
5	1442	893.069752738671	1
5	1443	893.625075942211	0
5	1448	897.045778276282	1
5	1452	897.289402040393	2
5	1453	898.503726707368	1
5	1458	899.842612043882	2
5	1459	899.953766871332	1
5	1464	901.081735144437	2
5	1465	903.042994840067	1
5	1467	903.435976929516	0
5	1472	904.650479382925	1
5	1473	906.451513533438	0
5	1478	908.955731294103	1
5	1479	911.215401347228	0
5	1484	911.990797184831	1
5	1485	912.383502730605	0
5	1490	915.982457554597	1
5	1491	917.127644841597	0
5	1496	917.355585454381	1
5	1500	920.555522020068	2
5	1501	921.232250131675	1
5	1503	922.570236942154	0
5	1508	931.132708255815	1
5	1509	933.229102048775	0
5	1514	939.060731366578	1
5	1515	940.441213027465	0
5	1520	944.336147111986	1
5	1524	945.824855329444	2
5	1525	946.075452101917	1
5	1530	947.087944265619	2
5	1531	947.147519728169	1
5	1533	950.012013592918	0
5	1538	951.206111354421	1
5	1539	956.558470200007	0
5	1544	958.991942216224	1
5	1545	961.632438676184	0
5	1550	965.5388403753	1
5	1554	966.828870357328	2
5	1555	970.420236534959	1
5	1560	970.82955730624	2
5	1561	971.100258646835	1
5	1566	973.624126822052	2
5	1567	973.839201644774	1
5	1569	976.335213193633	0
5	1574	977.67149404221	1
5	1575	978.206716971355	0
5	1580	981.677905893335	1
5	1584	981.886792764913	2
5	1585	982.662373826154	1
5	1587	983.425341690485	0
5	1592	984.007822976625	1
5	1593	987.069268731794	0
5	1598	988.236147186265	1
5	1602	994.732716000236	2
5	1603	996.972883331813	1
5	1608	997.017568936229	2
5	1609	998.040712030486	1
5	1611	998.046148938186	0
5	1616	998.157680453408	1

