version 3
run General-44-20221103-10:28:22-6760
attr configname General
attr datetime 20221103-10:28:22
attr datetimef 20221103-102822
attr experiment General
attr inifile block.ini
attr iterationvars "$0=4, $1=30"
attr iterationvarsd 4/30
attr iterationvarsf 4,30-
attr measurement "$0=4, $1=30"
attr network Block
attr processid 6760
attr repetition 4
attr replication #4
attr resultdir results
attr runnumber 44
attr seedset 44
config network Block
config repeat 5
config sim-time-limit 1000s
config warmup-period 100s
config **.alloca.resourceModuleName "\"risorse\""
config **.dealloca.resourceModuleName "\"risorse\""
config **.is.delay exponential(3s)
config **.servente.serviceTime exponential(4s)
config **.dealloca.resourceAmount 2
config **.alloca.resourceAmount 2
config **.risorse.amount 6
config **.sorgente.numJobs (30)
config **.result-recording-modes all

vector 0 Block.is delayedJobs:vector ETV
attr interpolationmode sample-hold
attr recordingmode vector
attr title "number of delayed jobs"
vector 1 Block.alloca queueLength:vector ETV
attr interpolationmode sample-hold
attr recordingmode vector
attr title "queue length"
vector 2 Block.servente queueLength:vector ETV
attr interpolationmode sample-hold
attr recordingmode vector
attr title "queue length"
vector 3 Block.servente queueingTime:vector ETV
attr interpolationmode none
attr recordingmode vector
attr title "queueing time at dequeue"
attr unit s
vector 4 Block.alloca queueingTime:vector ETV
attr interpolationmode none
attr recordingmode vector
attr title "queueing time at dequeue"
attr unit s
vector 5 Block.risorse amount:vector ETV
attr interpolationmode sample-hold
attr recordingmode vector
attr title "available resource"
0	235	100.106735353933	1
0	237	100.855075315434	0
0	242	102.790548783357	1
0	246	104.88896846827	2
0	247	105.114781184347	1
0	249	106.515527999029	0
0	254	106.884368708257	1
0	255	113.311169914621	0
0	260	121.883761527965	1
0	264	122.945431724846	2
0	265	125.768276140241	1
0	267	128.321301977019	0
0	272	129.477071183298	1
0	273	133.193081564505	0
0	278	133.409976473054	1
0	279	136.996303546003	0
0	284	138.790549193962	1
0	288	139.040572756561	2
0	292	139.37355826139	3
0	293	139.67292637533	2
0	298	140.222071625894	3
0	299	142.051228531467	2
0	301	145.443476302549	1
0	303	146.772738667807	0
0	308	147.119325051933	1
0	309	149.155422161285	0
0	314	160.173165823454	1
0	315	160.519309180668	0
0	320	163.931662007641	1
0	324	164.399894228751	2
0	325	164.43242829059	1
0	330	164.614210374392	2
0	331	165.56476104815	1
0	336	168.895199250352	2
0	337	175.718705286196	1
0	342	176.392682675745	2
0	343	176.859128295039	1
0	345	176.93090482069	0
0	350	185.356262612069	1
0	351	185.782191895887	0
0	356	201.236573752628	1
0	357	202.381907684779	0
0	362	204.919374667412	1
0	363	206.02138032954	0
0	368	209.468934946091	1
0	369	211.113765636543	0
0	374	211.390905632102	1
0	378	212.57801946524	2
0	379	212.596803087687	1
0	381	215.096531973261	0
0	386	215.767421379916	1
0	387	216.067826165062	0
0	392	224.462166300961	1
0	393	229.260294693455	0
0	398	230.666583606703	1
0	402	230.71439185463	2
0	403	231.605199135186	1
0	408	235.009373549167	2
0	409	237.985767033923	1
0	411	241.969909947358	0
0	416	243.416360157848	1
0	417	243.464314785325	0
0	422	244.251496968455	1
0	423	250.017420873117	0
0	428	255.137512644716	1
0	432	257.828350766215	2
0	433	257.943576420309	1
0	435	258.514903623921	0
0	440	262.059401756198	1
0	444	263.088144164353	2
0	445	263.168021657811	1
0	450	263.940799851305	2
0	451	265.580200436377	1
0	453	266.645579855498	0
0	458	271.347548826205	1
0	459	274.77348703807	0
0	464	275.915043923169	1
0	465	278.917583334044	0
0	470	282.082616579863	1
0	474	286.47728980119	2
0	478	288.616943913428	3
0	482	288.624870781735	4
0	483	288.970718173454	3
0	488	289.771193843981	4
0	489	290.458664918541	3
0	491	290.485458080585	2
0	496	290.72326063305	3
0	497	291.81268803252	2
0	499	292.714719764076	1
0	504	296.252390308751	2
0	505	296.307661691411	1
0	507	296.769868509105	0
0	512	302.755744107523	1
0	516	303.078854328182	2
0	517	303.361739130807	1
0	519	303.437502708945	0
0	524	310.422835293257	1
0	528	311.457491408063	2
0	529	311.606493608269	1
0	534	312.001359445987	2
0	535	314.077376309373	1
0	537	316.1808842964	0
0	542	317.783984424601	1
0	543	319.882022714751	0
0	548	321.509214067947	1
0	552	322.381369137266	2
0	553	323.662104622109	1
0	555	325.850242017497	0
0	560	326.118655158291	1
0	564	331.708132738792	2
0	565	332.774756290305	1
0	567	334.15787125389	0
0	572	339.478417257597	1
0	576	340.502072716711	2
0	577	340.679906692217	1
0	582	341.134797408167	2
0	583	341.881479702754	1
0	588	341.917054389241	2
0	589	343.848675528519	1
0	594	344.541566130437	2
0	595	345.007483880624	1
0	597	348.5965961091	0
0	602	356.601271328879	1
0	606	356.850444632862	2
0	607	356.913730578388	1
0	612	357.786277313346	2
0	613	358.118777118058	1
0	615	361.292615801214	0
0	620	364.034364178882	1
0	621	364.637637253622	0
0	626	370.086005864989	1
0	627	370.093639299703	0
0	632	372.033382154659	1
0	633	372.967479838503	0
0	638	378.987553358909	1
0	642	379.141291368843	2
0	646	379.341484744472	3
0	647	380.494393883794	2
0	649	380.769966185744	1
0	651	382.590760929482	0
0	656	388.706313153072	1
0	657	389.421825852752	0
0	662	393.643325740166	1
0	666	394.599150149359	2
0	667	394.769698870356	1
0	672	395.838729342394	2
0	673	395.987351989963	1
0	675	396.26370580856	0
0	680	396.77005948377	1
0	684	397.221907317332	2
0	685	399.360773850705	1
0	690	399.894354634225	2
0	691	400.163151180249	1
0	693	405.738038580072	0
0	698	407.436525788445	1
0	699	407.437617323361	0
0	704	407.663943091936	1
0	708	407.983941500043	2
0	712	410.988212152316	3
0	713	411.187079176594	2
0	715	412.194689821923	1
0	717	412.698853435118	0
0	722	415.578779222764	1
0	723	417.2652360847	0
0	728	421.454220982381	1
0	729	422.730571041783	0
0	734	427.906694550978	1
0	738	427.967112309529	2
0	739	429.952782037669	1
0	744	433.421618991356	2
0	745	433.436015307506	1
0	747	434.319993315278	0
0	752	436.300705434883	1
0	753	436.673742940786	0
0	758	454.054096717259	1
0	762	454.524744182183	2
0	763	455.825088020153	1
0	768	456.080303744994	2
0	769	456.926558224752	1
0	771	458.241598434157	0
0	776	464.648326211712	1
0	780	464.725264194575	2
0	781	465.999081192656	1
0	786	469.561687539891	2
0	787	471.122729358097	1
0	792	475.025199340229	2
0	793	476.564434297588	1
0	795	479.904859601767	0
0	800	480.541417736416	1
0	804	481.016968391873	2
0	805	481.953532367313	1
0	810	482.820357882688	2
0	811	483.93005996027	1
0	813	484.905312179039	0
0	818	485.672486753339	1
0	819	487.229644838181	0
0	824	487.826517294604	1
0	828	488.279150300092	2
0	829	489.633096591633	1
0	834	490.509125018353	2
0	835	491.735131751203	1
0	840	492.538150224404	2
0	841	494.390627346185	1
0	843	496.815409717173	0
0	848	498.767454218807	1
0	852	499.403894440998	2
0	856	500.205036354034	3
0	860	501.098712267464	4
0	861	501.339785341458	3
0	863	503.091932305617	2
0	865	505.099049776148	1
0	870	506.612564162137	2
0	871	507.005498510967	1
0	873	508.168114772046	0
0	878	510.946975577639	1
0	882	512.646644055199	2
0	883	514.537584817266	1
0	888	515.612230885774	2
0	889	516.849807243631	1
0	894	520.509938136338	2
0	898	520.885576414484	3
0	899	521.456756004304	2
0	901	522.295109094782	1
0	903	523.867054363035	0
0	908	526.543442647805	1
0	912	528.759604360333	2
0	913	529.097005711045	1
0	915	532.5576466281	0
0	920	537.293626862064	1
0	924	538.827035764805	2
0	928	539.825508235071	3
0	932	541.225538452762	4
0	933	541.813967218413	3
0	935	542.348039379556	2
0	937	543.493451448545	1
0	939	543.985132015861	0
0	944	544.231695149103	1
0	948	544.933831953169	2
0	952	545.426374857361	3
0	956	545.987455810017	4
0	957	546.906969723135	3
0	959	547.533160347302	2
0	961	547.797784972668	1
0	963	547.834233865918	0
0	968	549.030466731664	1
0	972	551.617830708873	2
0	973	551.897009396134	1
0	975	552.031825303304	0
0	980	554.23486142858	1
0	984	555.336363654842	2
0	985	556.905850660383	1
0	987	557.745658746734	0
0	992	562.996894704798	1
0	996	563.571425453899	2
0	997	565.000036637384	1
0	999	565.9630932285	0
0	1004	566.533458098685	1
0	1005	578.121767783769	0
0	1010	581.622223968345	1
0	1014	582.08939453598	2
0	1015	582.185231257818	1
0	1020	583.264787646493	2
0	1024	583.523948979653	3
0	1028	583.901481735576	4
0	1029	584.33871696044	3
0	1031	585.461940098612	2
0	1033	585.843866207761	1
0	1038	585.863419712854	2
0	1042	585.991592528871	3
0	1046	586.41466278094	4
0	1047	586.940429747015	3
0	1049	587.094208220882	2
0	1051	589.732284388248	1
0	1053	590.134122353092	0
0	1058	603.105601406734	1
0	1062	605.580437753526	2
0	1063	610.216468064375	1
0	1068	610.42666134165	2
0	1069	610.444362657709	1
0	1074	614.523450846273	2
0	1075	615.27712350375	1
0	1077	616.979952461879	0
0	1082	620.958532183022	1
0	1083	625.270941556417	0
0	1088	625.625779669194	1
0	1092	625.942107370725	2
0	1096	626.108921634763	3
0	1097	626.195801593848	2
0	1102	626.344261656493	3
0	1103	626.464303226757	2
0	1105	626.591072153725	1
0	1110	628.946140262776	2
0	1114	629.531337251842	3
0	1115	630.136065747906	2
0	1120	632.10784615513	3
0	1121	633.335994577157	2
0	1123	634.244069364016	1
0	1128	637.849071432526	2
0	1132	638.576347435003	3
0	1133	638.884983217392	2
0	1135	639.655981937132	1
0	1137	641.539296603456	0
0	1142	644.352376498095	1
0	1143	645.054224588569	0
0	1148	647.797711232014	1
0	1149	647.960818804717	0
0	1154	655.849306143581	1
0	1158	663.900162295043	2
0	1159	664.129159710631	1
0	1161	666.348513488967	0
0	1166	666.438235940154	1
0	1167	668.584096944077	0
0	1172	671.136901398847	1
0	1173	672.706948265804	0
0	1178	681.825507212158	1
0	1182	683.223895860525	2
0	1183	684.389922700779	1
0	1185	686.28040056392	0
0	1190	690.584203492706	1
0	1194	691.030603927661	2
0	1195	691.046299302314	1
0	1197	693.030126698831	0
0	1202	695.491373795957	1
0	1203	695.908933436219	0
0	1208	700.214372258261	1
0	1209	701.20618039794	0
0	1214	703.529123876968	1
0	1215	704.111079240838	0
0	1220	711.224564510094	1
0	1224	713.623937210566	2
0	1228	713.764084906246	3
0	1229	714.158919835427	2
0	1234	715.381501271076	3
0	1235	716.919435702163	2
0	1237	718.265081682216	1
0	1239	718.720266945907	0
0	1244	719.259444907536	1
0	1245	720.804014330252	0
0	1250	731.559371319502	1
0	1251	734.939579303203	0
0	1256	736.705414887183	1
0	1257	736.773095358244	0
0	1262	740.09061056775	1
0	1266	740.649535101517	2
0	1267	741.428357240975	1
0	1269	741.934293243584	0
0	1274	745.682537596154	1
0	1275	746.589041196915	0
0	1280	746.792173009731	1
0	1281	747.413538347916	0
0	1286	749.509797115152	1
0	1287	752.936221576172	0
0	1292	758.90899421971	1
0	1296	760.098046963121	2
0	1297	765.060702270261	1
0	1299	765.236356372973	0
0	1304	765.392516391803	1
0	1305	765.988259246281	0
0	1310	770.279359140565	1
0	1311	772.50353611461	0
0	1316	772.625741709593	1
0	1320	775.40132983924	2
0	1321	775.703778934123	1
0	1326	778.127592328933	2
0	1327	781.085285313727	1
0	1332	782.793338186176	2
0	1333	782.884372582254	1
0	1338	783.400043728404	2
0	1339	783.943400410913	1
0	1344	785.289939238748	2
0	1345	787.71884732082	1
0	1350	790.313419005557	2
0	1351	790.891971896989	1
0	1356	790.957874610075	2
0	1357	792.288047991944	1
0	1359	792.533703387556	0
0	1364	794.517706429033	1
0	1368	797.448522512003	2
0	1369	798.58922117852	1
0	1371	798.747572598593	0
0	1376	805.641038381076	1
0	1380	806.674703888737	2
0	1381	807.96789714163	1
0	1383	808.772970683553	0
0	1388	817.762055801313	1
0	1392	826.451827892177	2
0	1393	826.856650032437	1
0	1398	829.8023916455	2
0	1399	830.757366251229	1
0	1404	833.085237081304	2
0	1405	833.615447924721	1
0	1407	834.174914493695	0
0	1412	836.073128841607	1
0	1416	839.44781518145	2
0	1417	839.944999785207	1
0	1419	840.931278919463	0
0	1424	851.820891990954	1
0	1428	855.097034577637	2
0	1429	856.881640938176	1
0	1431	856.905370874761	0
0	1436	858.123235100348	1
0	1437	859.229479870435	0
0	1442	861.660658326713	1
0	1443	863.30574541485	0
0	1448	867.571011326691	1
0	1452	869.402510484685	2
0	1456	869.812163141131	3
0	1457	870.209118092122	2
0	1459	870.301983377454	1
0	1461	872.17745179327	0
0	1466	883.087075238993	1
0	1467	884.365211602242	0
0	1472	890.837536450436	1
0	1473	891.374563856968	0
0	1478	892.741159659052	1
0	1482	893.80775175692	2
0	1483	894.46878052946	1
0	1485	896.741373131719	0
0	1490	902.296434669708	1
0	1494	903.515371991022	2
0	1495	905.186405296625	1
0	1497	907.715803133139	0
0	1502	915.349075537439	1
0	1503	918.10432709278	0
0	1508	923.077241459373	1
0	1509	924.53249541211	0
0	1514	929.71990771203	1
0	1515	932.422781487318	0
0	1520	933.539758218934	1
0	1524	934.243819063097	2
0	1525	934.692296962929	1
0	1527	941.033783474727	0
0	1532	948.838035111339	1
0	1533	953.268801223581	0
0	1538	953.659534009355	1
0	1539	956.942298819955	0
0	1544	958.343487752139	1
0	1545	959.905214906632	0
0	1550	969.138744332795	1
0	1554	970.594157067925	2
0	1558	971.898636493508	3
0	1559	972.39969187531	2
0	1564	974.732234384449	3
0	1568	974.849567590672	4
0	1572	975.1028470982	5
0	1573	975.308968679085	4
0	1575	976.572775498461	3
0	1577	978.582586089819	2
0	1582	979.729204583425	3
0	1583	979.770395738381	2
0	1588	979.997167492945	3
0	1592	980.010650873468	4
0	1593	981.027604219118	3
0	1598	981.671958011064	4
0	1602	982.502341255325	5
0	1603	982.795597839484	4
0	1608	983.298301877922	5
0	1609	983.457093087276	4
0	1611	984.425608025957	3
0	1613	985.28436167054	2
0	1615	987.189395741867	1
0	1620	988.186780891243	2
0	1621	989.403345758979	1
0	1623	991.518819030194	0
0	1628	992.525800470013	1
0	1629	993.253215312342	0
0	1634	999.787734074628	1
1	236	100.106735353933	26
1	238	100.855075315434	27
1	240	102.790548783357	26
1	244	104.88896846827	25
1	248	105.114781184347	26
1	250	106.515527999029	27
1	252	106.884368708257	26
1	256	113.311169914621	27
1	258	121.883761527965	26
1	262	122.945431724846	25
1	266	125.768276140241	26
1	268	128.321301977019	27
1	270	129.477071183298	26
1	274	133.193081564505	27
1	276	133.409976473054	26
1	280	136.996303546003	27
1	282	138.790549193962	26
1	286	139.040572756561	25
1	290	139.37355826139	24
1	294	139.67292637533	25
1	296	140.222071625894	24
1	300	142.051228531467	25
1	302	145.443476302549	26
1	304	146.772738667807	27
1	306	147.119325051933	26
1	310	149.155422161285	27
1	312	160.173165823454	26
1	316	160.519309180668	27
1	318	163.931662007641	26
1	322	164.399894228751	25
1	326	164.43242829059	26
1	328	164.614210374392	25
1	332	165.56476104815	26
1	334	168.895199250352	25
1	338	175.718705286196	26
1	340	176.392682675745	25
1	344	176.859128295039	26
1	346	176.93090482069	27
1	348	185.356262612069	26
1	352	185.782191895887	27
1	354	201.236573752628	26
1	358	202.381907684779	27
1	360	204.919374667412	26
1	364	206.02138032954	27
1	366	209.468934946091	26
1	370	211.113765636543	27
1	372	211.390905632102	26
1	376	212.57801946524	25
1	380	212.596803087687	26
1	382	215.096531973261	27
1	384	215.767421379916	26
1	388	216.067826165062	27
1	390	224.462166300961	26
1	394	229.260294693455	27
1	396	230.666583606703	26
1	400	230.71439185463	25
1	404	231.605199135186	26
1	406	235.009373549167	25
1	410	237.985767033923	26
1	412	241.969909947358	27
1	414	243.416360157848	26
1	418	243.464314785325	27
1	420	244.251496968455	26
1	424	250.017420873117	27
1	426	255.137512644716	26
1	430	257.828350766215	25
1	434	257.943576420309	26
1	436	258.514903623921	27
1	438	262.059401756198	26
1	442	263.088144164353	25
1	446	263.168021657811	26
1	448	263.940799851305	25
1	452	265.580200436377	26
1	454	266.645579855498	27
1	456	271.347548826205	26
1	460	274.77348703807	27
1	462	275.915043923169	26
1	466	278.917583334044	27
1	468	282.082616579863	26
1	472	286.47728980119	25
1	476	288.616943913428	24
1	480	288.624870781735	23
1	484	288.970718173454	24
1	486	289.771193843981	23
1	490	290.458664918541	24
1	492	290.485458080585	25
1	494	290.72326063305	24
1	498	291.81268803252	25
1	500	292.714719764076	26
1	502	296.252390308751	25
1	506	296.307661691411	26
1	508	296.769868509105	27
1	510	302.755744107523	26
1	514	303.078854328182	25
1	518	303.361739130807	26
1	520	303.437502708945	27
1	522	310.422835293257	26
1	526	311.457491408063	25
1	530	311.606493608269	26
1	532	312.001359445987	25
1	536	314.077376309373	26
1	538	316.1808842964	27
1	540	317.783984424601	26
1	544	319.882022714751	27
1	546	321.509214067947	26
1	550	322.381369137266	25
1	554	323.662104622109	26
1	556	325.850242017497	27
1	558	326.118655158291	26
1	562	331.708132738792	25
1	566	332.774756290305	26
1	568	334.15787125389	27
1	570	339.478417257597	26
1	574	340.502072716711	25
1	578	340.679906692217	26
1	580	341.134797408167	25
1	584	341.881479702754	26
1	586	341.917054389241	25
1	590	343.848675528519	26
1	592	344.541566130437	25
1	596	345.007483880624	26
1	598	348.5965961091	27
1	600	356.601271328879	26
1	604	356.850444632862	25
1	608	356.913730578388	26
1	610	357.786277313346	25
1	614	358.118777118058	26
1	616	361.292615801214	27
1	618	364.034364178882	26
1	622	364.637637253622	27
1	624	370.086005864989	26
1	628	370.093639299703	27
1	630	372.033382154659	26
1	634	372.967479838503	27
1	636	378.987553358909	26
1	640	379.141291368843	25
1	644	379.341484744472	24
1	648	380.494393883794	25
1	650	380.769966185744	26
1	652	382.590760929482	27
1	654	388.706313153072	26
1	658	389.421825852752	27
1	660	393.643325740166	26
1	664	394.599150149359	25
1	668	394.769698870356	26
1	670	395.838729342394	25
1	674	395.987351989963	26
1	676	396.26370580856	27
1	678	396.77005948377	26
1	682	397.221907317332	25
1	686	399.360773850705	26
1	688	399.894354634225	25
1	692	400.163151180249	26
1	694	405.738038580072	27
1	696	407.436525788445	26
1	700	407.437617323361	27
1	702	407.663943091936	26
1	706	407.983941500043	25
1	710	410.988212152316	24
1	714	411.187079176594	25
1	716	412.194689821923	26
1	718	412.698853435118	27
1	720	415.578779222764	26
1	724	417.2652360847	27
1	726	421.454220982381	26
1	730	422.730571041783	27
1	732	427.906694550978	26
1	736	427.967112309529	25
1	740	429.952782037669	26
1	742	433.421618991356	25
1	746	433.436015307506	26
1	748	434.319993315278	27
1	750	436.300705434883	26
1	754	436.673742940786	27
1	756	454.054096717259	26
1	760	454.524744182183	25
1	764	455.825088020153	26
1	766	456.080303744994	25
1	770	456.926558224752	26
1	772	458.241598434157	27
1	774	464.648326211712	26
1	778	464.725264194575	25
1	782	465.999081192656	26
1	784	469.561687539891	25
1	788	471.122729358097	26
1	790	475.025199340229	25
1	794	476.564434297588	26
1	796	479.904859601767	27
1	798	480.541417736416	26
1	802	481.016968391873	25
1	806	481.953532367313	26
1	808	482.820357882688	25
1	812	483.93005996027	26
1	814	484.905312179039	27
1	816	485.672486753339	26
1	820	487.229644838181	27
1	822	487.826517294604	26
1	826	488.279150300092	25
1	830	489.633096591633	26
1	832	490.509125018353	25
1	836	491.735131751203	26
1	838	492.538150224404	25
1	842	494.390627346185	26
1	844	496.815409717173	27
1	846	498.767454218807	26
1	850	499.403894440998	25
1	854	500.205036354034	24
1	858	501.098712267464	23
1	862	501.339785341458	24
1	864	503.091932305617	25
1	866	505.099049776148	26
1	868	506.612564162137	25
1	872	507.005498510967	26
1	874	508.168114772046	27
1	876	510.946975577639	26
1	880	512.646644055199	25
1	884	514.537584817266	26
1	886	515.612230885774	25
1	890	516.849807243631	26
1	892	520.509938136338	25
1	896	520.885576414484	24
1	900	521.456756004304	25
1	902	522.295109094782	26
1	904	523.867054363035	27
1	906	526.543442647805	26
1	910	528.759604360333	25
1	914	529.097005711045	26
1	916	532.5576466281	27
1	918	537.293626862064	26
1	922	538.827035764805	25
1	926	539.825508235071	24
1	930	541.225538452762	23
1	934	541.813967218413	24
1	936	542.348039379556	25
1	938	543.493451448545	26
1	940	543.985132015861	27
1	942	544.231695149103	26
1	946	544.933831953169	25
1	950	545.426374857361	24
1	954	545.987455810017	23
1	958	546.906969723135	24
1	960	547.533160347302	25
1	962	547.797784972668	26
1	964	547.834233865918	27
1	966	549.030466731664	26
1	970	551.617830708873	25
1	974	551.897009396134	26
1	976	552.031825303304	27
1	978	554.23486142858	26
1	982	555.336363654842	25
1	986	556.905850660383	26
1	988	557.745658746734	27
1	990	562.996894704798	26
1	994	563.571425453899	25
1	998	565.000036637384	26
1	1000	565.9630932285	27
1	1002	566.533458098685	26
1	1006	578.121767783769	27
1	1008	581.622223968345	26
1	1012	582.08939453598	25
1	1016	582.185231257818	26
1	1018	583.264787646493	25
1	1022	583.523948979653	24
1	1026	583.901481735576	23
1	1030	584.33871696044	24
1	1032	585.461940098612	25
1	1034	585.843866207761	26
1	1036	585.863419712854	25
1	1040	585.991592528871	24
1	1044	586.41466278094	23
1	1048	586.940429747015	24
1	1050	587.094208220882	25
1	1052	589.732284388248	26
1	1054	590.134122353092	27
1	1056	603.105601406734	26
1	1060	605.580437753526	25
1	1064	610.216468064375	26
1	1066	610.42666134165	25
1	1070	610.444362657709	26
1	1072	614.523450846273	25
1	1076	615.27712350375	26
1	1078	616.979952461879	27
1	1080	620.958532183022	26
1	1084	625.270941556417	27
1	1086	625.625779669194	26
1	1090	625.942107370725	25
1	1094	626.108921634763	24
1	1098	626.195801593848	25
1	1100	626.344261656493	24
1	1104	626.464303226757	25
1	1106	626.591072153725	26
1	1108	628.946140262776	25
1	1112	629.531337251842	24
1	1116	630.136065747906	25
1	1118	632.10784615513	24
1	1122	633.335994577157	25
1	1124	634.244069364016	26
1	1126	637.849071432526	25
1	1130	638.576347435003	24
1	1134	638.884983217392	25
1	1136	639.655981937132	26
1	1138	641.539296603456	27
1	1140	644.352376498095	26
1	1144	645.054224588569	27
1	1146	647.797711232014	26
1	1150	647.960818804717	27
1	1152	655.849306143581	26
1	1156	663.900162295043	25
1	1160	664.129159710631	26
1	1162	666.348513488967	27
1	1164	666.438235940154	26
1	1168	668.584096944077	27
1	1170	671.136901398847	26
1	1174	672.706948265804	27
1	1176	681.825507212158	26
1	1180	683.223895860525	25
1	1184	684.389922700779	26
1	1186	686.28040056392	27
1	1188	690.584203492706	26
1	1192	691.030603927661	25
1	1196	691.046299302314	26
1	1198	693.030126698831	27
1	1200	695.491373795957	26
1	1204	695.908933436219	27
1	1206	700.214372258261	26
1	1210	701.20618039794	27
1	1212	703.529123876968	26
1	1216	704.111079240838	27
1	1218	711.224564510094	26
1	1222	713.623937210566	25
1	1226	713.764084906246	24
1	1230	714.158919835427	25
1	1232	715.381501271076	24
1	1236	716.919435702163	25
1	1238	718.265081682216	26
1	1240	718.720266945907	27
1	1242	719.259444907536	26
1	1246	720.804014330252	27
1	1248	731.559371319502	26
1	1252	734.939579303203	27
1	1254	736.705414887183	26
1	1258	736.773095358244	27
1	1260	740.09061056775	26
1	1264	740.649535101517	25
1	1268	741.428357240975	26
1	1270	741.934293243584	27
1	1272	745.682537596154	26
1	1276	746.589041196915	27
1	1278	746.792173009731	26
1	1282	747.413538347916	27
1	1284	749.509797115152	26
1	1288	752.936221576172	27
1	1290	758.90899421971	26
1	1294	760.098046963121	25
1	1298	765.060702270261	26
1	1300	765.236356372973	27
1	1302	765.392516391803	26
1	1306	765.988259246281	27
1	1308	770.279359140565	26
1	1312	772.50353611461	27
1	1314	772.625741709593	26
1	1318	775.40132983924	25
1	1322	775.703778934123	26
1	1324	778.127592328933	25
1	1328	781.085285313727	26
1	1330	782.793338186176	25
1	1334	782.884372582254	26
1	1336	783.400043728404	25
1	1340	783.943400410913	26
1	1342	785.289939238748	25
1	1346	787.71884732082	26
1	1348	790.313419005557	25
1	1352	790.891971896989	26
1	1354	790.957874610075	25
1	1358	792.288047991944	26
1	1360	792.533703387556	27
1	1362	794.517706429033	26
1	1366	797.448522512003	25
1	1370	798.58922117852	26
1	1372	798.747572598593	27
1	1374	805.641038381076	26
1	1378	806.674703888737	25
1	1382	807.96789714163	26
1	1384	808.772970683553	27
1	1386	817.762055801313	26
1	1390	826.451827892177	25
1	1394	826.856650032437	26
1	1396	829.8023916455	25
1	1400	830.757366251229	26
1	1402	833.085237081304	25
1	1406	833.615447924721	26
1	1408	834.174914493695	27
1	1410	836.073128841607	26
1	1414	839.44781518145	25
1	1418	839.944999785207	26
1	1420	840.931278919463	27
1	1422	851.820891990954	26
1	1426	855.097034577637	25
1	1430	856.881640938176	26
1	1432	856.905370874761	27
1	1434	858.123235100348	26
1	1438	859.229479870435	27
1	1440	861.660658326713	26
1	1444	863.30574541485	27
1	1446	867.571011326691	26
1	1450	869.402510484685	25
1	1454	869.812163141131	24
1	1458	870.209118092122	25
1	1460	870.301983377454	26
1	1462	872.17745179327	27
1	1464	883.087075238993	26
1	1468	884.365211602242	27
1	1470	890.837536450436	26
1	1474	891.374563856968	27
1	1476	892.741159659052	26
1	1480	893.80775175692	25
1	1484	894.46878052946	26
1	1486	896.741373131719	27
1	1488	902.296434669708	26
1	1492	903.515371991022	25
1	1496	905.186405296625	26
1	1498	907.715803133139	27
1	1500	915.349075537439	26
1	1504	918.10432709278	27
1	1506	923.077241459373	26
1	1510	924.53249541211	27
1	1512	929.71990771203	26
1	1516	932.422781487318	27
1	1518	933.539758218934	26
1	1522	934.243819063097	25
1	1526	934.692296962929	26
1	1528	941.033783474727	27
1	1530	948.838035111339	26
1	1534	953.268801223581	27
1	1536	953.659534009355	26
1	1540	956.942298819955	27
1	1542	958.343487752139	26
1	1546	959.905214906632	27
1	1548	969.138744332795	26
1	1552	970.594157067925	25
1	1556	971.898636493508	24
1	1560	972.39969187531	25
1	1562	974.732234384449	24
1	1566	974.849567590672	23
1	1570	975.1028470982	22
1	1574	975.308968679085	23
1	1576	976.572775498461	24
1	1578	978.582586089819	25
1	1580	979.729204583425	24
1	1584	979.770395738381	25
1	1586	979.997167492945	24
1	1590	980.010650873468	23
1	1594	981.027604219118	24
1	1596	981.671958011064	23
1	1600	982.502341255325	22
1	1604	982.795597839484	23
1	1606	983.298301877922	22
1	1610	983.457093087276	23
1	1612	984.425608025957	24
1	1614	985.28436167054	25
1	1616	987.189395741867	26
1	1618	988.186780891243	25
1	1622	989.403345758979	26
1	1624	991.518819030194	27
1	1626	992.525800470013	26
1	1630	993.253215312342	27
1	1632	999.787734074628	26
2	239	102.790548783357	1
2	241	102.790548783357	2
2	243	104.88896846827	1
2	245	104.88896846827	2
2	251	106.884368708257	1
2	253	106.884368708257	2
2	257	121.883761527965	1
2	259	121.883761527965	2
2	261	122.945431724846	1
2	263	122.945431724846	2
2	269	129.477071183298	1
2	271	129.477071183298	2
2	275	133.409976473054	1
2	277	133.409976473054	2
2	281	138.790549193962	1
2	283	138.790549193962	2
2	285	139.040572756561	1
2	287	139.040572756561	2
2	289	139.37355826139	1
2	291	139.37355826139	2
2	295	140.222071625894	1
2	297	140.222071625894	2
2	305	147.119325051933	1
2	307	147.119325051933	2
2	311	160.173165823454	1
2	313	160.173165823454	2
2	317	163.931662007641	1
2	319	163.931662007641	2
2	321	164.399894228751	1
2	323	164.399894228751	2
2	327	164.614210374392	1
2	329	164.614210374392	2
2	333	168.895199250352	1
2	335	168.895199250352	2
2	339	176.392682675745	1
2	341	176.392682675745	2
2	347	185.356262612069	1
2	349	185.356262612069	2
2	353	201.236573752628	1
2	355	201.236573752628	2
2	359	204.919374667412	1
2	361	204.919374667412	2
2	365	209.468934946091	1
2	367	209.468934946091	2
2	371	211.390905632102	1
2	373	211.390905632102	2
2	375	212.57801946524	1
2	377	212.57801946524	2
2	383	215.767421379916	1
2	385	215.767421379916	2
2	389	224.462166300961	1
2	391	224.462166300961	2
2	395	230.666583606703	1
2	397	230.666583606703	2
2	399	230.71439185463	1
2	401	230.71439185463	2
2	405	235.009373549167	1
2	407	235.009373549167	2
2	413	243.416360157848	1
2	415	243.416360157848	2
2	419	244.251496968455	1
2	421	244.251496968455	2
2	425	255.137512644716	1
2	427	255.137512644716	2
2	429	257.828350766215	1
2	431	257.828350766215	2
2	437	262.059401756198	1
2	439	262.059401756198	2
2	441	263.088144164353	1
2	443	263.088144164353	2
2	447	263.940799851305	1
2	449	263.940799851305	2
2	455	271.347548826205	1
2	457	271.347548826205	2
2	461	275.915043923169	1
2	463	275.915043923169	2
2	467	282.082616579863	1
2	469	282.082616579863	2
2	471	286.47728980119	1
2	473	286.47728980119	2
2	475	288.616943913428	1
2	477	288.616943913428	2
2	479	288.624870781735	1
2	481	288.624870781735	2
2	485	289.771193843981	1
2	487	289.771193843981	2
2	493	290.72326063305	1
2	495	290.72326063305	2
2	501	296.252390308751	1
2	503	296.252390308751	2
2	509	302.755744107523	1
2	511	302.755744107523	2
2	513	303.078854328182	1
2	515	303.078854328182	2
2	521	310.422835293257	1
2	523	310.422835293257	2
2	525	311.457491408063	1
2	527	311.457491408063	2
2	531	312.001359445987	1
2	533	312.001359445987	2
2	539	317.783984424601	1
2	541	317.783984424601	2
2	545	321.509214067947	1
2	547	321.509214067947	2
2	549	322.381369137266	1
2	551	322.381369137266	2
2	557	326.118655158291	1
2	559	326.118655158291	2
2	561	331.708132738792	1
2	563	331.708132738792	2
2	569	339.478417257597	1
2	571	339.478417257597	2
2	573	340.502072716711	1
2	575	340.502072716711	2
2	579	341.134797408167	1
2	581	341.134797408167	2
2	585	341.917054389241	1
2	587	341.917054389241	2
2	591	344.541566130437	1
2	593	344.541566130437	2
2	599	356.601271328879	1
2	601	356.601271328879	2
2	603	356.850444632862	1
2	605	356.850444632862	2
2	609	357.786277313346	1
2	611	357.786277313346	2
2	617	364.034364178882	1
2	619	364.034364178882	2
2	623	370.086005864989	1
2	625	370.086005864989	2
2	629	372.033382154659	1
2	631	372.033382154659	2
2	635	378.987553358909	1
2	637	378.987553358909	2
2	639	379.141291368843	1
2	641	379.141291368843	2
2	643	379.341484744472	1
2	645	379.341484744472	2
2	653	388.706313153072	1
2	655	388.706313153072	2
2	659	393.643325740166	1
2	661	393.643325740166	2
2	663	394.599150149359	1
2	665	394.599150149359	2
2	669	395.838729342394	1
2	671	395.838729342394	2
2	677	396.77005948377	1
2	679	396.77005948377	2
2	681	397.221907317332	1
2	683	397.221907317332	2
2	687	399.894354634225	1
2	689	399.894354634225	2
2	695	407.436525788445	1
2	697	407.436525788445	2
2	701	407.663943091936	1
2	703	407.663943091936	2
2	705	407.983941500043	1
2	707	407.983941500043	2
2	709	410.988212152316	1
2	711	410.988212152316	2
2	719	415.578779222764	1
2	721	415.578779222764	2
2	725	421.454220982381	1
2	727	421.454220982381	2
2	731	427.906694550978	1
2	733	427.906694550978	2
2	735	427.967112309529	1
2	737	427.967112309529	2
2	741	433.421618991356	1
2	743	433.421618991356	2
2	749	436.300705434883	1
2	751	436.300705434883	2
2	755	454.054096717259	1
2	757	454.054096717259	2
2	759	454.524744182183	1
2	761	454.524744182183	2
2	765	456.080303744994	1
2	767	456.080303744994	2
2	773	464.648326211712	1
2	775	464.648326211712	2
2	777	464.725264194575	1
2	779	464.725264194575	2
2	783	469.561687539891	1
2	785	469.561687539891	2
2	789	475.025199340229	1
2	791	475.025199340229	2
2	797	480.541417736416	1
2	799	480.541417736416	2
2	801	481.016968391873	1
2	803	481.016968391873	2
2	807	482.820357882688	1
2	809	482.820357882688	2
2	815	485.672486753339	1
2	817	485.672486753339	2
2	821	487.826517294604	1
2	823	487.826517294604	2
2	825	488.279150300092	1
2	827	488.279150300092	2
2	831	490.509125018353	1
2	833	490.509125018353	2
2	837	492.538150224404	1
2	839	492.538150224404	2
2	845	498.767454218807	1
2	847	498.767454218807	2
2	849	499.403894440998	1
2	851	499.403894440998	2
2	853	500.205036354034	1
2	855	500.205036354034	2
2	857	501.098712267464	1
2	859	501.098712267464	2
2	867	506.612564162137	1
2	869	506.612564162137	2
2	875	510.946975577639	1
2	877	510.946975577639	2
2	879	512.646644055199	1
2	881	512.646644055199	2
2	885	515.612230885774	1
2	887	515.612230885774	2
2	891	520.509938136338	1
2	893	520.509938136338	2
2	895	520.885576414484	1
2	897	520.885576414484	2
2	905	526.543442647805	1
2	907	526.543442647805	2
2	909	528.759604360333	1
2	911	528.759604360333	2
2	917	537.293626862064	1
2	919	537.293626862064	2
2	921	538.827035764805	1
2	923	538.827035764805	2
2	925	539.825508235071	1
2	927	539.825508235071	2
2	929	541.225538452762	1
2	931	541.225538452762	2
2	941	544.231695149103	1
2	943	544.231695149103	2
2	945	544.933831953169	1
2	947	544.933831953169	2
2	949	545.426374857361	1
2	951	545.426374857361	2
2	953	545.987455810017	1
2	955	545.987455810017	2
2	965	549.030466731664	1
2	967	549.030466731664	2
2	969	551.617830708873	1
2	971	551.617830708873	2
2	977	554.23486142858	1
2	979	554.23486142858	2
2	981	555.336363654842	1
2	983	555.336363654842	2
2	989	562.996894704798	1
2	991	562.996894704798	2
2	993	563.571425453899	1
2	995	563.571425453899	2
2	1001	566.533458098685	1
2	1003	566.533458098685	2
2	1007	581.622223968345	1
2	1009	581.622223968345	2
2	1011	582.08939453598	1
2	1013	582.08939453598	2
2	1017	583.264787646493	1
2	1019	583.264787646493	2
2	1021	583.523948979653	1
2	1023	583.523948979653	2
2	1025	583.901481735576	1
2	1027	583.901481735576	2
2	1035	585.863419712854	1
2	1037	585.863419712854	2
2	1039	585.991592528871	1
2	1041	585.991592528871	2
2	1043	586.41466278094	1
2	1045	586.41466278094	2
2	1055	603.105601406734	1
2	1057	603.105601406734	2
2	1059	605.580437753526	1
2	1061	605.580437753526	2
2	1065	610.42666134165	1
2	1067	610.42666134165	2
2	1071	614.523450846273	1
2	1073	614.523450846273	2
2	1079	620.958532183022	1
2	1081	620.958532183022	2
2	1085	625.625779669194	1
2	1087	625.625779669194	2
2	1089	625.942107370725	1
2	1091	625.942107370725	2
2	1093	626.108921634763	1
2	1095	626.108921634763	2
2	1099	626.344261656493	1
2	1101	626.344261656493	2
2	1107	628.946140262776	1
2	1109	628.946140262776	2
2	1111	629.531337251842	1
2	1113	629.531337251842	2
2	1117	632.10784615513	1
2	1119	632.10784615513	2
2	1125	637.849071432526	1
2	1127	637.849071432526	2
2	1129	638.576347435003	1
2	1131	638.576347435003	2
2	1139	644.352376498095	1
2	1141	644.352376498095	2
2	1145	647.797711232014	1
2	1147	647.797711232014	2
2	1151	655.849306143581	1
2	1153	655.849306143581	2
2	1155	663.900162295043	1
2	1157	663.900162295043	2
2	1163	666.438235940154	1
2	1165	666.438235940154	2
2	1169	671.136901398847	1
2	1171	671.136901398847	2
2	1175	681.825507212158	1
2	1177	681.825507212158	2
2	1179	683.223895860525	1
2	1181	683.223895860525	2
2	1187	690.584203492706	1
2	1189	690.584203492706	2
2	1191	691.030603927661	1
2	1193	691.030603927661	2
2	1199	695.491373795957	1
2	1201	695.491373795957	2
2	1205	700.214372258261	1
2	1207	700.214372258261	2
2	1211	703.529123876968	1
2	1213	703.529123876968	2
2	1217	711.224564510094	1
2	1219	711.224564510094	2
2	1221	713.623937210566	1
2	1223	713.623937210566	2
2	1225	713.764084906246	1
2	1227	713.764084906246	2
2	1231	715.381501271076	1
2	1233	715.381501271076	2
2	1241	719.259444907536	1
2	1243	719.259444907536	2
2	1247	731.559371319502	1
2	1249	731.559371319502	2
2	1253	736.705414887183	1
2	1255	736.705414887183	2
2	1259	740.09061056775	1
2	1261	740.09061056775	2
2	1263	740.649535101517	1
2	1265	740.649535101517	2
2	1271	745.682537596154	1
2	1273	745.682537596154	2
2	1277	746.792173009731	1
2	1279	746.792173009731	2
2	1283	749.509797115152	1
2	1285	749.509797115152	2
2	1289	758.90899421971	1
2	1291	758.90899421971	2
2	1293	760.098046963121	1
2	1295	760.098046963121	2
2	1301	765.392516391803	1
2	1303	765.392516391803	2
2	1307	770.279359140565	1
2	1309	770.279359140565	2
2	1313	772.625741709593	1
2	1315	772.625741709593	2
2	1317	775.40132983924	1
2	1319	775.40132983924	2
2	1323	778.127592328933	1
2	1325	778.127592328933	2
2	1329	782.793338186176	1
2	1331	782.793338186176	2
2	1335	783.400043728404	1
2	1337	783.400043728404	2
2	1341	785.289939238748	1
2	1343	785.289939238748	2
2	1347	790.313419005557	1
2	1349	790.313419005557	2
2	1353	790.957874610075	1
2	1355	790.957874610075	2
2	1361	794.517706429033	1
2	1363	794.517706429033	2
2	1365	797.448522512003	1
2	1367	797.448522512003	2
2	1373	805.641038381076	1
2	1375	805.641038381076	2
2	1377	806.674703888737	1
2	1379	806.674703888737	2
2	1385	817.762055801313	1
2	1387	817.762055801313	2
2	1389	826.451827892177	1
2	1391	826.451827892177	2
2	1395	829.8023916455	1
2	1397	829.8023916455	2
2	1401	833.085237081304	1
2	1403	833.085237081304	2
2	1409	836.073128841607	1
2	1411	836.073128841607	2
2	1413	839.44781518145	1
2	1415	839.44781518145	2
2	1421	851.820891990954	1
2	1423	851.820891990954	2
2	1425	855.097034577637	1
2	1427	855.097034577637	2
2	1433	858.123235100348	1
2	1435	858.123235100348	2
2	1439	861.660658326713	1
2	1441	861.660658326713	2
2	1445	867.571011326691	1
2	1447	867.571011326691	2
2	1449	869.402510484685	1
2	1451	869.402510484685	2
2	1453	869.812163141131	1
2	1455	869.812163141131	2
2	1463	883.087075238993	1
2	1465	883.087075238993	2
2	1469	890.837536450436	1
2	1471	890.837536450436	2
2	1475	892.741159659052	1
2	1477	892.741159659052	2
2	1479	893.80775175692	1
2	1481	893.80775175692	2
2	1487	902.296434669708	1
2	1489	902.296434669708	2
2	1491	903.515371991022	1
2	1493	903.515371991022	2
2	1499	915.349075537439	1
2	1501	915.349075537439	2
2	1505	923.077241459373	1
2	1507	923.077241459373	2
2	1511	929.71990771203	1
2	1513	929.71990771203	2
2	1517	933.539758218934	1
2	1519	933.539758218934	2
2	1521	934.243819063097	1
2	1523	934.243819063097	2
2	1529	948.838035111339	1
2	1531	948.838035111339	2
2	1535	953.659534009355	1
2	1537	953.659534009355	2
2	1541	958.343487752139	1
2	1543	958.343487752139	2
2	1547	969.138744332795	1
2	1549	969.138744332795	2
2	1551	970.594157067925	1
2	1553	970.594157067925	2
2	1555	971.898636493508	1
2	1557	971.898636493508	2
2	1561	974.732234384449	1
2	1563	974.732234384449	2
2	1565	974.849567590672	1
2	1567	974.849567590672	2
2	1569	975.1028470982	1
2	1571	975.1028470982	2
2	1579	979.729204583425	1
2	1581	979.729204583425	2
2	1585	979.997167492945	1
2	1587	979.997167492945	2
2	1589	980.010650873468	1
2	1591	980.010650873468	2
2	1595	981.671958011064	1
2	1597	981.671958011064	2
2	1599	982.502341255325	1
2	1601	982.502341255325	2
2	1605	983.298301877922	1
2	1607	983.298301877922	2
2	1617	988.186780891243	1
2	1619	988.186780891243	2
2	1625	992.525800470013	1
2	1627	992.525800470013	2
2	1631	999.787734074628	1
2	1633	999.787734074628	2
3	239	102.790548783357	4.110857505576
3	243	104.88896846827	4.964347301239
3	251	106.884368708257	4.0938199249
3	257	121.883761527965	16.994793059695
3	261	122.945431724846	16.061063016589
3	269	129.477071183298	7.593309655333
3	275	133.409976473054	10.464544748208
3	281	138.790549193962	9.313478010664
3	285	139.040572756561	5.630596283507
3	289	139.37355826139	0.583009067428
3	295	140.222071625894	1.181498869333
3	305	147.119325051933	7.745766790543
3	311	160.173165823454	19.95109419756
3	317	163.931662007641	16.812336955708
3	321	164.399894228751	4.226728405297
3	327	164.614210374392	0.682548366751
3	333	168.895199250352	4.495305021601
3	339	176.392682675745	11.778472301353
3	347	185.356262612069	16.461063361717
3	353	201.236573752628	24.843891076883
3	359	204.919374667412	19.563112055343
3	365	209.468934946091	8.232361193463
3	371	211.390905632102	6.47153096469
3	375	212.57801946524	3.109084519149
3	383	215.767421379916	4.376515747814
3	389	224.462166300961	11.884146835721
3	395	230.666583606703	14.899162226787
3	399	230.71439185463	6.252225553669
3	405	235.009373549167	4.342789942464
3	413	243.416360157848	12.701968303218
3	419	244.251496968455	9.242123419288
3	425	255.137512644716	11.721152486868
3	429	257.828350766215	13.57685379776
3	437	262.059401756198	6.921889111482
3	441	263.088144164353	5.259793398138
3	447	263.940799851305	1.881398095107
3	455	271.347548826205	8.259404661852
3	461	275.915043923169	11.974244071864
3	467	282.082616579863	10.735067753658
3	471	286.47728980119	10.562245878021
3	475	288.616943913428	6.534327333565
3	479	288.624870781735	2.147580980545
3	485	289.771193843981	1.154249930553
3	493	290.72326063305	2.098389851315
3	501	296.252390308751	6.48119646477
3	509	302.755744107523	12.032483474473
3	513	303.078854328182	6.826464019431
3	521	310.422835293257	7.667091185734
3	525	311.457491408063	8.378637079881
3	531	312.001359445987	1.57852415273
3	539	317.783984424601	6.326493016538
3	545	321.509214067947	9.50785462196
3	549	322.381369137266	4.597384712665
3	557	326.118655158291	4.609441090344
3	561	331.708132738792	9.326763601526
3	569	339.478417257597	13.359762099306
3	573	340.502072716711	8.793939977919
3	579	341.134797408167	1.65638015057
3	585	341.917054389241	1.41498167253
3	591	344.541566130437	3.40676872227
3	599	356.601271328879	14.684216939638
3	603	356.850444632862	12.308878502425
3	609	357.786277313346	1.185005984467
3	617	364.034364178882	7.18391954602
3	623	370.086005864989	12.299728551643
3	629	372.033382154659	7.999017975777
3	635	378.987553358909	8.90154749392
3	639	379.141291368843	7.107909214184
3	643	379.341484744472	0.353931385563
3	653	388.706313153072	9.565021784229
3	659	393.643325740166	14.301840995694
3	663	394.599150149359	5.892836996287
3	669	395.838729342394	2.195403602228
3	677	396.77005948377	2.170909334411
3	681	397.221907317332	1.383177974938
3	687	399.894354634225	3.124295150455
3	695	407.436525788445	10.214618471113
3	701	407.663943091936	7.769588457711
3	705	407.983941500043	0.547415711598
3	709	410.988212152316	3.32426906038
3	719	415.578779222764	7.594837722721
3	725	421.454220982381	10.466008830065
3	731	427.906694550978	12.327915328214
3	735	427.967112309529	6.512891327148
3	741	433.421618991356	5.514924440378
3	749	436.300705434883	8.333593125354
3	755	454.054096717259	20.632477725903
3	759	454.524744182183	18.2240387473
3	765	456.080303744994	2.026207027735
3	773	464.648326211712	10.123582029529
3	777	464.725264194575	8.644960449581
3	783	469.561687539891	4.913361328179
3	789	475.025199340229	10.299935145654
3	797	480.541417736416	10.979730196525
3	801	481.016968391873	5.991769051644
3	807	482.820357882688	2.278940146272
3	815	485.672486753339	4.655518361466
3	821	487.826517294604	5.006159411916
3	825	488.279150300092	2.606663546753
3	831	490.509125018353	2.682607723749
3	837	492.538150224404	4.258999924312
3	845	498.767454218807	8.258329200454
3	849	499.403894440998	6.865744216594
3	853	500.205036354034	1.437582135227
3	857	501.098712267464	1.694817826466
3	867	506.612564162137	6.407527808103
3	875	510.946975577639	9.848263310175
3	879	512.646644055199	6.034079893062
3	885	515.612230885774	4.665255308135
3	891	520.509938136338	7.863294081139
3	895	520.885576414484	5.27334552871
3	905	526.543442647805	6.033504511467
3	909	528.759604360333	7.874027945849
3	917	537.293626862064	10.750184214259
3	921	538.827035764805	10.067431404472
3	925	539.825508235071	2.531881373007
3	929	541.225538452762	2.398502687957
3	941	544.231695149103	4.406186914032
3	945	544.933831953169	3.708293500407
3	949	545.426374857361	1.194679708258
3	953	545.987455810017	1.053623856848
3	965	549.030466731664	3.604091874303
3	969	551.617830708873	5.630374898856
3	977	554.23486142858	5.204394696916
3	981	555.336363654842	3.718532945969
3	989	562.996894704798	8.762033276218
3	993	563.571425453899	8.235061799057
3	1001	566.533458098685	3.536563393887
3	1007	581.622223968345	18.050798514446
3	1011	582.08939453598	15.555936437295
3	1017	583.264787646493	1.642563678148
3	1021	583.523948979653	1.434554443673
3	1025	583.901481735576	0.636694089083
3	1035	585.863419712854	2.339470733201
3	1039	585.991592528871	2.090110793295
3	1043	586.41466278094	0.551243068086
3	1055	603.105601406734	17.114008877863
3	1059	605.580437753526	19.165774972586
3	1065	610.42666134165	7.321059934916
3	1071	614.523450846273	8.943013092747
3	1079	620.958532183022	10.531870841372
3	1085	625.625779669194	11.102328822921
3	1089	625.942107370725	4.983575187703
3	1093	626.108921634763	0.483141965569
3	1099	626.344261656493	0.402154285768
3	1107	628.946140262776	2.837218628013
3	1111	629.531337251842	3.187075595349
3	1117	632.10784615513	3.161705892354
3	1125	637.849071432526	8.317734180684
3	1129	638.576347435003	6.468501279873
3	1139	644.352376498095	6.503305065569
3	1145	647.797711232014	9.221363797011
3	1151	655.849306143581	11.496929645486
3	1155	663.900162295043	16.102451063029
3	1163	666.438235940154	10.588929796573
3	1169	671.136901398847	7.236739103804
3	1175	681.825507212158	15.387271272004
3	1179	683.223895860525	12.086994461678
3	1187	690.584203492706	8.758696280548
3	1191	691.030603927661	7.806708067136
3	1199	695.491373795957	4.907170303251
3	1205	700.214372258261	9.1837683306
3	1211	703.529123876968	8.037750081011
3	1217	711.224564510094	11.010192251833
3	1221	713.623937210566	10.094813333598
3	1225	713.764084906246	2.539520396152
3	1231	715.381501271076	1.75756406051
3	1241	719.259444907536	5.49536000129
3	1247	731.559371319502	16.177870048426
3	1253	736.705414887183	17.445969979647
3	1259	740.09061056775	8.531239248248
3	1263	740.649535101517	3.944120214334
3	1271	745.682537596154	5.591927028404
3	1277	746.792173009731	6.142637908214
3	1283	749.509797115152	3.827259518998
3	1289	758.90899421971	12.116821209979
3	1293	760.098046963121	10.588249847969
3	1301	765.392516391803	6.483522172093
3	1307	770.279359140565	10.181312177444
3	1313	772.625741709593	7.23322531779
3	1317	775.40132983924	5.121970698675
3	1323	778.127592328933	5.50185061934
3	1329	782.793338186176	7.392008346936
3	1335	783.400043728404	5.272451399471
3	1341	785.289939238748	2.496601052572
3	1347	790.313419005557	6.913375277153
3	1353	790.957874610075	5.667935371327
3	1361	794.517706429033	4.204287423476
3	1365	797.448522512003	6.490647901928
3	1373	805.641038381076	11.123331952043
3	1377	806.674703888737	9.226181376734
3	1385	817.762055801313	12.121017420237
3	1389	826.451827892177	19.77712400344
3	1395	829.8023916455	12.040335844187
3	1401	833.085237081304	6.633409189127
3	1409	836.073128841607	6.270737196107
3	1413	839.44781518145	6.362578100146
3	1421	851.820891990954	15.747763149347
3	1425	855.097034577637	15.649219396187
3	1433	858.123235100348	6.302343109394
3	1439	861.660658326713	6.563623749076
3	1445	867.571011326691	9.447776226343
3	1449	869.402510484685	7.741852157972
3	1453	869.812163141131	2.24115181444
3	1463	883.087075238993	13.684564754308
3	1469	890.837536450436	21.025373309305
3	1475	892.741159659052	9.654084420059
3	1479	893.80775175692	2.970215306484
3	1487	902.296434669708	9.555275010656
3	1491	903.515371991022	9.707620234102
3	1499	915.349075537439	13.052640867731
3	1505	923.077241459373	19.561869468351
3	1511	929.71990771203	14.370832174591
3	1517	933.539758218934	10.462516759561
3	1521	934.243819063097	4.523911351067
3	1529	948.838035111339	15.298276892405
3	1535	953.659534009355	19.415714946258
3	1541	958.343487752139	9.5054526408
3	1547	969.138744332795	15.47921032344
3	1551	970.594157067925	12.250669315786
3	1555	971.898636493508	2.759892160713
3	1561	974.732234384449	4.138077316524
3	1565	974.849567590672	2.950931097164
3	1569	975.1028470982	0.370612713751
3	1579	979.729204583425	4.879636992753
3	1585	979.997167492945	4.894320394745
3	1589	980.010650873468	0.281446290043
3	1595	981.671958011064	1.674790518119
3	1599	982.502341255325	2.491690381857
3	1605	983.298301877922	1.626343866858
3	1617	988.186780891243	5.684439635918
3	1625	992.525800470013	9.227498592091
3	1631	999.787734074628	11.600953183385
4	240	102.790548783357	97.387987994362
4	244	104.88896846827	97.427915880661
4	252	106.884368708257	97.188012689187
4	258	121.883761527965	100.54388522523
4	262	122.945431724846	99.763730771774
4	270	129.477071183298	105.82226212651
4	276	133.409976473054	108.9826278522
4	282	138.790549193962	112.66926232221
4	286	139.040572756561	112.90142407414
4	290	139.37355826139	111.81688575086
4	296	140.222071625894	106.54260110773
4	306	147.119325051933	109.66182055831
4	312	160.173165823454	121.78629585192
4	318	163.931662007641	116.09037745299
4	322	164.399894228751	115.5937068535
4	328	164.614210374392	111.85220793852
4	334	168.895199250352	110.79097461541
4	340	176.392682675745	116.44266528286
4	348	185.356262612069	116.09182226047
4	354	201.236573752628	130.58297953132
4	360	204.919374667412	130.47815647801
4	366	209.468934946091	127.80669514332
4	372	211.390905632102	119.42991608006
4	376	212.57801946524	116.8253562853
4	384	215.767421379916	116.91837891336
4	390	224.462166300961	124.35543094703
4	396	230.666583606703	129.81150829127
4	400	230.71439185463	125.59961067028
4	406	235.009373549167	128.49384555014
4	414	243.416360157848	130.10519024323
4	420	244.251496968455	118.48322082821
4	426	255.137512644716	126.8162106677
4	430	257.828350766215	124.63526920171
4	438	262.059401756198	125.06309821019
4	442	263.088144164353	123.41521778902
4	448	263.940799851305	121.88957131984
4	456	271.347548826205	125.90407252366
4	462	275.915043923169	129.14230525536
4	468	282.082616579863	132.92719441858
4	472	286.47728980119	125.95798062052
4	476	288.616943913428	124.18451562284
4	480	288.624870781735	123.06010973358
4	486	289.771193843981	114.05248855778
4	494	290.72326063305	113.86413233801
4	502	296.252390308751	119.32148548806
4	510	302.755744107523	116.97355221164
4	514	303.078854328182	100.6969466434
4	522	310.422835293257	104.40145496372
4	526	311.457491408063	100.34372577152
4	532	312.001359445987	99.4045563583
4	540	317.783984424601	102.68745245134
4	546	321.509214067947	105.44138790288
4	550	322.381369137266	93.121074443811
4	558	326.118655158291	94.513456023105
4	562	331.708132738792	93.722365704869
4	570	339.478417257597	97.508507310239
4	574	340.502072716711	97.037757931386
4	580	341.134797408167	91.11737653505
4	586	341.917054389241	83.973477968932
4	592	344.541566130437	86.026662506516
4	600	356.601271328879	93.433249671068
4	604	356.850444632862	91.270244196485
4	610	357.786277313346	91.140697457848
4	618	364.034364178882	89.260877140812
4	624	370.086005864989	91.168422530945
4	630	372.033382154659	83.062663981205
4	636	378.987553358909	88.528888440368
4	640	379.141291368843	88.655833288258
4	644	379.341484744472	87.528796711952
4	654	388.706313153072	95.991593388996
4	660	393.643325740166	97.335664048755
4	664	394.599150149359	97.829281640254
4	670	395.838729342394	92.476990211587
4	678	396.77005948377	93.332556774825
4	682	397.221907317332	85.615413709063
4	688	399.894354634225	85.816978324852
4	696	407.436525788445	91.255641492045
4	702	407.663943091936	87.781920377185
4	706	407.983941500043	84.321836877934
4	710	410.988212152316	85.137970134819
4	720	415.578779222764	82.804022932459
4	726	421.454220982381	87.296349728491
4	732	427.906694550978	87.226787858761
4	736	427.967112309529	86.085632606775
4	742	433.421618991356	89.572943462837
4	750	436.300705434883	91.293221554259
4	756	454.054096717259	105.45750060816
4	760	454.524744182183	97.611013603795
4	766	456.080303744994	97.961526626936
4	774	464.648326211712	103.3557104105
4	778	464.725264194575	100.08762694095
4	784	469.561687539891	99.468048240188
4	790	475.025199340229	102.05771950173
4	798	480.541417736416	100.04702385262
4	802	481.016968391873	100.24700220613
4	808	482.820357882688	100.22959695321
4	816	485.672486753339	96.250660900587
4	822	487.826517294604	93.056818424248
4	826	488.279150300092	92.291798310129
4	832	490.509125018353	94.245419209793
4	838	492.538150224404	93.177376373699
4	846	498.767454218807	98.604303038558
4	850	499.403894440998	93.665855860926
4	854	500.205036354034	92.767419030673
4	858	501.098712267464	89.91163309087
4	868	506.612564162137	94.417874340214
4	876	510.946975577639	98.248122142521
4	880	512.646644055199	95.381407970499
4	886	515.612230885774	92.881659843991
4	892	520.509938136338	90.557156098669
4	896	520.885576414484	87.449561106978
4	906	526.543442647805	92.223449332527
4	910	528.759604360333	92.085861419547
4	918	537.293626862064	81.468538841911
4	922	538.827035764805	81.900477540053
4	926	539.825508235071	81.583909800914
4	930	541.225538452762	75.226457260106
4	942	544.231695149103	73.108965791006
4	946	544.933831953169	68.369397655581
4	950	545.426374857361	65.521515255594
4	954	545.987455810017	64.033923442704
4	966	549.030466731664	65.100406771394
4	970	551.617830708873	66.712518529834
4	978	554.23486142858	67.005216590399
4	982	555.336363654842	65.703267063209
4	990	562.996894704798	71.261762953595
4	994	563.571425453899	69.180798107714
4	1002	566.533458098685	69.718048381512
4	1008	581.622223968345	80.282438626887
4	1012	582.08939453598	78.997462230363
4	1018	583.264787646493	78.165737870345
4	1022	583.523948979653	76.518450468686
4	1026	583.901481735576	75.73336696353
4	1036	585.863419712854	71.325834895588
4	1040	585.991592528871	69.14178528524
4	1044	586.41466278094	64.957906776636
4	1056	603.105601406734	80.810492311952
4	1060	605.580437753526	81.713383390491
4	1066	610.42666134165	81.329655630605
4	1072	614.523450846273	81.965804218173
4	1080	620.958532183022	79.144564964609
4	1086	625.625779669194	83.277740289638
4	1090	625.942107370725	82.44865592218
4	1094	626.108921634763	82.123789618902
4	1100	626.344261656493	79.437291933358
4	1108	628.946140262776	81.412979915474
4	1112	629.531337251842	81.733552279174
4	1118	632.10784615513	84.273612289212
4	1126	637.849071432526	85.952062036392
4	1130	638.576347435003	86.544522131699
4	1140	644.352376498095	87.446525837712
4	1146	647.797711232014	90.05205248528
4	1152	655.849306143581	90.849269506197
4	1156	663.900162295043	97.937069066543
4	1164	666.438235940154	88.316468156385
4	1170	671.136901398847	88.951670141029
4	1176	681.825507212158	97.486790251718
4	1180	683.223895860525	97.761955761913
4	1188	690.584203492706	104.74033728494
4	1192	691.030603927661	104.09017418065
4	1200	695.491373795957	108.39716557507
4	1206	700.214372258261	110.48208787001
4	1212	703.529123876968	113.39500152388
4	1218	711.224564510094	101.00809644572
4	1222	713.623937210566	103.17957455286
4	1226	713.764084906246	98.486961402496
4	1232	715.381501271076	98.401548809197
4	1242	719.259444907536	93.988503351119
4	1248	731.559371319502	105.36356972565
4	1254	736.705414887183	110.24111166043
4	1260	740.09061056775	113.49953841402
4	1264	740.649535101517	110.51346935361
4	1272	745.682537596154	112.346543019
4	1278	746.792173009731	112.54810364572
4	1284	749.509797115152	110.62481389776
4	1290	758.90899421971	119.25301228258
4	1294	760.098046963121	118.55875035966
4	1302	765.392516391803	120.33829180323
4	1308	770.279359140565	122.31854033585
4	1314	772.625741709593	108.49658199896
4	1318	775.40132983924	109.05281635027
4	1324	778.127592328933	109.54349538486
4	1330	782.793338186176	110.08638992037
4	1336	783.400043728404	99.010121027625
4	1342	785.289939238748	99.009538674828
4	1348	790.313419005557	99.267119703243
4	1354	790.957874610075	97.927747911244
4	1362	794.517706429033	98.608772992814
4	1366	797.448522512003	96.242342114063
4	1374	805.641038381076	101.52995914024
4	1378	806.674703888737	92.51578405331
4	1386	817.762055801313	100.84262009915
4	1390	826.451827892177	108.18674620996
4	1396	829.8023916455	111.08212469959
4	1402	833.085237081304	112.28122275105
4	1410	836.073128841607	101.1335495384
4	1414	839.44781518145	102.67471982321
4	1422	851.820891990954	110.39253474998
4	1426	855.097034577637	113.16274133405
4	1434	858.123235100348	111.53419390343
4	1440	861.660658326713	114.2471199788
4	1446	867.571011326691	114.63478975052
4	1450	869.402510484685	104.34180821442
4	1454	869.812163141131	104.57580676816
4	1464	883.087075238993	117.09881599271
4	1470	890.837536450436	118.33400033583
4	1476	892.741159659052	117.03738072493
4	1480	893.80775175692	112.72246644319
4	1488	902.296434669708	119.41206208745
4	1492	903.515371991022	119.57197158011
4	1500	915.349075537439	127.63022821662
4	1506	923.077241459373	132.18526956238
4	1512	929.71990771203	137.43185972009
4	1518	933.539758218934	141.00605483138
4	1522	934.243819063097	135.65459788458
4	1530	948.838035111339	150.09046251275
4	1536	953.659534009355	145.69163686773
4	1542	958.343487752139	149.57051706859
4	1548	969.138744332795	142.28209430036
4	1552	970.594157067925	139.8367908167
4	1556	971.898636493508	138.28318856879
4	1562	974.732234384449	140.55731989075
4	1566	974.849567590672	134.90456780547
4	1570	975.1028470982	134.17156817874
4	1580	979.729204583425	122.84756364525
4	1586	979.997167492945	123.09179661818
4	1590	980.010650873468	120.78117100303
4	1596	981.671958011064	118.36621259621
4	1600	982.502341255325	112.2932231632
4	1606	983.298301877922	112.99631850047
4	1618	988.186780891243	116.00932909797
4	1626	992.525800470013	108.16058886777
4	1632	999.787734074628	108.41317021766
5	240	102.790548783357	0
5	244	104.88896846827	0
5	252	106.884368708257	0
5	258	121.883761527965	0
5	262	122.945431724846	0
5	270	129.477071183298	0
5	276	133.409976473054	0
5	282	138.790549193962	0
5	286	139.040572756561	0
5	290	139.37355826139	0
5	296	140.222071625894	0
5	306	147.119325051933	0
5	312	160.173165823454	0
5	318	163.931662007641	0
5	322	164.399894228751	0
5	328	164.614210374392	0
5	334	168.895199250352	0
5	340	176.392682675745	0
5	348	185.356262612069	0
5	354	201.236573752628	0
5	360	204.919374667412	0
5	366	209.468934946091	0
5	372	211.390905632102	0
5	376	212.57801946524	0
5	384	215.767421379916	0
5	390	224.462166300961	0
5	396	230.666583606703	0
5	400	230.71439185463	0
5	406	235.009373549167	0
5	414	243.416360157848	0
5	420	244.251496968455	0
5	426	255.137512644716	0
5	430	257.828350766215	0
5	438	262.059401756198	0
5	442	263.088144164353	0
5	448	263.940799851305	0
5	456	271.347548826205	0
5	462	275.915043923169	0
5	468	282.082616579863	0
5	472	286.47728980119	0
5	476	288.616943913428	0
5	480	288.624870781735	0
5	486	289.771193843981	0
5	494	290.72326063305	0
5	502	296.252390308751	0
5	510	302.755744107523	0
5	514	303.078854328182	0
5	522	310.422835293257	0
5	526	311.457491408063	0
5	532	312.001359445987	0
5	540	317.783984424601	0
5	546	321.509214067947	0
5	550	322.381369137266	0
5	558	326.118655158291	0
5	562	331.708132738792	0
5	570	339.478417257597	0
5	574	340.502072716711	0
5	580	341.134797408167	0
5	586	341.917054389241	0
5	592	344.541566130437	0
5	600	356.601271328879	0
5	604	356.850444632862	0
5	610	357.786277313346	0
5	618	364.034364178882	0
5	624	370.086005864989	0
5	630	372.033382154659	0
5	636	378.987553358909	0
5	640	379.141291368843	0
5	644	379.341484744472	0
5	654	388.706313153072	0
5	660	393.643325740166	0
5	664	394.599150149359	0
5	670	395.838729342394	0
5	678	396.77005948377	0
5	682	397.221907317332	0
5	688	399.894354634225	0
5	696	407.436525788445	0
5	702	407.663943091936	0
5	706	407.983941500043	0
5	710	410.988212152316	0
5	720	415.578779222764	0
5	726	421.454220982381	0
5	732	427.906694550978	0
5	736	427.967112309529	0
5	742	433.421618991356	0
5	750	436.300705434883	0
5	756	454.054096717259	0
5	760	454.524744182183	0
5	766	456.080303744994	0
5	774	464.648326211712	0
5	778	464.725264194575	0
5	784	469.561687539891	0
5	790	475.025199340229	0
5	798	480.541417736416	0
5	802	481.016968391873	0
5	808	482.820357882688	0
5	816	485.672486753339	0
5	822	487.826517294604	0
5	826	488.279150300092	0
5	832	490.509125018353	0
5	838	492.538150224404	0
5	846	498.767454218807	0
5	850	499.403894440998	0
5	854	500.205036354034	0
5	858	501.098712267464	0
5	868	506.612564162137	0
5	876	510.946975577639	0
5	880	512.646644055199	0
5	886	515.612230885774	0
5	892	520.509938136338	0
5	896	520.885576414484	0
5	906	526.543442647805	0
5	910	528.759604360333	0
5	918	537.293626862064	0
5	922	538.827035764805	0
5	926	539.825508235071	0
5	930	541.225538452762	0
5	942	544.231695149103	0
5	946	544.933831953169	0
5	950	545.426374857361	0
5	954	545.987455810017	0
5	966	549.030466731664	0
5	970	551.617830708873	0
5	978	554.23486142858	0
5	982	555.336363654842	0
5	990	562.996894704798	0
5	994	563.571425453899	0
5	1002	566.533458098685	0
5	1008	581.622223968345	0
5	1012	582.08939453598	0
5	1018	583.264787646493	0
5	1022	583.523948979653	0
5	1026	583.901481735576	0
5	1036	585.863419712854	0
5	1040	585.991592528871	0
5	1044	586.41466278094	0
5	1056	603.105601406734	0
5	1060	605.580437753526	0
5	1066	610.42666134165	0
5	1072	614.523450846273	0
5	1080	620.958532183022	0
5	1086	625.625779669194	0
5	1090	625.942107370725	0
5	1094	626.108921634763	0
5	1100	626.344261656493	0
5	1108	628.946140262776	0
5	1112	629.531337251842	0
5	1118	632.10784615513	0
5	1126	637.849071432526	0
5	1130	638.576347435003	0
5	1140	644.352376498095	0
5	1146	647.797711232014	0
5	1152	655.849306143581	0
5	1156	663.900162295043	0
5	1164	666.438235940154	0
5	1170	671.136901398847	0
5	1176	681.825507212158	0
5	1180	683.223895860525	0
5	1188	690.584203492706	0
5	1192	691.030603927661	0
5	1200	695.491373795957	0
5	1206	700.214372258261	0
5	1212	703.529123876968	0
5	1218	711.224564510094	0
5	1222	713.623937210566	0
5	1226	713.764084906246	0
5	1232	715.381501271076	0
5	1242	719.259444907536	0
5	1248	731.559371319502	0
5	1254	736.705414887183	0
5	1260	740.09061056775	0
5	1264	740.649535101517	0
5	1272	745.682537596154	0
5	1278	746.792173009731	0
5	1284	749.509797115152	0
5	1290	758.90899421971	0
5	1294	760.098046963121	0
5	1302	765.392516391803	0
5	1308	770.279359140565	0
5	1314	772.625741709593	0
5	1318	775.40132983924	0
5	1324	778.127592328933	0
5	1330	782.793338186176	0
5	1336	783.400043728404	0
5	1342	785.289939238748	0
5	1348	790.313419005557	0
5	1354	790.957874610075	0
5	1362	794.517706429033	0
5	1366	797.448522512003	0
5	1374	805.641038381076	0
5	1378	806.674703888737	0
5	1386	817.762055801313	0
5	1390	826.451827892177	0
5	1396	829.8023916455	0
5	1402	833.085237081304	0
5	1410	836.073128841607	0
5	1414	839.44781518145	0
5	1422	851.820891990954	0
5	1426	855.097034577637	0
5	1434	858.123235100348	0
5	1440	861.660658326713	0
5	1446	867.571011326691	0
5	1450	869.402510484685	0
5	1454	869.812163141131	0
5	1464	883.087075238993	0
5	1470	890.837536450436	0
5	1476	892.741159659052	0
5	1480	893.80775175692	0
5	1488	902.296434669708	0
5	1492	903.515371991022	0
5	1500	915.349075537439	0
5	1506	923.077241459373	0
5	1512	929.71990771203	0
5	1518	933.539758218934	0
5	1522	934.243819063097	0
5	1530	948.838035111339	0
5	1536	953.659534009355	0
5	1542	958.343487752139	0
5	1548	969.138744332795	0
5	1552	970.594157067925	0
5	1556	971.898636493508	0
5	1562	974.732234384449	0
5	1566	974.849567590672	0
5	1570	975.1028470982	0
5	1580	979.729204583425	0
5	1586	979.997167492945	0
5	1590	980.010650873468	0
5	1596	981.671958011064	0
5	1600	982.502341255325	0
5	1606	983.298301877922	0
5	1618	988.186780891243	0
5	1626	992.525800470013	0
5	1632	999.787734074628	0

