version 3
run General-27-20221103-10:28:22-6760
attr configname General
attr datetime 20221103-10:28:22
attr datetimef 20221103-102822
attr experiment General
attr inifile block.ini
attr iterationvars "$0=3, $1=30"
attr iterationvarsd 3/30
attr iterationvarsf 3,30-
attr measurement "$0=3, $1=30"
attr network Block
attr processid 6760
attr repetition 2
attr replication #2
attr resultdir results
attr runnumber 27
attr seedset 27
config network Block
config repeat 5
config sim-time-limit 1000s
config warmup-period 100s
config **.alloca.resourceModuleName "\"risorse\""
config **.dealloca.resourceModuleName "\"risorse\""
config **.is.delay exponential(3s)
config **.servente.serviceTime exponential(3s)
config **.dealloca.resourceAmount 2
config **.alloca.resourceAmount 2
config **.risorse.amount 6
config **.sorgente.numJobs (30)
config **.result-recording-modes all

vector 0 Block.is delayedJobs:vector ETV
attr interpolationmode sample-hold
attr recordingmode vector
attr title "number of delayed jobs"
vector 1 Block.alloca queueLength:vector ETV
attr interpolationmode sample-hold
attr recordingmode vector
attr title "queue length"
vector 2 Block.servente queueLength:vector ETV
attr interpolationmode sample-hold
attr recordingmode vector
attr title "queue length"
vector 3 Block.servente queueingTime:vector ETV
attr interpolationmode none
attr recordingmode vector
attr title "queueing time at dequeue"
attr unit s
vector 4 Block.alloca queueingTime:vector ETV
attr interpolationmode none
attr recordingmode vector
attr title "queueing time at dequeue"
attr unit s
vector 5 Block.risorse amount:vector ETV
attr interpolationmode sample-hold
attr recordingmode vector
attr title "available resource"
0	307	101.032817492436	1
0	309	102.761408630352	0
0	314	104.497836940824	1
0	315	106.70157314123	0
0	320	107.294161489309	1
0	324	108.018681424555	2
0	325	113.589808897259	1
0	327	115.745381163815	0
0	332	119.582786629564	1
0	336	120.479670302024	2
0	340	120.725389079164	3
0	341	121.598295214825	2
0	343	121.64608736409	1
0	348	122.710816613397	2
0	349	123.200280762715	1
0	354	128.897643045802	2
0	355	129.606321677066	1
0	360	130.479529941735	2
0	361	133.106200714531	1
0	366	133.396721887378	2
0	367	136.536774092084	1
0	369	137.089256772221	0
0	374	140.780574184689	1
0	378	141.226941306167	2
0	382	141.560678821077	3
0	383	141.616098775674	2
0	385	144.940060244316	1
0	387	148.036960686244	0
0	392	155.593207766486	1
0	396	157.20229843634	2
0	397	159.809656500144	1
0	402	162.934196250376	2
0	403	163.764177068727	1
0	405	164.444034140283	0
0	410	165.726242487032	1
0	414	171.2631947148	2
0	415	172.349246627126	1
0	417	176.865209230585	0
0	422	177.020247988606	1
0	426	179.766385124849	2
0	430	179.966045370352	3
0	431	180.098040620556	2
0	436	180.201025529643	3
0	440	181.886517745182	4
0	441	183.320530386072	3
0	443	183.946066719727	2
0	445	184.3564738445	1
0	450	185.395942188705	2
0	451	186.311157075684	1
0	453	187.287126716963	0
0	458	189.684282338451	1
0	459	189.729891049018	0
0	464	197.713282216096	1
0	465	199.212019282555	0
0	470	200.085608064467	1
0	471	200.794019262717	0
0	476	205.118203548727	1
0	477	205.823540282417	0
0	482	207.930620678288	1
0	486	208.566499252395	2
0	490	209.232762172911	3
0	491	209.440799796268	2
0	493	209.880179293715	1
0	498	210.513711818781	2
0	502	211.821528535126	3
0	503	213.668115378173	2
0	508	214.697845921397	3
0	509	215.339601312189	2
0	514	215.670596973262	3
0	515	216.197692304328	2
0	517	216.234159379468	1
0	522	216.641398341054	2
0	523	218.492919445759	1
0	528	218.948283621422	2
0	532	219.671697187309	3
0	533	219.698625946849	2
0	535	220.409918906841	1
0	537	221.838622076514	0
0	542	230.348132725428	1
0	546	230.367963596494	2
0	550	233.035867858269	3
0	551	233.144046316186	2
0	556	233.233392183452	3
0	560	233.365938732116	4
0	561	234.179402087669	3
0	563	237.400370990588	2
0	568	237.545611705403	3
0	569	238.15266640236	2
0	571	239.447029110352	1
0	576	242.524188547588	2
0	577	245.422808289862	1
0	582	246.224232531178	2
0	583	247.846474831912	1
0	585	248.368769549565	0
0	590	251.691266065315	1
0	594	252.149963488743	2
0	595	255.401259989814	1
0	600	256.04834524873	2
0	601	256.05244044961	1
0	606	256.536010552455	2
0	610	257.607011619909	3
0	611	258.02809878776	2
0	616	261.896513805581	3
0	617	263.842024853141	2
0	622	264.348321848702	3
0	623	264.629212994162	2
0	625	266.009497539749	1
0	630	267.971264209243	2
0	634	268.848545744598	3
0	638	268.967060706779	4
0	639	269.191080529612	3
0	644	270.202525073205	4
0	645	270.385880869257	3
0	647	271.370015309361	2
0	649	271.752961892708	1
0	651	272.298694575359	0
0	656	275.50185424838	1
0	660	275.725629695792	2
0	664	276.813593615645	3
0	668	277.315345250629	4
0	669	277.521244690576	3
0	671	277.953047804347	2
0	673	278.155099353441	1
0	678	279.035801538739	2
0	682	279.706009631807	3
0	686	280.84838074353	4
0	690	281.085604573865	5
0	691	281.952299393534	4
0	693	283.389234956414	3
0	698	283.978738648733	4
0	699	284.693344141575	3
0	701	285.099226878662	2
0	706	285.612440795813	3
0	707	285.896413013857	2
0	709	285.965617638838	1
0	714	287.713590718486	2
0	718	288.564308262757	3
0	719	289.695810478256	2
0	721	289.903399388228	1
0	726	291.571408413953	2
0	727	291.616280173897	1
0	729	292.782098430193	0
0	734	297.250045469541	1
0	735	297.434862411025	0
0	740	297.918820966639	1
0	741	298.523280129868	0
0	746	305.652839818964	1
0	747	306.44003907637	0
0	752	311.810951354849	1
0	753	311.917276419123	0
0	758	312.520241025508	1
0	762	312.828035321634	2
0	763	313.589555531014	1
0	765	315.512935546579	0
0	770	322.395375772968	1
0	774	322.605444947316	2
0	778	324.00573153807	3
0	779	325.534561446827	2
0	781	325.709425694144	1
0	786	326.519167207911	2
0	787	327.911842352303	1
0	789	331.904676922253	0
0	794	334.378044328468	1
0	795	334.738567905659	0
0	800	335.935260281917	1
0	801	336.437196603746	0
0	806	337.828336288458	1
0	807	338.132766793339	0
0	812	338.341752584358	1
0	813	338.698072492544	0
0	818	345.308652388869	1
0	822	345.945459175605	2
0	823	347.089957181484	1
0	828	349.362371247918	2
0	832	349.603065743903	3
0	836	350.735886872927	4
0	837	354.140450981374	3
0	842	354.77767123829	4
0	843	354.874309456426	3
0	845	355.28680392261	2
0	847	355.805706775639	1
0	849	356.331777406715	0
0	854	357.557204804173	1
0	858	359.16522530627	2
0	862	359.198612297679	3
0	866	360.143924262557	4
0	867	360.523324739778	3
0	869	362.416102798676	2
0	871	365.571038394265	1
0	873	366.340336064642	0
0	878	369.436266606536	1
0	879	371.996808458887	0
0	884	373.121318237183	1
0	885	373.703625002855	0
0	890	375.770156820595	1
0	891	378.45271358232	0
0	896	379.95596103419	1
0	900	384.744392250657	2
0	904	384.966671892191	3
0	905	385.26387778815	2
0	910	385.623887001983	3
0	911	385.711241401744	2
0	913	390.541939192043	1
0	918	397.398283191482	2
0	919	398.181908944801	1
0	924	398.530520826067	2
0	928	399.710328878419	3
0	932	399.754182276127	4
0	936	400.178769187643	5
0	937	400.449998238218	4
0	939	401.113519587236	3
0	941	401.854548630223	2
0	943	402.260915292241	1
0	948	403.962542698376	2
0	949	404.795642027009	1
0	951	407.531268259731	0
0	956	408.688239392552	1
0	960	412.085520995137	2
0	961	412.858020203878	1
0	963	414.672480825889	0
0	968	414.69373269632	1
0	969	416.251070493124	0
0	974	417.522332279055	1
0	975	421.128414002628	0
0	980	423.460108888769	1
0	984	423.885481639204	2
0	988	424.02270285941	3
0	989	425.665372332295	2
0	994	426.006130570765	3
0	998	427.285047755071	4
0	999	428.143748049026	3
0	1001	429.54258584614	2
0	1006	430.430701330898	3
0	1007	430.538073448407	2
0	1012	431.841807637185	3
0	1013	433.229584200968	2
0	1015	434.990022695081	1
0	1017	435.328715160826	0
0	1022	436.345029961346	1
0	1026	440.115694508235	2
0	1027	440.983718582601	1
0	1032	441.662383940591	2
0	1033	441.897485499252	1
0	1038	446.139353476699	2
0	1039	446.417827991025	1
0	1041	446.660415375082	0
0	1046	466.23734668624	1
0	1047	468.589790627826	0
0	1052	472.235559646063	1
0	1053	472.625878366268	0
0	1058	482.722352353569	1
0	1062	484.009912602881	2
0	1063	484.982096541631	1
0	1065	486.304454774323	0
0	1070	486.413501373743	1
0	1074	489.714313588897	2
0	1075	492.426388399693	1
0	1080	493.699247324106	2
0	1081	495.070430221149	1
0	1083	495.553306306757	0
0	1088	498.616085050868	1
0	1089	499.576495064569	0
0	1094	513.658913480629	1
0	1098	513.958172649072	2
0	1102	515.759513718992	3
0	1103	516.431160896851	2
0	1105	516.951413685252	1
0	1107	519.2750726875	0
0	1112	521.520047361863	1
0	1113	521.657534612933	0
0	1118	530.905233457367	1
0	1122	533.34880367372	2
0	1123	533.384359406688	1
0	1125	534.10674535774	0
0	1130	536.938467195857	1
0	1134	537.253554620131	2
0	1135	540.309714415195	1
0	1137	545.170165112668	0
0	1142	546.827472952341	1
0	1143	548.868045077976	0
0	1148	552.911013578182	1
0	1149	557.656988658134	0
0	1154	561.730855309166	1
0	1158	562.496139250845	2
0	1159	566.710248967947	1
0	1164	568.104630217787	2
0	1168	568.283906952393	3
0	1172	569.605637393298	4
0	1173	571.53039729246	3
0	1175	571.580166621691	2
0	1180	574.130819085691	3
0	1181	574.20520010332	2
0	1183	574.57936866426	1
0	1185	576.247913402096	0
0	1190	578.122783906133	1
0	1191	578.526954310126	0
0	1196	578.602430069466	1
0	1197	578.818082509957	0
0	1202	581.467322483724	1
0	1203	582.972864993932	0
0	1208	585.571299517696	1
0	1212	586.902033760557	2
0	1216	589.713475965507	3
0	1217	590.980945037334	2
0	1219	591.329285878916	1
0	1224	592.664822681805	2
0	1228	594.134399269697	3
0	1229	595.656132975691	2
0	1234	595.712795925993	3
0	1235	597.357229945969	2
0	1240	600.220340951083	3
0	1241	601.608877793777	2
0	1243	602.119218049461	1
0	1248	602.409540413361	2
0	1252	602.647715261538	3
0	1256	603.085694772827	4
0	1260	603.300373309165	5
0	1261	603.448970709829	4
0	1263	603.680884746363	3
0	1265	605.176866015313	2
0	1267	606.683162567743	1
0	1269	609.875727659858	0
0	1274	613.664603280426	1
0	1275	614.106611213081	0
0	1280	619.126567936158	1
0	1281	621.418268569302	0
0	1286	627.225628245255	1
0	1287	627.817801660116	0
0	1292	629.665333962343	1
0	1293	629.926323036095	0
0	1298	634.768979123959	1
0	1299	636.342450197661	0
0	1304	638.52373873291	1
0	1305	640.68950876314	0
0	1310	641.661230554899	1
0	1314	642.963924992527	2
0	1315	643.466906299438	1
0	1320	649.157946234262	2
0	1321	650.075772987938	1
0	1326	650.1875875664	2
0	1327	650.746257554535	1
0	1329	656.530031849429	0
0	1334	659.736688811063	1
0	1335	660.335634153476	0
0	1340	662.214687597593	1
0	1344	662.216814388198	2
0	1348	662.286582017491	3
0	1349	663.330298295024	2
0	1351	665.077484282351	1
0	1356	666.476456783646	2
0	1360	668.76516353123	3
0	1361	668.837410979876	2
0	1363	668.935069859509	1
0	1368	670.03538284606	2
0	1372	671.371029439967	3
0	1376	671.373851142859	4
0	1377	675.140093105485	3
0	1379	676.432874314889	2
0	1381	678.20157209186	1
0	1383	681.730536267904	0
0	1388	685.838570377539	1
0	1389	687.560150455316	0
0	1394	690.610210850369	1
0	1395	696.706483778216	0
0	1400	696.952993651913	1
0	1404	697.194105912398	2
0	1405	699.630069849453	1
0	1410	700.757582255041	2
0	1411	701.699760341662	1
0	1416	706.585702135817	2
0	1417	706.707826864189	1
0	1419	707.563039712897	0
0	1424	715.495400104097	1
0	1428	717.35710396694	2
0	1429	717.480495251683	1
0	1431	717.662178964099	0
0	1436	719.728480079137	1
0	1440	719.978669256966	2
0	1441	722.034649341175	1
0	1446	722.863880435149	2
0	1450	723.561340967934	3
0	1454	723.611002495694	4
0	1455	723.874220785122	3
0	1460	724.658985209205	4
0	1461	724.774988532082	3
0	1463	725.893317336502	2
0	1465	726.274362723041	1
0	1470	727.253221778047	2
0	1471	727.791908271499	1
0	1473	728.372179575573	0
0	1478	739.258037689537	1
0	1482	740.214018003932	2
0	1483	740.919959200089	1
0	1488	742.617264232874	2
0	1492	743.626339081429	3
0	1493	744.309115172521	2
0	1495	747.468113780881	1
0	1500	751.387784486553	2
0	1504	752.562458330454	3
0	1505	752.970342536494	2
0	1507	753.360246298499	1
0	1512	753.819816436966	2
0	1516	754.844834023161	3
0	1520	755.141411515338	4
0	1521	755.784454250839	3
0	1523	756.189247136501	2
0	1525	758.470336073916	1
0	1527	758.663545328019	0
0	1532	765.667324261292	1
0	1536	767.792188945673	2
0	1537	768.129936710714	1
0	1539	769.538174579359	0
0	1544	769.712273866186	1
0	1545	770.656604296281	0
0	1550	771.883265541991	1
0	1551	772.03566230613	0
0	1556	775.272606381276	1
0	1557	775.642370350107	0
0	1562	785.983549576629	1
0	1563	787.157645949735	0
0	1568	793.328562251284	1
0	1572	794.987084548318	2
0	1573	795.165445712334	1
0	1575	798.561440541303	0
0	1580	805.216740176613	1
0	1581	805.253789734101	0
0	1586	807.889083843283	1
0	1587	810.790632155569	0
0	1592	816.547688145909	1
0	1593	817.91202382964	0
0	1598	819.187168356499	1
0	1602	821.793645943535	2
0	1606	823.128090458814	3
0	1607	823.726041052336	2
0	1609	824.898267749399	1
0	1614	826.012254800917	2
0	1615	826.825392718409	1
0	1620	827.758538228109	2
0	1621	829.79389833136	1
0	1623	830.986346588169	0
0	1628	836.567350354157	1
0	1632	837.193424982088	2
0	1633	838.887911677365	1
0	1635	839.038727477581	0
0	1640	839.946545484505	1
0	1644	839.954420819551	2
0	1645	841.593962950256	1
0	1647	842.301163918834	0
0	1652	843.324758843301	1
0	1653	846.468623333403	0
0	1658	847.452141248957	1
0	1662	847.965498936087	2
0	1663	848.716637447402	1
0	1665	853.050401836411	0
0	1670	855.301028904504	1
0	1671	856.040875508838	0
0	1676	858.425690012107	1
0	1677	860.015864675525	0
0	1682	865.142589834319	1
0	1686	865.297488338097	2
0	1687	866.30184993019	1
0	1689	867.443519071743	0
0	1694	872.514044719267	1
0	1698	875.848337391848	2
0	1699	877.087134461085	1
0	1701	883.132471044373	0
0	1706	893.162547180917	1
0	1710	894.962718561766	2
0	1711	896.517913404562	1
0	1716	902.875642806979	2
0	1720	902.878437747257	3
0	1721	903.739379098927	2
0	1723	904.216828143798	1
0	1728	904.404077960247	2
0	1732	904.569430683696	3
0	1736	905.409160036382	4
0	1737	906.238363684562	3
0	1739	910.011799168794	2
0	1744	910.299656153539	3
0	1745	910.635384229551	2
0	1747	911.67036761035	1
0	1749	912.300396336517	0
0	1754	916.654484720151	1
0	1758	917.892316707039	2
0	1759	918.576406188724	1
0	1764	919.605203042402	2
0	1765	919.767963269385	1
0	1767	920.634589224739	0
0	1772	922.283857819796	1
0	1773	924.26019138929	0
0	1778	924.388182889838	1
0	1779	928.235256317888	0
0	1784	931.112406579091	1
0	1785	936.046258187116	0
0	1790	936.932848893191	1
0	1794	937.227489476777	2
0	1795	937.735768106018	1
0	1797	938.068060953886	0
0	1802	941.743152713854	1
0	1803	944.223401438699	0
0	1808	948.615095054054	1
0	1812	949.568351086986	2
0	1816	949.913269864228	3
0	1820	950.369818785695	4
0	1821	950.372761627025	3
0	1823	950.645758530672	2
0	1825	953.550562718584	1
0	1827	953.875037799174	0
0	1832	954.010596638551	1
0	1836	954.254892229997	2
0	1837	954.891368266033	1
0	1839	955.628639436728	0
0	1844	956.380944054997	1
0	1845	959.53610135079	0
0	1850	961.214502888044	1
0	1854	964.960715934127	2
0	1858	965.88670714523	3
0	1862	966.4374593576	4
0	1863	966.444340440717	3
0	1865	966.933802170975	2
0	1867	967.488135709617	1
0	1872	970.538714270388	2
0	1873	970.589503376696	1
0	1878	972.086692477277	2
0	1879	972.485681084283	1
0	1884	975.204146714662	2
0	1888	976.13119377515	3
0	1889	976.916276656904	2
0	1891	978.334212729898	1
0	1893	978.568036070888	0
0	1898	982.849029677415	1
0	1902	984.553394135563	2
0	1906	984.785133444213	3
0	1910	985.48656052835	4
0	1911	985.582467097672	3
0	1913	986.541383785018	2
0	1915	987.539866008402	1
0	1920	988.716479730121	2
0	1921	989.07606922142	1
0	1926	989.821416987359	2
0	1930	992.630452886782	3
0	1934	993.300098871512	4
0	1935	993.399747450586	3
0	1937	996.103765272086	2
0	1939	997.650734154588	1
0	1944	998.666807165837	2
0	1945	998.685228507214	1
0	1947	999.410995908711	0
1	308	101.032817492436	26
1	310	102.761408630352	27
1	312	104.497836940824	26
1	316	106.70157314123	27
1	318	107.294161489309	26
1	322	108.018681424555	25
1	326	113.589808897259	26
1	328	115.745381163815	27
1	330	119.582786629564	26
1	334	120.479670302024	25
1	338	120.725389079164	24
1	342	121.598295214825	25
1	344	121.64608736409	26
1	346	122.710816613397	25
1	350	123.200280762715	26
1	352	128.897643045802	25
1	356	129.606321677066	26
1	358	130.479529941735	25
1	362	133.106200714531	26
1	364	133.396721887378	25
1	368	136.536774092084	26
1	370	137.089256772221	27
1	372	140.780574184689	26
1	376	141.226941306167	25
1	380	141.560678821077	24
1	384	141.616098775674	25
1	386	144.940060244316	26
1	388	148.036960686244	27
1	390	155.593207766486	26
1	394	157.20229843634	25
1	398	159.809656500144	26
1	400	162.934196250376	25
1	404	163.764177068727	26
1	406	164.444034140283	27
1	408	165.726242487032	26
1	412	171.2631947148	25
1	416	172.349246627126	26
1	418	176.865209230585	27
1	420	177.020247988606	26
1	424	179.766385124849	25
1	428	179.966045370352	24
1	432	180.098040620556	25
1	434	180.201025529643	24
1	438	181.886517745182	23
1	442	183.320530386072	24
1	444	183.946066719727	25
1	446	184.3564738445	26
1	448	185.395942188705	25
1	452	186.311157075684	26
1	454	187.287126716963	27
1	456	189.684282338451	26
1	460	189.729891049018	27
1	462	197.713282216096	26
1	466	199.212019282555	27
1	468	200.085608064467	26
1	472	200.794019262717	27
1	474	205.118203548727	26
1	478	205.823540282417	27
1	480	207.930620678288	26
1	484	208.566499252395	25
1	488	209.232762172911	24
1	492	209.440799796268	25
1	494	209.880179293715	26
1	496	210.513711818781	25
1	500	211.821528535126	24
1	504	213.668115378173	25
1	506	214.697845921397	24
1	510	215.339601312189	25
1	512	215.670596973262	24
1	516	216.197692304328	25
1	518	216.234159379468	26
1	520	216.641398341054	25
1	524	218.492919445759	26
1	526	218.948283621422	25
1	530	219.671697187309	24
1	534	219.698625946849	25
1	536	220.409918906841	26
1	538	221.838622076514	27
1	540	230.348132725428	26
1	544	230.367963596494	25
1	548	233.035867858269	24
1	552	233.144046316186	25
1	554	233.233392183452	24
1	558	233.365938732116	23
1	562	234.179402087669	24
1	564	237.400370990588	25
1	566	237.545611705403	24
1	570	238.15266640236	25
1	572	239.447029110352	26
1	574	242.524188547588	25
1	578	245.422808289862	26
1	580	246.224232531178	25
1	584	247.846474831912	26
1	586	248.368769549565	27
1	588	251.691266065315	26
1	592	252.149963488743	25
1	596	255.401259989814	26
1	598	256.04834524873	25
1	602	256.05244044961	26
1	604	256.536010552455	25
1	608	257.607011619909	24
1	612	258.02809878776	25
1	614	261.896513805581	24
1	618	263.842024853141	25
1	620	264.348321848702	24
1	624	264.629212994162	25
1	626	266.009497539749	26
1	628	267.971264209243	25
1	632	268.848545744598	24
1	636	268.967060706779	23
1	640	269.191080529612	24
1	642	270.202525073205	23
1	646	270.385880869257	24
1	648	271.370015309361	25
1	650	271.752961892708	26
1	652	272.298694575359	27
1	654	275.50185424838	26
1	658	275.725629695792	25
1	662	276.813593615645	24
1	666	277.315345250629	23
1	670	277.521244690576	24
1	672	277.953047804347	25
1	674	278.155099353441	26
1	676	279.035801538739	25
1	680	279.706009631807	24
1	684	280.84838074353	23
1	688	281.085604573865	22
1	692	281.952299393534	23
1	694	283.389234956414	24
1	696	283.978738648733	23
1	700	284.693344141575	24
1	702	285.099226878662	25
1	704	285.612440795813	24
1	708	285.896413013857	25
1	710	285.965617638838	26
1	712	287.713590718486	25
1	716	288.564308262757	24
1	720	289.695810478256	25
1	722	289.903399388228	26
1	724	291.571408413953	25
1	728	291.616280173897	26
1	730	292.782098430193	27
1	732	297.250045469541	26
1	736	297.434862411025	27
1	738	297.918820966639	26
1	742	298.523280129868	27
1	744	305.652839818964	26
1	748	306.44003907637	27
1	750	311.810951354849	26
1	754	311.917276419123	27
1	756	312.520241025508	26
1	760	312.828035321634	25
1	764	313.589555531014	26
1	766	315.512935546579	27
1	768	322.395375772968	26
1	772	322.605444947316	25
1	776	324.00573153807	24
1	780	325.534561446827	25
1	782	325.709425694144	26
1	784	326.519167207911	25
1	788	327.911842352303	26
1	790	331.904676922253	27
1	792	334.378044328468	26
1	796	334.738567905659	27
1	798	335.935260281917	26
1	802	336.437196603746	27
1	804	337.828336288458	26
1	808	338.132766793339	27
1	810	338.341752584358	26
1	814	338.698072492544	27
1	816	345.308652388869	26
1	820	345.945459175605	25
1	824	347.089957181484	26
1	826	349.362371247918	25
1	830	349.603065743903	24
1	834	350.735886872927	23
1	838	354.140450981374	24
1	840	354.77767123829	23
1	844	354.874309456426	24
1	846	355.28680392261	25
1	848	355.805706775639	26
1	850	356.331777406715	27
1	852	357.557204804173	26
1	856	359.16522530627	25
1	860	359.198612297679	24
1	864	360.143924262557	23
1	868	360.523324739778	24
1	870	362.416102798676	25
1	872	365.571038394265	26
1	874	366.340336064642	27
1	876	369.436266606536	26
1	880	371.996808458887	27
1	882	373.121318237183	26
1	886	373.703625002855	27
1	888	375.770156820595	26
1	892	378.45271358232	27
1	894	379.95596103419	26
1	898	384.744392250657	25
1	902	384.966671892191	24
1	906	385.26387778815	25
1	908	385.623887001983	24
1	912	385.711241401744	25
1	914	390.541939192043	26
1	916	397.398283191482	25
1	920	398.181908944801	26
1	922	398.530520826067	25
1	926	399.710328878419	24
1	930	399.754182276127	23
1	934	400.178769187643	22
1	938	400.449998238218	23
1	940	401.113519587236	24
1	942	401.854548630223	25
1	944	402.260915292241	26
1	946	403.962542698376	25
1	950	404.795642027009	26
1	952	407.531268259731	27
1	954	408.688239392552	26
1	958	412.085520995137	25
1	962	412.858020203878	26
1	964	414.672480825889	27
1	966	414.69373269632	26
1	970	416.251070493124	27
1	972	417.522332279055	26
1	976	421.128414002628	27
1	978	423.460108888769	26
1	982	423.885481639204	25
1	986	424.02270285941	24
1	990	425.665372332295	25
1	992	426.006130570765	24
1	996	427.285047755071	23
1	1000	428.143748049026	24
1	1002	429.54258584614	25
1	1004	430.430701330898	24
1	1008	430.538073448407	25
1	1010	431.841807637185	24
1	1014	433.229584200968	25
1	1016	434.990022695081	26
1	1018	435.328715160826	27
1	1020	436.345029961346	26
1	1024	440.115694508235	25
1	1028	440.983718582601	26
1	1030	441.662383940591	25
1	1034	441.897485499252	26
1	1036	446.139353476699	25
1	1040	446.417827991025	26
1	1042	446.660415375082	27
1	1044	466.23734668624	26
1	1048	468.589790627826	27
1	1050	472.235559646063	26
1	1054	472.625878366268	27
1	1056	482.722352353569	26
1	1060	484.009912602881	25
1	1064	484.982096541631	26
1	1066	486.304454774323	27
1	1068	486.413501373743	26
1	1072	489.714313588897	25
1	1076	492.426388399693	26
1	1078	493.699247324106	25
1	1082	495.070430221149	26
1	1084	495.553306306757	27
1	1086	498.616085050868	26
1	1090	499.576495064569	27
1	1092	513.658913480629	26
1	1096	513.958172649072	25
1	1100	515.759513718992	24
1	1104	516.431160896851	25
1	1106	516.951413685252	26
1	1108	519.2750726875	27
1	1110	521.520047361863	26
1	1114	521.657534612933	27
1	1116	530.905233457367	26
1	1120	533.34880367372	25
1	1124	533.384359406688	26
1	1126	534.10674535774	27
1	1128	536.938467195857	26
1	1132	537.253554620131	25
1	1136	540.309714415195	26
1	1138	545.170165112668	27
1	1140	546.827472952341	26
1	1144	548.868045077976	27
1	1146	552.911013578182	26
1	1150	557.656988658134	27
1	1152	561.730855309166	26
1	1156	562.496139250845	25
1	1160	566.710248967947	26
1	1162	568.104630217787	25
1	1166	568.283906952393	24
1	1170	569.605637393298	23
1	1174	571.53039729246	24
1	1176	571.580166621691	25
1	1178	574.130819085691	24
1	1182	574.20520010332	25
1	1184	574.57936866426	26
1	1186	576.247913402096	27
1	1188	578.122783906133	26
1	1192	578.526954310126	27
1	1194	578.602430069466	26
1	1198	578.818082509957	27
1	1200	581.467322483724	26
1	1204	582.972864993932	27
1	1206	585.571299517696	26
1	1210	586.902033760557	25
1	1214	589.713475965507	24
1	1218	590.980945037334	25
1	1220	591.329285878916	26
1	1222	592.664822681805	25
1	1226	594.134399269697	24
1	1230	595.656132975691	25
1	1232	595.712795925993	24
1	1236	597.357229945969	25
1	1238	600.220340951083	24
1	1242	601.608877793777	25
1	1244	602.119218049461	26
1	1246	602.409540413361	25
1	1250	602.647715261538	24
1	1254	603.085694772827	23
1	1258	603.300373309165	22
1	1262	603.448970709829	23
1	1264	603.680884746363	24
1	1266	605.176866015313	25
1	1268	606.683162567743	26
1	1270	609.875727659858	27
1	1272	613.664603280426	26
1	1276	614.106611213081	27
1	1278	619.126567936158	26
1	1282	621.418268569302	27
1	1284	627.225628245255	26
1	1288	627.817801660116	27
1	1290	629.665333962343	26
1	1294	629.926323036095	27
1	1296	634.768979123959	26
1	1300	636.342450197661	27
1	1302	638.52373873291	26
1	1306	640.68950876314	27
1	1308	641.661230554899	26
1	1312	642.963924992527	25
1	1316	643.466906299438	26
1	1318	649.157946234262	25
1	1322	650.075772987938	26
1	1324	650.1875875664	25
1	1328	650.746257554535	26
1	1330	656.530031849429	27
1	1332	659.736688811063	26
1	1336	660.335634153476	27
1	1338	662.214687597593	26
1	1342	662.216814388198	25
1	1346	662.286582017491	24
1	1350	663.330298295024	25
1	1352	665.077484282351	26
1	1354	666.476456783646	25
1	1358	668.76516353123	24
1	1362	668.837410979876	25
1	1364	668.935069859509	26
1	1366	670.03538284606	25
1	1370	671.371029439967	24
1	1374	671.373851142859	23
1	1378	675.140093105485	24
1	1380	676.432874314889	25
1	1382	678.20157209186	26
1	1384	681.730536267904	27
1	1386	685.838570377539	26
1	1390	687.560150455316	27
1	1392	690.610210850369	26
1	1396	696.706483778216	27
1	1398	696.952993651913	26
1	1402	697.194105912398	25
1	1406	699.630069849453	26
1	1408	700.757582255041	25
1	1412	701.699760341662	26
1	1414	706.585702135817	25
1	1418	706.707826864189	26
1	1420	707.563039712897	27
1	1422	715.495400104097	26
1	1426	717.35710396694	25
1	1430	717.480495251683	26
1	1432	717.662178964099	27
1	1434	719.728480079137	26
1	1438	719.978669256966	25
1	1442	722.034649341175	26
1	1444	722.863880435149	25
1	1448	723.561340967934	24
1	1452	723.611002495694	23
1	1456	723.874220785122	24
1	1458	724.658985209205	23
1	1462	724.774988532082	24
1	1464	725.893317336502	25
1	1466	726.274362723041	26
1	1468	727.253221778047	25
1	1472	727.791908271499	26
1	1474	728.372179575573	27
1	1476	739.258037689537	26
1	1480	740.214018003932	25
1	1484	740.919959200089	26
1	1486	742.617264232874	25
1	1490	743.626339081429	24
1	1494	744.309115172521	25
1	1496	747.468113780881	26
1	1498	751.387784486553	25
1	1502	752.562458330454	24
1	1506	752.970342536494	25
1	1508	753.360246298499	26
1	1510	753.819816436966	25
1	1514	754.844834023161	24
1	1518	755.141411515338	23
1	1522	755.784454250839	24
1	1524	756.189247136501	25
1	1526	758.470336073916	26
1	1528	758.663545328019	27
1	1530	765.667324261292	26
1	1534	767.792188945673	25
1	1538	768.129936710714	26
1	1540	769.538174579359	27
1	1542	769.712273866186	26
1	1546	770.656604296281	27
1	1548	771.883265541991	26
1	1552	772.03566230613	27
1	1554	775.272606381276	26
1	1558	775.642370350107	27
1	1560	785.983549576629	26
1	1564	787.157645949735	27
1	1566	793.328562251284	26
1	1570	794.987084548318	25
1	1574	795.165445712334	26
1	1576	798.561440541303	27
1	1578	805.216740176613	26
1	1582	805.253789734101	27
1	1584	807.889083843283	26
1	1588	810.790632155569	27
1	1590	816.547688145909	26
1	1594	817.91202382964	27
1	1596	819.187168356499	26
1	1600	821.793645943535	25
1	1604	823.128090458814	24
1	1608	823.726041052336	25
1	1610	824.898267749399	26
1	1612	826.012254800917	25
1	1616	826.825392718409	26
1	1618	827.758538228109	25
1	1622	829.79389833136	26
1	1624	830.986346588169	27
1	1626	836.567350354157	26
1	1630	837.193424982088	25
1	1634	838.887911677365	26
1	1636	839.038727477581	27
1	1638	839.946545484505	26
1	1642	839.954420819551	25
1	1646	841.593962950256	26
1	1648	842.301163918834	27
1	1650	843.324758843301	26
1	1654	846.468623333403	27
1	1656	847.452141248957	26
1	1660	847.965498936087	25
1	1664	848.716637447402	26
1	1666	853.050401836411	27
1	1668	855.301028904504	26
1	1672	856.040875508838	27
1	1674	858.425690012107	26
1	1678	860.015864675525	27
1	1680	865.142589834319	26
1	1684	865.297488338097	25
1	1688	866.30184993019	26
1	1690	867.443519071743	27
1	1692	872.514044719267	26
1	1696	875.848337391848	25
1	1700	877.087134461085	26
1	1702	883.132471044373	27
1	1704	893.162547180917	26
1	1708	894.962718561766	25
1	1712	896.517913404562	26
1	1714	902.875642806979	25
1	1718	902.878437747257	24
1	1722	903.739379098927	25
1	1724	904.216828143798	26
1	1726	904.404077960247	25
1	1730	904.569430683696	24
1	1734	905.409160036382	23
1	1738	906.238363684562	24
1	1740	910.011799168794	25
1	1742	910.299656153539	24
1	1746	910.635384229551	25
1	1748	911.67036761035	26
1	1750	912.300396336517	27
1	1752	916.654484720151	26
1	1756	917.892316707039	25
1	1760	918.576406188724	26
1	1762	919.605203042402	25
1	1766	919.767963269385	26
1	1768	920.634589224739	27
1	1770	922.283857819796	26
1	1774	924.26019138929	27
1	1776	924.388182889838	26
1	1780	928.235256317888	27
1	1782	931.112406579091	26
1	1786	936.046258187116	27
1	1788	936.932848893191	26
1	1792	937.227489476777	25
1	1796	937.735768106018	26
1	1798	938.068060953886	27
1	1800	941.743152713854	26
1	1804	944.223401438699	27
1	1806	948.615095054054	26
1	1810	949.568351086986	25
1	1814	949.913269864228	24
1	1818	950.369818785695	23
1	1822	950.372761627025	24
1	1824	950.645758530672	25
1	1826	953.550562718584	26
1	1828	953.875037799174	27
1	1830	954.010596638551	26
1	1834	954.254892229997	25
1	1838	954.891368266033	26
1	1840	955.628639436728	27
1	1842	956.380944054997	26
1	1846	959.53610135079	27
1	1848	961.214502888044	26
1	1852	964.960715934127	25
1	1856	965.88670714523	24
1	1860	966.4374593576	23
1	1864	966.444340440717	24
1	1866	966.933802170975	25
1	1868	967.488135709617	26
1	1870	970.538714270388	25
1	1874	970.589503376696	26
1	1876	972.086692477277	25
1	1880	972.485681084283	26
1	1882	975.204146714662	25
1	1886	976.13119377515	24
1	1890	976.916276656904	25
1	1892	978.334212729898	26
1	1894	978.568036070888	27
1	1896	982.849029677415	26
1	1900	984.553394135563	25
1	1904	984.785133444213	24
1	1908	985.48656052835	23
1	1912	985.582467097672	24
1	1914	986.541383785018	25
1	1916	987.539866008402	26
1	1918	988.716479730121	25
1	1922	989.07606922142	26
1	1924	989.821416987359	25
1	1928	992.630452886782	24
1	1932	993.300098871512	23
1	1936	993.399747450586	24
1	1938	996.103765272086	25
1	1940	997.650734154588	26
1	1942	998.666807165837	25
1	1946	998.685228507214	26
1	1948	999.410995908711	27
2	311	104.497836940824	1
2	313	104.497836940824	2
2	317	107.294161489309	1
2	319	107.294161489309	2
2	321	108.018681424555	1
2	323	108.018681424555	2
2	329	119.582786629564	1
2	331	119.582786629564	2
2	333	120.479670302024	1
2	335	120.479670302024	2
2	337	120.725389079164	1
2	339	120.725389079164	2
2	345	122.710816613397	1
2	347	122.710816613397	2
2	351	128.897643045802	1
2	353	128.897643045802	2
2	357	130.479529941735	1
2	359	130.479529941735	2
2	363	133.396721887378	1
2	365	133.396721887378	2
2	371	140.780574184689	1
2	373	140.780574184689	2
2	375	141.226941306167	1
2	377	141.226941306167	2
2	379	141.560678821077	1
2	381	141.560678821077	2
2	389	155.593207766486	1
2	391	155.593207766486	2
2	393	157.20229843634	1
2	395	157.20229843634	2
2	399	162.934196250376	1
2	401	162.934196250376	2
2	407	165.726242487032	1
2	409	165.726242487032	2
2	411	171.2631947148	1
2	413	171.2631947148	2
2	419	177.020247988606	1
2	421	177.020247988606	2
2	423	179.766385124849	1
2	425	179.766385124849	2
2	427	179.966045370352	1
2	429	179.966045370352	2
2	433	180.201025529643	1
2	435	180.201025529643	2
2	437	181.886517745182	1
2	439	181.886517745182	2
2	447	185.395942188705	1
2	449	185.395942188705	2
2	455	189.684282338451	1
2	457	189.684282338451	2
2	461	197.713282216096	1
2	463	197.713282216096	2
2	467	200.085608064467	1
2	469	200.085608064467	2
2	473	205.118203548727	1
2	475	205.118203548727	2
2	479	207.930620678288	1
2	481	207.930620678288	2
2	483	208.566499252395	1
2	485	208.566499252395	2
2	487	209.232762172911	1
2	489	209.232762172911	2
2	495	210.513711818781	1
2	497	210.513711818781	2
2	499	211.821528535126	1
2	501	211.821528535126	2
2	505	214.697845921397	1
2	507	214.697845921397	2
2	511	215.670596973262	1
2	513	215.670596973262	2
2	519	216.641398341054	1
2	521	216.641398341054	2
2	525	218.948283621422	1
2	527	218.948283621422	2
2	529	219.671697187309	1
2	531	219.671697187309	2
2	539	230.348132725428	1
2	541	230.348132725428	2
2	543	230.367963596494	1
2	545	230.367963596494	2
2	547	233.035867858269	1
2	549	233.035867858269	2
2	553	233.233392183452	1
2	555	233.233392183452	2
2	557	233.365938732116	1
2	559	233.365938732116	2
2	565	237.545611705403	1
2	567	237.545611705403	2
2	573	242.524188547588	1
2	575	242.524188547588	2
2	579	246.224232531178	1
2	581	246.224232531178	2
2	587	251.691266065315	1
2	589	251.691266065315	2
2	591	252.149963488743	1
2	593	252.149963488743	2
2	597	256.04834524873	1
2	599	256.04834524873	2
2	603	256.536010552455	1
2	605	256.536010552455	2
2	607	257.607011619909	1
2	609	257.607011619909	2
2	613	261.896513805581	1
2	615	261.896513805581	2
2	619	264.348321848702	1
2	621	264.348321848702	2
2	627	267.971264209243	1
2	629	267.971264209243	2
2	631	268.848545744598	1
2	633	268.848545744598	2
2	635	268.967060706779	1
2	637	268.967060706779	2
2	641	270.202525073205	1
2	643	270.202525073205	2
2	653	275.50185424838	1
2	655	275.50185424838	2
2	657	275.725629695792	1
2	659	275.725629695792	2
2	661	276.813593615645	1
2	663	276.813593615645	2
2	665	277.315345250629	1
2	667	277.315345250629	2
2	675	279.035801538739	1
2	677	279.035801538739	2
2	679	279.706009631807	1
2	681	279.706009631807	2
2	683	280.84838074353	1
2	685	280.84838074353	2
2	687	281.085604573865	1
2	689	281.085604573865	2
2	695	283.978738648733	1
2	697	283.978738648733	2
2	703	285.612440795813	1
2	705	285.612440795813	2
2	711	287.713590718486	1
2	713	287.713590718486	2
2	715	288.564308262757	1
2	717	288.564308262757	2
2	723	291.571408413953	1
2	725	291.571408413953	2
2	731	297.250045469541	1
2	733	297.250045469541	2
2	737	297.918820966639	1
2	739	297.918820966639	2
2	743	305.652839818964	1
2	745	305.652839818964	2
2	749	311.810951354849	1
2	751	311.810951354849	2
2	755	312.520241025508	1
2	757	312.520241025508	2
2	759	312.828035321634	1
2	761	312.828035321634	2
2	767	322.395375772968	1
2	769	322.395375772968	2
2	771	322.605444947316	1
2	773	322.605444947316	2
2	775	324.00573153807	1
2	777	324.00573153807	2
2	783	326.519167207911	1
2	785	326.519167207911	2
2	791	334.378044328468	1
2	793	334.378044328468	2
2	797	335.935260281917	1
2	799	335.935260281917	2
2	803	337.828336288458	1
2	805	337.828336288458	2
2	809	338.341752584358	1
2	811	338.341752584358	2
2	815	345.308652388869	1
2	817	345.308652388869	2
2	819	345.945459175605	1
2	821	345.945459175605	2
2	825	349.362371247918	1
2	827	349.362371247918	2
2	829	349.603065743903	1
2	831	349.603065743903	2
2	833	350.735886872927	1
2	835	350.735886872927	2
2	839	354.77767123829	1
2	841	354.77767123829	2
2	851	357.557204804173	1
2	853	357.557204804173	2
2	855	359.16522530627	1
2	857	359.16522530627	2
2	859	359.198612297679	1
2	861	359.198612297679	2
2	863	360.143924262557	1
2	865	360.143924262557	2
2	875	369.436266606536	1
2	877	369.436266606536	2
2	881	373.121318237183	1
2	883	373.121318237183	2
2	887	375.770156820595	1
2	889	375.770156820595	2
2	893	379.95596103419	1
2	895	379.95596103419	2
2	897	384.744392250657	1
2	899	384.744392250657	2
2	901	384.966671892191	1
2	903	384.966671892191	2
2	907	385.623887001983	1
2	909	385.623887001983	2
2	915	397.398283191482	1
2	917	397.398283191482	2
2	921	398.530520826067	1
2	923	398.530520826067	2
2	925	399.710328878419	1
2	927	399.710328878419	2
2	929	399.754182276127	1
2	931	399.754182276127	2
2	933	400.178769187643	1
2	935	400.178769187643	2
2	945	403.962542698376	1
2	947	403.962542698376	2
2	953	408.688239392552	1
2	955	408.688239392552	2
2	957	412.085520995137	1
2	959	412.085520995137	2
2	965	414.69373269632	1
2	967	414.69373269632	2
2	971	417.522332279055	1
2	973	417.522332279055	2
2	977	423.460108888769	1
2	979	423.460108888769	2
2	981	423.885481639204	1
2	983	423.885481639204	2
2	985	424.02270285941	1
2	987	424.02270285941	2
2	991	426.006130570765	1
2	993	426.006130570765	2
2	995	427.285047755071	1
2	997	427.285047755071	2
2	1003	430.430701330898	1
2	1005	430.430701330898	2
2	1009	431.841807637185	1
2	1011	431.841807637185	2
2	1019	436.345029961346	1
2	1021	436.345029961346	2
2	1023	440.115694508235	1
2	1025	440.115694508235	2
2	1029	441.662383940591	1
2	1031	441.662383940591	2
2	1035	446.139353476699	1
2	1037	446.139353476699	2
2	1043	466.23734668624	1
2	1045	466.23734668624	2
2	1049	472.235559646063	1
2	1051	472.235559646063	2
2	1055	482.722352353569	1
2	1057	482.722352353569	2
2	1059	484.009912602881	1
2	1061	484.009912602881	2
2	1067	486.413501373743	1
2	1069	486.413501373743	2
2	1071	489.714313588897	1
2	1073	489.714313588897	2
2	1077	493.699247324106	1
2	1079	493.699247324106	2
2	1085	498.616085050868	1
2	1087	498.616085050868	2
2	1091	513.658913480629	1
2	1093	513.658913480629	2
2	1095	513.958172649072	1
2	1097	513.958172649072	2
2	1099	515.759513718992	1
2	1101	515.759513718992	2
2	1109	521.520047361863	1
2	1111	521.520047361863	2
2	1115	530.905233457367	1
2	1117	530.905233457367	2
2	1119	533.34880367372	1
2	1121	533.34880367372	2
2	1127	536.938467195857	1
2	1129	536.938467195857	2
2	1131	537.253554620131	1
2	1133	537.253554620131	2
2	1139	546.827472952341	1
2	1141	546.827472952341	2
2	1145	552.911013578182	1
2	1147	552.911013578182	2
2	1151	561.730855309166	1
2	1153	561.730855309166	2
2	1155	562.496139250845	1
2	1157	562.496139250845	2
2	1161	568.104630217787	1
2	1163	568.104630217787	2
2	1165	568.283906952393	1
2	1167	568.283906952393	2
2	1169	569.605637393298	1
2	1171	569.605637393298	2
2	1177	574.130819085691	1
2	1179	574.130819085691	2
2	1187	578.122783906133	1
2	1189	578.122783906133	2
2	1193	578.602430069466	1
2	1195	578.602430069466	2
2	1199	581.467322483724	1
2	1201	581.467322483724	2
2	1205	585.571299517696	1
2	1207	585.571299517696	2
2	1209	586.902033760557	1
2	1211	586.902033760557	2
2	1213	589.713475965507	1
2	1215	589.713475965507	2
2	1221	592.664822681805	1
2	1223	592.664822681805	2
2	1225	594.134399269697	1
2	1227	594.134399269697	2
2	1231	595.712795925993	1
2	1233	595.712795925993	2
2	1237	600.220340951083	1
2	1239	600.220340951083	2
2	1245	602.409540413361	1
2	1247	602.409540413361	2
2	1249	602.647715261538	1
2	1251	602.647715261538	2
2	1253	603.085694772827	1
2	1255	603.085694772827	2
2	1257	603.300373309165	1
2	1259	603.300373309165	2
2	1271	613.664603280426	1
2	1273	613.664603280426	2
2	1277	619.126567936158	1
2	1279	619.126567936158	2
2	1283	627.225628245255	1
2	1285	627.225628245255	2
2	1289	629.665333962343	1
2	1291	629.665333962343	2
2	1295	634.768979123959	1
2	1297	634.768979123959	2
2	1301	638.52373873291	1
2	1303	638.52373873291	2
2	1307	641.661230554899	1
2	1309	641.661230554899	2
2	1311	642.963924992527	1
2	1313	642.963924992527	2
2	1317	649.157946234262	1
2	1319	649.157946234262	2
2	1323	650.1875875664	1
2	1325	650.1875875664	2
2	1331	659.736688811063	1
2	1333	659.736688811063	2
2	1337	662.214687597593	1
2	1339	662.214687597593	2
2	1341	662.216814388198	1
2	1343	662.216814388198	2
2	1345	662.286582017491	1
2	1347	662.286582017491	2
2	1353	666.476456783646	1
2	1355	666.476456783646	2
2	1357	668.76516353123	1
2	1359	668.76516353123	2
2	1365	670.03538284606	1
2	1367	670.03538284606	2
2	1369	671.371029439967	1
2	1371	671.371029439967	2
2	1373	671.373851142859	1
2	1375	671.373851142859	2
2	1385	685.838570377539	1
2	1387	685.838570377539	2
2	1391	690.610210850369	1
2	1393	690.610210850369	2
2	1397	696.952993651913	1
2	1399	696.952993651913	2
2	1401	697.194105912398	1
2	1403	697.194105912398	2
2	1407	700.757582255041	1
2	1409	700.757582255041	2
2	1413	706.585702135817	1
2	1415	706.585702135817	2
2	1421	715.495400104097	1
2	1423	715.495400104097	2
2	1425	717.35710396694	1
2	1427	717.35710396694	2
2	1433	719.728480079137	1
2	1435	719.728480079137	2
2	1437	719.978669256966	1
2	1439	719.978669256966	2
2	1443	722.863880435149	1
2	1445	722.863880435149	2
2	1447	723.561340967934	1
2	1449	723.561340967934	2
2	1451	723.611002495694	1
2	1453	723.611002495694	2
2	1457	724.658985209205	1
2	1459	724.658985209205	2
2	1467	727.253221778047	1
2	1469	727.253221778047	2
2	1475	739.258037689537	1
2	1477	739.258037689537	2
2	1479	740.214018003932	1
2	1481	740.214018003932	2
2	1485	742.617264232874	1
2	1487	742.617264232874	2
2	1489	743.626339081429	1
2	1491	743.626339081429	2
2	1497	751.387784486553	1
2	1499	751.387784486553	2
2	1501	752.562458330454	1
2	1503	752.562458330454	2
2	1509	753.819816436966	1
2	1511	753.819816436966	2
2	1513	754.844834023161	1
2	1515	754.844834023161	2
2	1517	755.141411515338	1
2	1519	755.141411515338	2
2	1529	765.667324261292	1
2	1531	765.667324261292	2
2	1533	767.792188945673	1
2	1535	767.792188945673	2
2	1541	769.712273866186	1
2	1543	769.712273866186	2
2	1547	771.883265541991	1
2	1549	771.883265541991	2
2	1553	775.272606381276	1
2	1555	775.272606381276	2
2	1559	785.983549576629	1
2	1561	785.983549576629	2
2	1565	793.328562251284	1
2	1567	793.328562251284	2
2	1569	794.987084548318	1
2	1571	794.987084548318	2
2	1577	805.216740176613	1
2	1579	805.216740176613	2
2	1583	807.889083843283	1
2	1585	807.889083843283	2
2	1589	816.547688145909	1
2	1591	816.547688145909	2
2	1595	819.187168356499	1
2	1597	819.187168356499	2
2	1599	821.793645943535	1
2	1601	821.793645943535	2
2	1603	823.128090458814	1
2	1605	823.128090458814	2
2	1611	826.012254800917	1
2	1613	826.012254800917	2
2	1617	827.758538228109	1
2	1619	827.758538228109	2
2	1625	836.567350354157	1
2	1627	836.567350354157	2
2	1629	837.193424982088	1
2	1631	837.193424982088	2
2	1637	839.946545484505	1
2	1639	839.946545484505	2
2	1641	839.954420819551	1
2	1643	839.954420819551	2
2	1649	843.324758843301	1
2	1651	843.324758843301	2
2	1655	847.452141248957	1
2	1657	847.452141248957	2
2	1659	847.965498936087	1
2	1661	847.965498936087	2
2	1667	855.301028904504	1
2	1669	855.301028904504	2
2	1673	858.425690012107	1
2	1675	858.425690012107	2
2	1679	865.142589834319	1
2	1681	865.142589834319	2
2	1683	865.297488338097	1
2	1685	865.297488338097	2
2	1691	872.514044719267	1
2	1693	872.514044719267	2
2	1695	875.848337391848	1
2	1697	875.848337391848	2
2	1703	893.162547180917	1
2	1705	893.162547180917	2
2	1707	894.962718561766	1
2	1709	894.962718561766	2
2	1713	902.875642806979	1
2	1715	902.875642806979	2
2	1717	902.878437747257	1
2	1719	902.878437747257	2
2	1725	904.404077960247	1
2	1727	904.404077960247	2
2	1729	904.569430683696	1
2	1731	904.569430683696	2
2	1733	905.409160036382	1
2	1735	905.409160036382	2
2	1741	910.299656153539	1
2	1743	910.299656153539	2
2	1751	916.654484720151	1
2	1753	916.654484720151	2
2	1755	917.892316707039	1
2	1757	917.892316707039	2
2	1761	919.605203042402	1
2	1763	919.605203042402	2
2	1769	922.283857819796	1
2	1771	922.283857819796	2
2	1775	924.388182889838	1
2	1777	924.388182889838	2
2	1781	931.112406579091	1
2	1783	931.112406579091	2
2	1787	936.932848893191	1
2	1789	936.932848893191	2
2	1791	937.227489476777	1
2	1793	937.227489476777	2
2	1799	941.743152713854	1
2	1801	941.743152713854	2
2	1805	948.615095054054	1
2	1807	948.615095054054	2
2	1809	949.568351086986	1
2	1811	949.568351086986	2
2	1813	949.913269864228	1
2	1815	949.913269864228	2
2	1817	950.369818785695	1
2	1819	950.369818785695	2
2	1829	954.010596638551	1
2	1831	954.010596638551	2
2	1833	954.254892229997	1
2	1835	954.254892229997	2
2	1841	956.380944054997	1
2	1843	956.380944054997	2
2	1847	961.214502888044	1
2	1849	961.214502888044	2
2	1851	964.960715934127	1
2	1853	964.960715934127	2
2	1855	965.88670714523	1
2	1857	965.88670714523	2
2	1859	966.4374593576	1
2	1861	966.4374593576	2
2	1869	970.538714270388	1
2	1871	970.538714270388	2
2	1875	972.086692477277	1
2	1877	972.086692477277	2
2	1881	975.204146714662	1
2	1883	975.204146714662	2
2	1885	976.13119377515	1
2	1887	976.13119377515	2
2	1895	982.849029677415	1
2	1897	982.849029677415	2
2	1899	984.553394135563	1
2	1901	984.553394135563	2
2	1903	984.785133444213	1
2	1905	984.785133444213	2
2	1907	985.48656052835	1
2	1909	985.48656052835	2
2	1917	988.716479730121	1
2	1919	988.716479730121	2
2	1923	989.821416987359	1
2	1925	989.821416987359	2
2	1927	992.630452886782	1
2	1929	992.630452886782	2
2	1931	993.300098871512	1
2	1933	993.300098871512	2
2	1941	998.666807165837	1
2	1943	998.666807165837	2
3	311	104.497836940824	8.502274299507
3	317	107.294161489309	7.988980442864
3	321	108.018681424555	3.520844483731
3	329	119.582786629564	12.288625140255
3	333	120.479670302024	12.460988877469
3	337	120.725389079164	1.1426024496
3	345	122.710816613397	2.231146311373
3	351	128.897643045802	8.172253966638
3	357	130.479529941735	7.768713328338
3	363	133.396721887378	4.499078841576
3	371	140.780574184689	10.301044242954
3	375	141.226941306167	7.830219418789
3	379	141.560678821077	0.780104636388
3	389	155.593207766486	14.366266460319
3	393	157.20229843634	15.641619615263
3	399	162.934196250376	7.34098848389
3	407	165.726242487032	8.523944050692
3	411	171.2631947148	8.328998464424
3	419	177.020247988606	11.294005501574
3	423	179.766385124849	8.503190410049
3	427	179.966045370352	2.945797381746
3	433	180.201025529643	0.434640404794
3	437	181.886517745182	1.92047237483
3	447	185.395942188705	5.194916659062
3	455	189.684282338451	7.797764593269
3	461	197.713282216096	12.317340027391
3	467	200.085608064467	10.401325726016
3	473	205.118203548727	7.404921332631
3	479	207.930620678288	7.845012613821
3	483	208.566499252395	3.448295703668
3	487	209.232762172911	1.302141494623
3	495	210.513711818781	1.947212566386
3	499	211.821528535126	2.588766362215
3	505	214.697845921397	4.184134102616
3	511	215.670596973262	3.849068438136
3	519	216.641398341054	1.943552419657
3	525	218.948283621422	3.27768664816
3	529	219.671697187309	3.030298846255
3	539	230.348132725428	11.399849104006
3	543	230.367963596494	10.696266409185
3	547	233.035867858269	2.687735132841
3	553	233.233392183452	2.865428586958
3	557	233.365938732116	0.330070873847
3	565	237.545611705403	4.312219521951
3	573	242.524188547588	9.158249815472
3	579	246.224232531178	8.678620825775
3	587	251.691266065315	9.167077517727
3	591	252.149963488743	5.925730957565
3	597	256.04834524873	4.357079183415
3	603	256.536010552455	4.386047063712
3	607	257.607011619909	1.558666371179
3	613	261.896513805581	5.360503253126
3	619	264.348321848702	6.741310228793
3	627	267.971264209243	6.074750403662
3	631	268.848545744598	4.500223895896
3	635	268.967060706779	0.995796497536
3	641	270.202525073205	1.353979328607
3	653	275.50185424838	6.534793541601
3	657	275.725629695792	5.523104622587
3	661	276.813593615645	1.311739367265
3	665	277.315345250629	1.589715554837
3	675	279.035801538739	2.222207923094
3	679	279.706009631807	2.390664381178
3	683	280.84838074353	1.812579204791
3	687	281.085604573865	1.379594942058
3	695	283.978738648733	3.130357905203
3	703	285.612440795813	4.526836221948
3	711	287.713590718486	3.734852069753
3	715	288.564308262757	2.951867466944
3	723	291.571408413953	3.857817695467
3	731	297.250045469541	8.685737206784
3	737	297.918820966639	6.347412552686
3	743	305.652839818964	8.402794349423
3	749	311.810951354849	13.89213038821
3	755	312.520241025508	6.867401206544
3	759	312.828035321634	1.017083966785
3	767	322.395375772968	9.87513474746
3	771	322.605444947316	9.777409625682
3	775	324.00573153807	1.610355765102
3	783	326.519167207911	3.913722260595
3	791	334.378044328468	10.372312790398
3	797	335.935260281917	9.416093074006
3	803	337.828336288458	3.45029195999
3	809	338.341752584358	2.406492302441
3	815	345.308652388869	7.480316100411
3	819	345.945459175605	7.603706591247
3	825	349.362371247918	4.053718859049
3	829	349.603065743903	3.657606568298
3	833	350.735886872927	1.373515625009
3	839	354.77767123829	5.174605494387
3	851	357.557204804173	6.821317931246
3	855	359.16522530627	4.38755406798
3	859	359.198612297679	1.641407493506
3	863	360.143924262557	0.978698956287
3	875	369.436266606536	10.237654308857
3	881	373.121318237183	12.977393974626
3	887	375.770156820595	6.333890214059
3	893	379.95596103419	6.834642797007
3	897	384.744392250657	8.974235430062
3	901	384.966671892191	5.010710858001
3	907	385.623887001983	0.879494751326
3	915	397.398283191482	12.431611299291
3	921	398.530520826067	12.906633824084
3	925	399.710328878419	2.312045686937
3	929	399.754182276127	1.22366145006
3	933	400.178769187643	0.468440309224
3	945	403.962542698376	4.208360422249
3	953	408.688239392552	8.509470204909
3	957	412.085520995137	8.122978296761
3	965	414.69373269632	6.005493303768
3	971	417.522332279055	5.436811283918
3	977	423.460108888769	8.766376192449
3	981	423.885481639204	6.363149360149
3	985	424.02270285941	0.562593970641
3	991	426.006130570765	2.120648931561
3	995	427.285047755071	3.262344895661
3	1003	430.430701330898	4.424570760133
3	1009	431.841807637185	4.556759882114
3	1019	436.345029961346	5.914328630448
3	1023	440.115694508235	8.27388687105
3	1029	441.662383940591	5.317353979245
3	1035	446.139353476699	6.023658968464
3	1043	466.23734668624	24.574962745649
3	1049	472.235559646063	26.096206169364
3	1055	482.722352353569	16.485005667329
3	1059	484.009912602881	11.774352956818
3	1067	486.413501373743	3.691149020174
3	1071	489.714313588897	5.704400986016
3	1077	493.699247324106	7.285745950363
3	1085	498.616085050868	8.901771461971
3	1091	513.658913480629	19.959666156523
3	1095	513.958172649072	15.342087598204
3	1099	515.759513718992	2.100600238363
3	1109	521.520047361863	7.561874712791
3	1115	530.905233457367	15.145719738375
3	1119	533.34880367372	11.828756311857
3	1127	536.938467195857	6.03323373849
3	1131	537.253554620131	3.904750946411
3	1139	546.827472952341	9.889005756484
3	1145	552.911013578182	15.657458958051
3	1151	561.730855309166	14.903382356825
3	1155	562.496139250845	9.585125672663
3	1161	568.104630217787	6.373774908621
3	1165	568.283906952393	5.787767701548
3	1169	569.605637393298	1.501007175511
3	1177	574.130819085691	5.846912133298
3	1187	578.122783906133	8.517146512835
3	1193	578.602430069466	4.471610983775
3	1199	581.467322483724	3.344538577591
3	1205	585.571299517696	6.96886944823
3	1209	586.902033760557	5.434711276833
3	1213	589.713475965507	4.142176447811
3	1221	592.664822681805	5.762788921248
3	1225	594.134399269697	4.42092330419
3	1231	595.712795925993	3.047973244188
3	1237	600.220340951083	6.085941681386
3	1245	602.409540413361	6.696744487368
3	1249	602.647715261538	2.427374310455
3	1253	603.085694772827	0.676154359466
3	1257	603.300373309165	0.652658047627
3	1271	613.664603280426	10.578908507599
3	1277	619.126567936158	15.826194626993
3	1283	627.225628245255	13.561024964829
3	1289	629.665333962343	10.538766026185
3	1295	634.768979123959	7.543350878704
3	1301	638.52373873291	8.858404770567
3	1307	641.661230554899	6.89225143094
3	1311	642.963924992527	4.440186259617
3	1317	649.157946234262	7.496715679363
3	1323	650.1875875664	7.223662573873
3	1331	659.736688811063	10.578742576801
3	1337	662.214687597593	12.027100031193
3	1341	662.216814388198	2.480125577135
3	1345	662.286582017491	0.071894419898
3	1353	666.476456783646	4.259642395448
3	1357	668.76516353123	6.478581513739
3	1365	670.03538284606	3.558926062414
3	1369	671.371029439967	2.605865908737
3	1373	671.373851142859	1.338468296799
3	1385	685.838570377539	14.467540937572
3	1391	690.610210850369	19.23635970751
3	1397	696.952993651913	11.114423274374
3	1401	697.194105912398	6.583895062029
3	1407	700.757582255041	3.804588603128
3	1413	706.585702135817	9.391596223419
3	1421	715.495400104097	14.737817849056
3	1425	717.35710396694	10.771401831123
3	1433	719.728480079137	4.23307997504
3	1437	719.978669256966	2.621565290026
3	1443	722.863880435149	3.135400356012
3	1447	723.561340967934	3.582671710968
3	1451	723.611002495694	0.747122060545
3	1457	724.658985209205	1.097644241271
3	1467	727.253221778047	3.642219282353
3	1475	739.258037689537	14.599052480332
3	1479	740.214018003932	12.960796225885
3	1485	742.617264232874	3.359226543337
3	1489	743.626339081429	3.412321077497
3	1497	751.387784486553	8.770520253679
3	1501	752.562458330454	8.936119249025
3	1509	753.819816436966	2.432031950413
3	1513	754.844834023161	2.282375692707
3	1517	755.141411515338	1.321595078372
3	1529	765.667324261292	10.822490238131
3	1533	767.792188945673	12.650777430335
3	1541	769.712273866186	4.044949604894
3	1547	771.883265541991	4.091076596318
3	1553	775.272606381276	5.56033251509
3	1559	785.983549576629	14.100284034638
3	1565	793.328562251284	18.055955870008
3	1569	794.987084548318	9.003534971689
3	1577	805.216740176613	11.888177925329
3	1583	807.889083843283	12.901999294965
3	1589	816.547688145909	11.330947969296
3	1595	819.187168356499	11.298084513216
3	1599	821.793645943535	5.245957797626
3	1603	823.128090458814	3.940922102315
3	1611	826.012254800917	4.218608857382
3	1617	827.758538228109	4.630447769295
3	1625	836.567350354157	10.55509555324
3	1629	837.193424982088	9.434886753979
3	1637	839.946545484505	3.379195130348
3	1641	839.954420819551	2.760995837463
3	1649	843.324758843301	3.378213358796
3	1655	847.452141248957	7.497720429406
3	1659	847.965498936087	4.640740092786
3	1667	855.301028904504	7.848887655547
3	1673	858.425690012107	10.46019107602
3	1679	865.142589834319	9.841560929815
3	1683	865.297488338097	6.87179832599
3	1691	872.514044719267	7.371454884948
3	1695	875.848337391848	10.550849053751
3	1703	893.162547180917	20.64850246165
3	1707	894.962718561766	19.114381169918
3	1713	902.875642806979	9.713095626062
3	1717	902.878437747257	7.915719185491
3	1725	904.404077960247	1.528435153268
3	1729	904.569430683696	1.690992936439
3	1733	905.409160036382	1.005082076135
3	1741	910.299656153539	5.730225469843
3	1751	916.654484720151	11.245324683769
3	1755	917.892316707039	7.5926605535
3	1761	919.605203042402	2.950718322251
3	1769	922.283857819796	4.391541112757
3	1775	924.388182889838	4.782979847436
3	1781	931.112406579091	8.828548759295
3	1787	936.932848893191	12.544666003353
3	1791	937.227489476777	6.115082897686
3	1799	941.743152713854	4.810303820663
3	1805	948.615095054054	11.387605577277
3	1809	949.568351086986	7.825198373132
3	1813	949.913269864228	1.298174810174
3	1817	950.369818785695	0.801467698709
3	1829	954.010596638551	4.097326774323
3	1833	954.254892229997	3.885073444302
3	1841	956.380944054997	2.370347416446
3	1847	961.214502888044	6.959610658047
3	1851	964.960715934127	8.57977187913
3	1855	965.88670714523	4.672204257186
3	1859	966.4374593576	1.476743423473
3	1869	970.538714270388	4.652007125158
3	1875	972.086692477277	5.649233119677
3	1881	975.204146714662	4.665432444274
3	1885	976.13119377515	4.044501297873
3	1895	982.849029677415	7.644882962753
3	1899	984.553394135563	8.422200360413
3	1903	984.785133444213	1.936103766798
3	1907	985.48656052835	0.933166392787
3	1917	988.716479730121	3.931346285908
3	1923	989.821416987359	4.334856459009
3	1927	992.630452886782	3.913973156661
3	1931	993.300098871512	3.478681884153
3	1941	998.666807165837	6.036354279055
4	312	104.497836940824	77.642532127855
4	318	107.294161489309	78.225476522996
4	322	108.018681424555	65.123138606291
4	330	119.582786629564	76.175736142404
4	334	120.479670302024	74.238882949469
4	338	120.725389079164	73.721713588963
4	346	122.710816613397	70.873006493783
4	352	128.897643045802	74.581989181356
4	358	130.479529941735	71.2898686152
4	364	133.396721887378	72.532532214079
4	372	140.780574184689	73.926988942337
4	376	141.226941306167	74.109525105731
4	380	141.560678821077	73.07342975629
4	390	155.593207766486	86.561976806158
4	394	157.20229843634	86.298936820971
4	400	162.934196250376	86.958041915807
4	408	165.726242487032	85.629263803249
4	412	171.2631947148	89.253317469839
4	420	177.020247988606	94.180644867538
4	424	179.766385124849	91.295099219988
4	428	179.966045370352	86.375046291959
4	434	180.201025529643	86.261618768756
4	438	181.886517745182	87.395755990388
4	448	185.395942188705	89.315343260458
4	456	189.684282338451	92.669043311874
4	462	197.713282216096	96.68046472366
4	468	200.085608064467	97.324199434115
4	474	205.118203548727	98.416630407497
4	480	207.930620678288	94.340811781029
4	484	208.566499252395	92.82111808858
4	488	209.232762172911	87.634466958086
4	496	210.513711818781	88.867624454691
4	500	211.821528535126	88.621247772411
4	506	214.697845921397	85.091524244331
4	512	215.670596973262	82.564396258731
4	520	216.641398341054	80.10462424897
4	526	218.948283621422	81.859026849201
4	530	219.671697187309	78.055598411635
4	540	230.348132725428	85.408072481112
4	544	230.367963596494	82.33100291025
4	548	233.035867858269	73.226211358125
4	554	233.233392183452	69.469215114725
4	558	233.365938732116	68.921904591833
4	566	237.545611705403	65.196365078277
4	574	242.524188547588	65.658979317003
4	580	246.224232531178	66.126191910622
4	588	251.691266065315	68.370735679243
4	592	252.149963488743	68.203896769016
4	598	256.04834524873	71.69187140423
4	604	256.536010552455	70.224853476771
4	608	257.607011619909	70.319884902946
4	614	261.896513805581	72.166622756563
4	620	264.348321848702	65.136302566147
4	628	267.971264209243	67.177244946526
4	632	268.848545744598	63.025005462181
4	636	268.967060706779	59.526260910511
4	642	270.202525073205	60.32234577949
4	654	275.50185424838	61.833738870207
4	658	275.725629695792	60.386028383603
4	662	276.813593615645	60.615901311317
4	666	277.315345250629	61.081185871161
4	676	279.035801538739	60.54288209298
4	680	279.706009631807	60.007383684958
4	684	280.84838074353	60.438461836689
4	688	281.085604573865	59.246982497351
4	696	283.978738648733	50.834692332547
4	704	285.612440795813	51.433038708144
4	712	287.713590718486	50.313219727898
4	716	288.564308262757	50.411641860397
4	724	291.571408413953	52.124379303601
4	732	297.250045469541	51.827237179679
4	738	297.918820966639	50.072346134727
4	744	305.652839818964	57.284070269399
4	750	311.810951354849	56.409691365035
4	756	312.520241025508	56.467800575898
4	760	312.828035321634	54.799936533874
4	768	322.395375772968	58.553350919827
4	772	322.605444947316	57.976231953154
4	776	324.00573153807	57.996233998321
4	784	326.519167207911	57.328086678299
4	792	334.378044328468	63.992163459211
4	798	335.935260281917	64.565244972556
4	804	337.828336288458	66.07537439575
4	810	338.341752584358	66.043058008999
4	816	345.308652388869	67.787407698293
4	820	345.945459175605	67.992411371258
4	826	349.362371247918	71.207271894477
4	830	349.603065743903	67.650766350369
4	834	350.735886872927	67.346651916513
4	840	354.77767123829	70.084327096715
4	852	357.557204804173	72.457977925511
4	856	359.16522530627	73.268812292413
4	860	359.198612297679	73.232994658841
4	864	360.143924262557	70.448113784301
4	876	369.436266606536	79.532867218308
4	882	373.121318237183	81.505038063286
4	888	375.770156820595	82.988058390402
4	894	379.95596103419	82.521098623165
4	898	384.744392250657	86.221112120789
4	902	384.966671892191	78.526632815821
4	908	385.623887001983	73.70661058286
4	916	397.398283191482	83.808727660468
4	922	398.530520826067	83.017585279488
4	926	399.710328878419	74.175767431592
4	930	399.754182276127	74.044756581983
4	934	400.178769187643	72.26692683534
4	946	403.962542698376	72.057865776123
4	954	408.688239392552	73.949671486893
4	958	412.085520995137	75.648324391391
4	966	414.69373269632	76.560965902981
4	972	417.522332279055	78.824259786511
4	978	423.460108888769	76.370151707285
4	982	423.885481639204	69.74503065783
4	986	424.02270285941	69.148393402984
4	992	426.006130570765	70.719326648155
4	996	427.285047755071	71.479340979432
4	1004	430.430701330898	74.098923924183
4	1010	431.841807637185	71.318482897407
4	1020	436.345029961346	73.92892716267
4	1024	440.115694508235	74.54465611397
4	1030	441.662383940591	75.322047875949
4	1036	446.139353476699	74.142545017812
4	1044	466.23734668624	92.533721683385
4	1050	472.235559646063	93.782846063743
4	1056	482.722352353569	97.458474565419
4	1060	484.009912602881	98.298671201137
4	1068	486.413501373743	95.8715621817
4	1072	489.714313588897	91.532404644096
4	1078	493.699247324106	93.249249085888
4	1086	498.616085050868	97.502565463632
4	1092	513.658913480629	111.80436485041
4	1096	513.958172649072	111.69725735683
4	1100	515.759513718992	110.96387169198
4	1110	521.520047361863	113.98877910213
4	1116	530.905233457367	118.04721325349
4	1120	533.34880367372	118.67632284783
4	1128	536.938467195857	120.68739670273
4	1132	537.253554620131	116.1251406175
4	1140	546.827472952341	121.16210062005
4	1146	552.911013578182	124.76726552916
4	1152	561.730855309166	132.18826946303
4	1156	562.496139250845	131.95806580244
4	1162	568.104630217787	134.87504601682
4	1166	568.283906952393	133.29388425731
4	1170	569.605637393298	134.27692223247
4	1178	574.130819085691	133.14710050309
4	1188	578.122783906133	136.22529840688
4	1194	578.602430069466	132.18460207844
4	1200	581.467322483724	134.80690710864
4	1206	585.571299517696	116.98150888987
4	1210	586.902033760557	114.27615539429
4	1214	589.713475965507	104.73137942388
4	1222	592.664822681805	106.36036790748
4	1226	594.134399269697	101.70801087
4	1232	595.712795925993	100.64236570484
4	1238	600.220340951083	104.66703464433
4	1246	602.409540413361	102.83304534879
4	1250	602.647715261538	86.216554364687
4	1254	603.085694772827	86.134281087575
4	1258	603.300373309165	84.025300621665
4	1272	613.664603280426	92.007068667493
4	1278	619.126567936158	85.74220852947
4	1284	627.225628245255	93.118882887515
4	1290	629.665333962343	89.355619547148
4	1296	634.768979123959	89.598814011291
4	1302	638.52373873291	89.655693654934
4	1308	641.661230554899	84.004241896765
4	1312	642.963924992527	76.25367602458
4	1318	649.157946234262	77.627548941802
4	1324	650.1875875664	78.607420944709
4	1332	659.736688811063	85.531488707743
4	1338	662.214687597593	87.635318933333
4	1342	662.216814388198	85.968900986102
4	1346	662.286582017491	83.759627707365
4	1354	666.476456783646	87.658374273689
4	1358	668.76516353123	85.792298537298
4	1366	670.03538284606	79.054437808726
4	1370	671.371029439967	80.041743561051
4	1374	671.373851142859	75.717718167168
4	1386	685.838570377539	88.48134043157
4	1392	690.610210850369	89.001333056592
4	1398	696.952993651913	94.833775602452
4	1402	697.194105912398	93.745135202569
4	1408	700.757582255041	97.076697508678
4	1414	706.585702135817	101.4088361205
4	1422	715.495400104097	108.81223753635
4	1426	717.35710396694	107.48137630708
4	1434	719.728480079137	105.62186886606
4	1438	719.978669256966	98.560400687664
4	1444	722.863880435149	95.046078775033
4	1448	723.561340967934	93.635017931839
4	1452	723.611002495694	87.268552298033
4	1458	724.658985209205	83.969476446065
4	1468	727.253221778047	83.786315478609
4	1476	739.258037689537	89.182264701599
4	1480	740.214018003932	89.467760449397
4	1486	742.617264232874	86.087232383445
4	1490	743.626339081429	83.290704927953
4	1498	751.387784486553	88.057486191529
4	1502	752.562458330454	87.484974048103
4	1510	753.819816436966	84.98240545709
4	1514	754.844834023161	85.909764163652
4	1518	755.141411515338	80.001318409853
4	1530	765.667324261292	89.234449946403
4	1534	767.792188945673	89.590616853813
4	1542	769.712273866186	87.981737598282
4	1548	771.883265541991	84.323115086675
4	1554	775.272606381276	78.56612260306
4	1560	785.983549576629	86.353479727176
4	1566	793.328562251284	91.628801909622
4	1570	794.987084548318	88.279257684129
4	1578	805.216740176613	97.653700463716
4	1584	807.889083843283	90.4085885916
4	1590	816.547688145909	98.88550918181
4	1596	819.187168356499	97.152519015324
4	1600	821.793645943535	97.919425158413
4	1604	823.128090458814	98.353101926732
4	1612	826.012254800917	100.11893746441
4	1618	827.758538228109	101.48417550507
4	1626	836.567350354157	108.77544208266
4	1630	837.193424982088	108.82124540652
4	1638	839.946545484505	99.026586284416
4	1642	839.954420819551	95.64530564703
4	1650	843.324758843301	95.85664506242
4	1656	847.452141248957	94.481798712463
4	1660	847.965498936087	94.605252637588
4	1668	855.301028904504	99.516574653665
4	1674	858.425690012107	102.23644287561
4	1680	865.142589834319	106.6722537604
4	1684	865.297488338097	106.63394301008
4	1692	872.514044719267	104.38410800855
4	1696	875.848337391848	106.31016281249
4	1704	893.162547180917	122.50594288464
4	1708	894.962718561766	122.92705625564
4	1714	902.875642806979	127.23327245687
4	1718	902.878437747257	115.72079179752
4	1726	904.404077960247	109.23863224791
4	1730	904.569430683696	106.00799014239
4	1734	905.409160036382	100.15537030228
4	1742	910.299656153539	99.50902399797
4	1752	916.654484720151	98.742460890511
4	1756	917.892316707039	94.166275654703
4	1762	919.605203042402	94.706935293003
4	1770	922.283857819796	95.458465101387
4	1776	924.388182889838	94.594284558478
4	1782	931.112406579091	100.12605999092
4	1788	936.932848893191	98.044937215826
4	1792	937.227489476777	98.188761999196
4	1800	941.743152713854	100.1491897636
4	1806	948.615095054054	106.31393113522
4	1810	949.568351086986	103.09972775358
4	1814	949.913269864228	101.19663241683
4	1818	950.369818785695	97.319416949284
4	1830	954.010596638551	97.969721129713
4	1834	954.254892229997	94.239027554472
4	1842	956.380944054997	90.079094124807
4	1848	961.214502888044	93.770983816301
4	1852	964.960715934127	87.873581473042
4	1856	965.88670714523	82.754236100857
4	1860	966.4374593576	69.919545953038
4	1870	970.538714270388	66.799335171461
4	1876	972.086692477277	67.869864333479
4	1882	975.204146714662	68.9657830301
4	1886	976.13119377515	66.119394606356
4	1896	982.849029677415	72.213645447864
4	1900	984.553394135563	72.883026525213
4	1904	984.785133444213	72.484737107696
4	1908	985.48656052835	66.910154339626
4	1918	988.716479730121	68.948516460736
4	1924	989.821416987359	69.18682776262
4	1928	992.630452886782	68.370261497492
4	1932	993.300098871512	65.064842553624
4	1942	998.666807165837	62.620548978721
5	312	104.497836940824	0
5	318	107.294161489309	0
5	322	108.018681424555	0
5	330	119.582786629564	0
5	334	120.479670302024	0
5	338	120.725389079164	0
5	346	122.710816613397	0
5	352	128.897643045802	0
5	358	130.479529941735	0
5	364	133.396721887378	0
5	372	140.780574184689	0
5	376	141.226941306167	0
5	380	141.560678821077	0
5	390	155.593207766486	0
5	394	157.20229843634	0
5	400	162.934196250376	0
5	408	165.726242487032	0
5	412	171.2631947148	0
5	420	177.020247988606	0
5	424	179.766385124849	0
5	428	179.966045370352	0
5	434	180.201025529643	0
5	438	181.886517745182	0
5	448	185.395942188705	0
5	456	189.684282338451	0
5	462	197.713282216096	0
5	468	200.085608064467	0
5	474	205.118203548727	0
5	480	207.930620678288	0
5	484	208.566499252395	0
5	488	209.232762172911	0
5	496	210.513711818781	0
5	500	211.821528535126	0
5	506	214.697845921397	0
5	512	215.670596973262	0
5	520	216.641398341054	0
5	526	218.948283621422	0
5	530	219.671697187309	0
5	540	230.348132725428	0
5	544	230.367963596494	0
5	548	233.035867858269	0
5	554	233.233392183452	0
5	558	233.365938732116	0
5	566	237.545611705403	0
5	574	242.524188547588	0
5	580	246.224232531178	0
5	588	251.691266065315	0
5	592	252.149963488743	0
5	598	256.04834524873	0
5	604	256.536010552455	0
5	608	257.607011619909	0
5	614	261.896513805581	0
5	620	264.348321848702	0
5	628	267.971264209243	0
5	632	268.848545744598	0
5	636	268.967060706779	0
5	642	270.202525073205	0
5	654	275.50185424838	0
5	658	275.725629695792	0
5	662	276.813593615645	0
5	666	277.315345250629	0
5	676	279.035801538739	0
5	680	279.706009631807	0
5	684	280.84838074353	0
5	688	281.085604573865	0
5	696	283.978738648733	0
5	704	285.612440795813	0
5	712	287.713590718486	0
5	716	288.564308262757	0
5	724	291.571408413953	0
5	732	297.250045469541	0
5	738	297.918820966639	0
5	744	305.652839818964	0
5	750	311.810951354849	0
5	756	312.520241025508	0
5	760	312.828035321634	0
5	768	322.395375772968	0
5	772	322.605444947316	0
5	776	324.00573153807	0
5	784	326.519167207911	0
5	792	334.378044328468	0
5	798	335.935260281917	0
5	804	337.828336288458	0
5	810	338.341752584358	0
5	816	345.308652388869	0
5	820	345.945459175605	0
5	826	349.362371247918	0
5	830	349.603065743903	0
5	834	350.735886872927	0
5	840	354.77767123829	0
5	852	357.557204804173	0
5	856	359.16522530627	0
5	860	359.198612297679	0
5	864	360.143924262557	0
5	876	369.436266606536	0
5	882	373.121318237183	0
5	888	375.770156820595	0
5	894	379.95596103419	0
5	898	384.744392250657	0
5	902	384.966671892191	0
5	908	385.623887001983	0
5	916	397.398283191482	0
5	922	398.530520826067	0
5	926	399.710328878419	0
5	930	399.754182276127	0
5	934	400.178769187643	0
5	946	403.962542698376	0
5	954	408.688239392552	0
5	958	412.085520995137	0
5	966	414.69373269632	0
5	972	417.522332279055	0
5	978	423.460108888769	0
5	982	423.885481639204	0
5	986	424.02270285941	0
5	992	426.006130570765	0
5	996	427.285047755071	0
5	1004	430.430701330898	0
5	1010	431.841807637185	0
5	1020	436.345029961346	0
5	1024	440.115694508235	0
5	1030	441.662383940591	0
5	1036	446.139353476699	0
5	1044	466.23734668624	0
5	1050	472.235559646063	0
5	1056	482.722352353569	0
5	1060	484.009912602881	0
5	1068	486.413501373743	0
5	1072	489.714313588897	0
5	1078	493.699247324106	0
5	1086	498.616085050868	0
5	1092	513.658913480629	0
5	1096	513.958172649072	0
5	1100	515.759513718992	0
5	1110	521.520047361863	0
5	1116	530.905233457367	0
5	1120	533.34880367372	0
5	1128	536.938467195857	0
5	1132	537.253554620131	0
5	1140	546.827472952341	0
5	1146	552.911013578182	0
5	1152	561.730855309166	0
5	1156	562.496139250845	0
5	1162	568.104630217787	0
5	1166	568.283906952393	0
5	1170	569.605637393298	0
5	1178	574.130819085691	0
5	1188	578.122783906133	0
5	1194	578.602430069466	0
5	1200	581.467322483724	0
5	1206	585.571299517696	0
5	1210	586.902033760557	0
5	1214	589.713475965507	0
5	1222	592.664822681805	0
5	1226	594.134399269697	0
5	1232	595.712795925993	0
5	1238	600.220340951083	0
5	1246	602.409540413361	0
5	1250	602.647715261538	0
5	1254	603.085694772827	0
5	1258	603.300373309165	0
5	1272	613.664603280426	0
5	1278	619.126567936158	0
5	1284	627.225628245255	0
5	1290	629.665333962343	0
5	1296	634.768979123959	0
5	1302	638.52373873291	0
5	1308	641.661230554899	0
5	1312	642.963924992527	0
5	1318	649.157946234262	0
5	1324	650.1875875664	0
5	1332	659.736688811063	0
5	1338	662.214687597593	0
5	1342	662.216814388198	0
5	1346	662.286582017491	0
5	1354	666.476456783646	0
5	1358	668.76516353123	0
5	1366	670.03538284606	0
5	1370	671.371029439967	0
5	1374	671.373851142859	0
5	1386	685.838570377539	0
5	1392	690.610210850369	0
5	1398	696.952993651913	0
5	1402	697.194105912398	0
5	1408	700.757582255041	0
5	1414	706.585702135817	0
5	1422	715.495400104097	0
5	1426	717.35710396694	0
5	1434	719.728480079137	0
5	1438	719.978669256966	0
5	1444	722.863880435149	0
5	1448	723.561340967934	0
5	1452	723.611002495694	0
5	1458	724.658985209205	0
5	1468	727.253221778047	0
5	1476	739.258037689537	0
5	1480	740.214018003932	0
5	1486	742.617264232874	0
5	1490	743.626339081429	0
5	1498	751.387784486553	0
5	1502	752.562458330454	0
5	1510	753.819816436966	0
5	1514	754.844834023161	0
5	1518	755.141411515338	0
5	1530	765.667324261292	0
5	1534	767.792188945673	0
5	1542	769.712273866186	0
5	1548	771.883265541991	0
5	1554	775.272606381276	0
5	1560	785.983549576629	0
5	1566	793.328562251284	0
5	1570	794.987084548318	0
5	1578	805.216740176613	0
5	1584	807.889083843283	0
5	1590	816.547688145909	0
5	1596	819.187168356499	0
5	1600	821.793645943535	0
5	1604	823.128090458814	0
5	1612	826.012254800917	0
5	1618	827.758538228109	0
5	1626	836.567350354157	0
5	1630	837.193424982088	0
5	1638	839.946545484505	0
5	1642	839.954420819551	0
5	1650	843.324758843301	0
5	1656	847.452141248957	0
5	1660	847.965498936087	0
5	1668	855.301028904504	0
5	1674	858.425690012107	0
5	1680	865.142589834319	0
5	1684	865.297488338097	0
5	1692	872.514044719267	0
5	1696	875.848337391848	0
5	1704	893.162547180917	0
5	1708	894.962718561766	0
5	1714	902.875642806979	0
5	1718	902.878437747257	0
5	1726	904.404077960247	0
5	1730	904.569430683696	0
5	1734	905.409160036382	0
5	1742	910.299656153539	0
5	1752	916.654484720151	0
5	1756	917.892316707039	0
5	1762	919.605203042402	0
5	1770	922.283857819796	0
5	1776	924.388182889838	0
5	1782	931.112406579091	0
5	1788	936.932848893191	0
5	1792	937.227489476777	0
5	1800	941.743152713854	0
5	1806	948.615095054054	0
5	1810	949.568351086986	0
5	1814	949.913269864228	0
5	1818	950.369818785695	0
5	1830	954.010596638551	0
5	1834	954.254892229997	0
5	1842	956.380944054997	0
5	1848	961.214502888044	0
5	1852	964.960715934127	0
5	1856	965.88670714523	0
5	1860	966.4374593576	0
5	1870	970.538714270388	0
5	1876	972.086692477277	0
5	1882	975.204146714662	0
5	1886	976.13119377515	0
5	1896	982.849029677415	0
5	1900	984.553394135563	0
5	1904	984.785133444213	0
5	1908	985.48656052835	0
5	1918	988.716479730121	0
5	1924	989.821416987359	0
5	1928	992.630452886782	0
5	1932	993.300098871512	0
5	1942	998.666807165837	0

