version 3
run General-18-20221103-10:28:22-6760
attr configname General
attr datetime 20221103-10:28:22
attr datetimef 20221103-102822
attr experiment General
attr inifile block.ini
attr iterationvars "$0=3, $1=10"
attr iterationvarsd 3/10
attr iterationvarsf 3,10-
attr measurement "$0=3, $1=10"
attr network Block
attr processid 6760
attr repetition 3
attr replication #3
attr resultdir results
attr runnumber 18
attr seedset 18
config network Block
config repeat 5
config sim-time-limit 1000s
config warmup-period 100s
config **.alloca.resourceModuleName "\"risorse\""
config **.dealloca.resourceModuleName "\"risorse\""
config **.is.delay exponential(3s)
config **.servente.serviceTime exponential(3s)
config **.dealloca.resourceAmount 2
config **.alloca.resourceAmount 2
config **.risorse.amount 6
config **.sorgente.numJobs (10)
config **.result-recording-modes all

vector 0 Block.servente queueLength:vector ETV
attr interpolationmode sample-hold
attr recordingmode vector
attr title "queue length"
vector 1 Block.servente queueingTime:vector ETV
attr interpolationmode none
attr recordingmode vector
attr title "queueing time at dequeue"
attr unit s
vector 2 Block.alloca queueLength:vector ETV
attr interpolationmode sample-hold
attr recordingmode vector
attr title "queue length"
vector 3 Block.alloca queueingTime:vector ETV
attr interpolationmode none
attr recordingmode vector
attr title "queueing time at dequeue"
attr unit s
vector 4 Block.risorse amount:vector ETV
attr interpolationmode sample-hold
attr recordingmode vector
attr title "available resource"
vector 5 Block.is delayedJobs:vector ETV
attr interpolationmode sample-hold
attr recordingmode vector
attr title "number of delayed jobs"
0	207	100.706886049731	1
0	209	100.706886049731	2
0	215	102.051391274773	1
0	217	102.051391274773	2
0	221	106.864705348572	1
0	223	106.864705348572	2
0	227	115.565329318163	1
0	229	115.565329318163	2
0	233	118.033373435811	1
0	235	118.033373435811	2
0	239	122.925958030572	1
0	241	122.925958030572	2
0	245	127.062860260218	1
0	247	127.062860260218	2
0	249	127.591040687146	1
0	251	127.591040687146	2
0	257	133.650907016728	1
0	259	133.650907016728	2
0	263	135.556686377013	1
0	265	135.556686377013	2
0	269	145.191077999665	1
0	271	145.191077999665	2
0	275	147.268693047936	1
0	277	147.268693047936	2
0	279	151.463365441909	1
0	281	151.463365441909	2
0	285	153.892788645953	1
0	287	153.892788645953	2
0	289	154.08299249297	1
0	291	154.08299249297	2
0	297	154.445336602299	1
0	299	154.445336602299	2
0	303	156.436055255268	1
0	305	156.436055255268	2
0	307	158.339355063797	1
0	309	158.339355063797	2
0	313	159.077486045197	1
0	315	159.077486045197	2
0	317	159.186296611823	1
0	319	159.186296611823	2
0	321	160.545005332702	1
0	323	160.545005332702	2
0	327	160.716117438002	1
0	329	160.716117438002	2
0	333	164.915737715174	1
0	335	164.915737715174	2
0	341	166.125559997564	1
0	343	166.125559997564	2
0	351	170.545824589247	1
0	353	170.545824589247	2
0	357	172.511786494563	1
0	359	172.511786494563	2
0	363	173.713330434197	1
0	365	173.713330434197	2
0	369	176.667494985946	1
0	371	176.667494985946	2
0	375	178.341070024467	1
0	377	178.341070024467	2
0	381	179.208357577706	1
0	383	179.208357577706	2
0	385	179.645516117863	1
0	387	179.645516117863	2
0	393	183.941625421995	1
0	395	183.941625421995	2
0	399	191.4318839018	1
0	401	191.4318839018	2
0	405	192.086053399826	1
0	407	192.086053399826	2
0	411	195.620466344231	1
0	413	195.620466344231	2
0	415	197.623582105258	1
0	417	197.623582105258	2
0	419	197.669991345271	1
0	421	197.669991345271	2
0	427	199.529644780818	1
0	429	199.529644780818	2
0	435	201.686872782082	1
0	437	201.686872782082	2
0	439	202.425669037885	1
0	441	202.425669037885	2
0	447	205.690668884361	1
0	449	205.690668884361	2
0	455	208.378835931876	1
0	457	208.378835931876	2
0	461	210.470752587625	1
0	463	210.470752587625	2
0	467	215.650499373143	1
0	469	215.650499373143	2
0	473	216.360416574415	1
0	475	216.360416574415	2
0	477	217.195624828052	1
0	479	217.195624828052	2
0	485	227.72801395124	1
0	487	227.72801395124	2
0	489	230.945430147358	1
0	491	230.945430147358	2
0	495	234.471750119873	1
0	497	234.471750119873	2
0	503	247.811378115608	1
0	505	247.811378115608	2
0	509	251.903580885036	1
0	511	251.903580885036	2
0	513	254.424602263281	1
0	515	254.424602263281	2
0	519	256.412774576918	1
0	521	256.412774576918	2
0	525	257.452283771759	1
0	527	257.452283771759	2
0	533	259.48149927616	1
0	535	259.48149927616	2
0	539	262.221445790436	1
0	541	262.221445790436	2
0	545	269.627969726034	1
0	547	269.627969726034	2
0	549	270.189804371884	1
0	551	270.189804371884	2
0	557	271.779366754755	1
0	559	271.779366754755	2
0	563	279.661923631976	1
0	565	279.661923631976	2
0	569	280.754058862824	1
0	571	280.754058862824	2
0	575	282.638098286618	1
0	577	282.638098286618	2
0	579	284.717066816121	1
0	581	284.717066816121	2
0	587	289.288082045345	1
0	589	289.288082045345	2
0	591	289.319100742069	1
0	593	289.319100742069	2
0	597	291.881948135058	1
0	599	291.881948135058	2
0	605	296.469043753423	1
0	607	296.469043753423	2
0	611	304.887977354456	1
0	613	304.887977354456	2
0	617	308.835468627217	1
0	619	308.835468627217	2
0	623	318.863005031176	1
0	625	318.863005031176	2
0	627	319.675381263032	1
0	629	319.675381263032	2
0	631	320.252830852415	1
0	633	320.252830852415	2
0	639	325.192237839474	1
0	641	325.192237839474	2
0	643	325.697773095935	1
0	645	325.697773095935	2
0	653	330.503225593446	1
0	655	330.503225593446	2
0	659	340.618942639394	1
0	661	340.618942639394	2
0	665	341.516012038796	1
0	667	341.516012038796	2
0	669	342.809238428055	1
0	671	342.809238428055	2
0	673	344.44185038241	1
0	675	344.44185038241	2
0	683	347.759473078099	1
0	685	347.759473078099	2
0	687	348.739131300924	1
0	689	348.739131300924	2
0	693	351.055057509546	1
0	695	351.055057509546	2
0	697	351.325802633845	1
0	699	351.325802633845	2
0	705	357.207985672999	1
0	707	357.207985672999	2
0	709	357.878145189475	1
0	711	357.878145189475	2
0	717	360.569157686725	1
0	719	360.569157686725	2
0	725	367.54036977087	1
0	727	367.54036977087	2
0	729	368.932894662976	1
0	731	368.932894662976	2
0	737	377.043881733516	1
0	739	377.043881733516	2
0	743	381.753526988632	1
0	745	381.753526988632	2
0	747	382.640036443719	1
0	749	382.640036443719	2
0	753	386.766822591743	1
0	755	386.766822591743	2
0	761	388.405330391259	1
0	763	388.405330391259	2
0	767	392.710016412024	1
0	769	392.710016412024	2
0	773	397.033287491138	1
0	775	397.033287491138	2
0	777	397.487984278164	1
0	779	397.487984278164	2
0	783	400.944127466428	1
0	785	400.944127466428	2
0	787	401.076825238909	1
0	789	401.076825238909	2
0	795	403.120007602061	1
0	797	403.120007602061	2
0	801	403.716535268669	1
0	803	403.716535268669	2
0	807	403.85221417368	1
0	809	403.85221417368	2
0	813	405.509200348078	1
0	815	405.509200348078	2
0	821	410.533098167921	1
0	823	410.533098167921	2
0	827	411.636068502194	1
0	829	411.636068502194	2
0	831	412.44116774856	1
0	833	412.44116774856	2
0	835	412.549053655625	1
0	837	412.549053655625	2
0	839	413.404453918443	1
0	841	413.404453918443	2
0	849	417.952223311814	1
0	851	417.952223311814	2
0	857	421.616446301373	1
0	859	421.616446301373	2
0	863	424.251157091845	1
0	865	424.251157091845	2
0	869	436.801713658633	1
0	871	436.801713658633	2
0	873	439.658152237624	1
0	875	439.658152237624	2
0	881	449.220846313413	1
0	883	449.220846313413	2
0	885	451.223462748987	1
0	887	451.223462748987	2
0	893	460.337165063219	1
0	895	460.337165063219	2
0	899	464.491964776968	1
0	901	464.491964776968	2
0	903	466.346662949267	1
0	905	466.346662949267	2
0	909	467.863463456347	1
0	911	467.863463456347	2
0	913	470.410464117333	1
0	915	470.410464117333	2
0	923	476.788589743279	1
0	925	476.788589743279	2
0	927	477.700073685041	1
0	929	477.700073685041	2
0	933	481.149973291145	1
0	935	481.149973291145	2
0	941	483.406112849495	1
0	943	483.406112849495	2
0	947	483.840018453459	1
0	949	483.840018453459	2
0	953	490.804725980897	1
0	955	490.804725980897	2
0	959	495.363592182201	1
0	961	495.363592182201	2
0	963	497.060521293442	1
0	965	497.060521293442	2
0	969	499.171668695617	1
0	971	499.171668695617	2
0	977	502.802315791987	1
0	979	502.802315791987	2
0	981	504.736834444888	1
0	983	504.736834444888	2
0	987	505.957279128305	1
0	989	505.957279128305	2
0	991	508.225793224877	1
0	993	508.225793224877	2
0	995	508.479920615466	1
0	997	508.479920615466	2
0	1003	512.425269585046	1
0	1005	512.425269585046	2
0	1009	518.789930941027	1
0	1011	518.789930941027	2
0	1013	519.053592470324	1
0	1015	519.053592470324	2
0	1019	520.741044605823	1
0	1021	520.741044605823	2
0	1025	523.064385262586	1
0	1027	523.064385262586	2
0	1037	531.412026986194	1
0	1039	531.412026986194	2
0	1043	534.192530212919	1
0	1045	534.192530212919	2
0	1047	534.44973707235	1
0	1049	534.44973707235	2
0	1055	541.212498031094	1
0	1057	541.212498031094	2
0	1059	541.745399765524	1
0	1061	541.745399765524	2
0	1065	542.758197645462	1
0	1067	542.758197645462	2
0	1069	544.590442425465	1
0	1071	544.590442425465	2
0	1075	548.739338071275	1
0	1077	548.739338071275	2
0	1079	549.202472124201	1
0	1081	549.202472124201	2
0	1083	550.51532490848	1
0	1085	550.51532490848	2
0	1089	552.080482129304	1
0	1091	552.080482129304	2
0	1101	556.114036719272	1
0	1103	556.114036719272	2
0	1105	559.70587206383	1
0	1107	559.70587206383	2
0	1109	559.980291645735	1
0	1111	559.980291645735	2
0	1113	560.218524682342	1
0	1115	560.218524682342	2
0	1117	560.631563435974	1
0	1119	560.631563435974	2
0	1131	564.418833207487	1
0	1133	564.418833207487	2
0	1137	566.846896831529	1
0	1139	566.846896831529	2
0	1143	570.378943231942	1
0	1145	570.378943231942	2
0	1147	570.389876997472	1
0	1149	570.389876997472	2
0	1155	573.141965546582	1
0	1157	573.141965546582	2
0	1159	574.816697220002	1
0	1161	574.816697220002	2
0	1163	574.855141014612	1
0	1165	574.855141014612	2
0	1169	576.591753817666	1
0	1171	576.591753817666	2
0	1177	577.558034593973	1
0	1179	577.558034593973	2
0	1185	579.72271310854	1
0	1187	579.72271310854	2
0	1193	588.073862679328	1
0	1195	588.073862679328	2
0	1197	590.094533635461	1
0	1199	590.094533635461	2
0	1203	592.025058023054	1
0	1205	592.025058023054	2
0	1209	592.8035487072	1
0	1211	592.8035487072	2
0	1213	595.058575643159	1
0	1215	595.058575643159	2
0	1221	600.639462720279	1
0	1223	600.639462720279	2
0	1227	602.739664460847	1
0	1229	602.739664460847	2
0	1235	606.809981272612	1
0	1237	606.809981272612	2
0	1239	607.19146518561	1
0	1241	607.19146518561	2
0	1243	607.260980865426	1
0	1245	607.260980865426	2
0	1249	609.418346015624	1
0	1251	609.418346015624	2
0	1253	610.260398091571	1
0	1255	610.260398091571	2
0	1265	618.591311204667	1
0	1267	618.591311204667	2
0	1271	623.232147762307	1
0	1273	623.232147762307	2
0	1275	623.911354059501	1
0	1277	623.911354059501	2
0	1283	628.625373544664	1
0	1285	628.625373544664	2
0	1287	629.214578052604	1
0	1289	629.214578052604	2
0	1291	629.411597996111	1
0	1293	629.411597996111	2
0	1299	631.292124719515	1
0	1301	631.292124719515	2
0	1303	632.37254591453	1
0	1305	632.37254591453	2
0	1307	632.737000998892	1
0	1309	632.737000998892	2
0	1315	633.606402932991	1
0	1317	633.606402932991	2
0	1319	634.052952095676	1
0	1321	634.052952095676	2
0	1325	634.578162688657	1
0	1327	634.578162688657	2
0	1331	636.558861310851	1
0	1333	636.558861310851	2
0	1335	636.98848386126	1
0	1337	636.98848386126	2
0	1341	638.223885182533	1
0	1343	638.223885182533	2
0	1355	647.905084323526	1
0	1357	647.905084323526	2
0	1359	648.425258202296	1
0	1361	648.425258202296	2
0	1367	653.922728030499	1
0	1369	653.922728030499	2
0	1373	656.082110335343	1
0	1375	656.082110335343	2
0	1379	662.84307745325	1
0	1381	662.84307745325	2
0	1383	663.589127694064	1
0	1385	663.589127694064	2
0	1391	665.714931125629	1
0	1393	665.714931125629	2
0	1395	667.468047422262	1
0	1397	667.468047422262	2
0	1403	670.433953077666	1
0	1405	670.433953077666	2
0	1407	670.455483585202	1
0	1409	670.455483585202	2
0	1415	670.832990445814	1
0	1417	670.832990445814	2
0	1421	673.386728057107	1
0	1423	673.386728057107	2
0	1427	686.728388319664	1
0	1429	686.728388319664	2
0	1431	687.143159956258	1
0	1433	687.143159956258	2
0	1435	687.402931599893	1
0	1437	687.402931599893	2
0	1439	688.422165630224	1
0	1441	688.422165630224	2
0	1449	692.762847386271	1
0	1451	692.762847386271	2
0	1453	693.497430368088	1
0	1455	693.497430368088	2
0	1461	695.406875765062	1
0	1463	695.406875765062	2
0	1465	695.662375594358	1
0	1467	695.662375594358	2
0	1473	698.761786711104	1
0	1475	698.761786711104	2
0	1477	699.818867836875	1
0	1479	699.818867836875	2
0	1485	701.871424238146	1
0	1487	701.871424238146	2
0	1493	705.322533478526	1
0	1495	705.322533478526	2
0	1497	707.400612624934	1
0	1499	707.400612624934	2
0	1501	708.767315753298	1
0	1503	708.767315753298	2
0	1507	710.031897225682	1
0	1509	710.031897225682	2
0	1511	710.437867080311	1
0	1513	710.437867080311	2
0	1517	711.537190918958	1
0	1519	711.537190918958	2
0	1523	714.593500544886	1
0	1525	714.593500544886	2
0	1531	715.047697310942	1
0	1533	715.047697310942	2
0	1539	716.634178548916	1
0	1541	716.634178548916	2
0	1543	717.739231398081	1
0	1545	717.739231398081	2
0	1549	722.241893653816	1
0	1551	722.241893653816	2
0	1559	727.494897450716	1
0	1561	727.494897450716	2
0	1565	732.000792980356	1
0	1567	732.000792980356	2
0	1569	732.704458381623	1
0	1571	732.704458381623	2
0	1575	733.640653239689	1
0	1577	733.640653239689	2
0	1579	734.780180517133	1
0	1581	734.780180517133	2
0	1587	737.252153540772	1
0	1589	737.252153540772	2
0	1595	748.932877780851	1
0	1597	748.932877780851	2
0	1599	749.242897632048	1
0	1601	749.242897632048	2
0	1607	753.011167336266	1
0	1609	753.011167336266	2
0	1613	758.504125753793	1
0	1615	758.504125753793	2
0	1617	760.184026909632	1
0	1619	760.184026909632	2
0	1621	760.427860714363	1
0	1623	760.427860714363	2
0	1631	776.969518266189	1
0	1633	776.969518266189	2
0	1635	779.614984338697	1
0	1637	779.614984338697	2
0	1641	781.503333486545	1
0	1643	781.503333486545	2
0	1647	782.462330100776	1
0	1649	782.462330100776	2
0	1655	785.698451767553	1
0	1657	785.698451767553	2
0	1659	785.985569618655	1
0	1661	785.985569618655	2
0	1665	787.136419855016	1
0	1667	787.136419855016	2
0	1671	790.401360834402	1
0	1673	790.401360834402	2
0	1675	791.10322250372	1
0	1677	791.10322250372	2
0	1679	792.388288073499	1
0	1681	792.388288073499	2
0	1689	798.193952421905	1
0	1691	798.193952421905	2
0	1697	802.168997396599	1
0	1699	802.168997396599	2
0	1701	802.578265686562	1
0	1703	802.578265686562	2
0	1707	804.103543697332	1
0	1709	804.103543697332	2
0	1711	804.17988867456	1
0	1713	804.17988867456	2
0	1715	805.510404834418	1
0	1717	805.510404834418	2
0	1719	805.75329978327	1
0	1721	805.75329978327	2
0	1733	813.621031251405	1
0	1735	813.621031251405	2
0	1737	816.198443987606	1
0	1739	816.198443987606	2
0	1743	819.988669876699	1
0	1745	819.988669876699	2
0	1751	821.18519589204	1
0	1753	821.18519589204	2
0	1755	821.439751928353	1
0	1757	821.439751928353	2
0	1761	822.403162341233	1
0	1763	822.403162341233	2
0	1767	823.903724955579	1
0	1769	823.903724955579	2
0	1773	826.28781706442	1
0	1775	826.28781706442	2
0	1777	826.411964279132	1
0	1779	826.411964279132	2
0	1785	830.711159844218	1
0	1787	830.711159844218	2
0	1791	831.949045228356	1
0	1793	831.949045228356	2
0	1797	833.773754724918	1
0	1799	833.773754724918	2
0	1805	835.906309614349	1
0	1807	835.906309614349	2
0	1809	837.22854591079	1
0	1811	837.22854591079	2
0	1817	845.902645253789	1
0	1819	845.902645253789	2
0	1821	847.345064813562	1
0	1823	847.345064813562	2
0	1829	851.212616355437	1
0	1831	851.212616355437	2
0	1833	852.629130551333	1
0	1835	852.629130551333	2
0	1837	853.320289991999	1
0	1839	853.320289991999	2
0	1847	861.101511142755	1
0	1849	861.101511142755	2
0	1851	861.9701112526	1
0	1853	861.9701112526	2
0	1859	870.366169444128	1
0	1861	870.366169444128	2
0	1865	872.877027597031	1
0	1867	872.877027597031	2
0	1869	873.659577425131	1
0	1871	873.659577425131	2
0	1877	878.385943304702	1
0	1879	878.385943304702	2
0	1881	880.227868234082	1
0	1883	880.227868234082	2
0	1887	881.94674032088	1
0	1889	881.94674032088	2
0	1891	886.643264057237	1
0	1893	886.643264057237	2
0	1897	889.071589518147	1
0	1899	889.071589518147	2
0	1903	889.458159525884	1
0	1905	889.458159525884	2
0	1911	890.693002422087	1
0	1913	890.693002422087	2
0	1915	893.204663523466	1
0	1917	893.204663523466	2
0	1921	893.547143364652	1
0	1923	893.547143364652	2
0	1931	901.778043789655	1
0	1933	901.778043789655	2
0	1935	902.497461462885	1
0	1937	902.497461462885	2
0	1943	908.843954935087	1
0	1945	908.843954935087	2
0	1947	911.367484523199	1
0	1949	911.367484523199	2
0	1955	913.693605184301	1
0	1957	913.693605184301	2
0	1961	916.882758108576	1
0	1963	916.882758108576	2
0	1965	918.198511232491	1
0	1967	918.198511232491	2
0	1973	922.121009880042	1
0	1975	922.121009880042	2
0	1977	924.618169621502	1
0	1979	924.618169621502	2
0	1983	927.861504240852	1
0	1985	927.861504240852	2
0	1989	929.114321527474	1
0	1991	929.114321527474	2
0	1995	929.829804894915	1
0	1997	929.829804894915	2
0	2003	933.485218229569	1
0	2005	933.485218229569	2
0	2009	936.934537758115	1
0	2011	936.934537758115	2
0	2015	939.422958801164	1
0	2017	939.422958801164	2
0	2021	951.228604318705	1
0	2023	951.228604318705	2
0	2027	952.95178169872	1
0	2029	952.95178169872	2
0	2031	953.040968995062	1
0	2033	953.040968995062	2
0	2035	954.120280112353	1
0	2037	954.120280112353	2
0	2045	957.866866147557	1
0	2047	957.866866147557	2
0	2049	960.809349587121	1
0	2051	960.809349587121	2
0	2055	961.676981752049	1
0	2057	961.676981752049	2
0	2061	970.422597236142	1
0	2063	970.422597236142	2
0	2069	977.055244977202	1
0	2071	977.055244977202	2
0	2075	979.193939460709	1
0	2077	979.193939460709	2
0	2081	981.920687823226	1
0	2083	981.920687823226	2
0	2087	984.00045119137	1
0	2089	984.00045119137	2
0	2093	988.117487956812	1
0	2095	988.117487956812	2
0	2097	992.946409853049	1
0	2099	992.946409853049	2
0	2105	996.249896792264	1
0	2107	996.249896792264	2
1	207	100.706886049731	7.986639582536
1	215	102.051391274773	3.716469384849
1	221	106.864705348572	6.157819298841
1	227	115.565329318163	13.51393804339
1	233	118.033373435811	11.168668087239
1	239	122.925958030572	7.360628712409
1	245	127.062860260218	9.029486824407
1	249	127.591040687146	4.665082656574
1	257	133.650907016728	6.58804675651
1	263	135.556686377013	7.965645689867
1	269	145.191077999665	11.540170982937
1	275	147.268693047936	11.712006670923
1	279	151.463365441909	6.272287442244
1	285	153.892788645953	6.624095598017
1	289	154.08299249297	2.619627051061
1	297	154.445336602299	0.552547956346
1	303	156.436055255268	2.353062762298
1	307	158.339355063797	3.894018461498
1	313	159.077486045197	2.641430789929
1	317	159.186296611823	0.846941548026
1	321	160.545005332702	1.467519287505
1	327	160.716117438002	1.529820826179
1	333	164.915737715174	4.370732382472
1	341	166.125559997564	5.409442559562
1	351	170.545824589247	5.630086874073
1	357	172.511786494563	6.386226496999
1	363	173.713330434197	3.16750584495
1	369	176.667494985946	4.155708491383
1	375	178.341070024467	4.62773959027
1	381	179.208357577706	2.54086259176
1	385	179.645516117863	1.304446093396
1	393	183.941625421995	4.733267844289
1	399	191.4318839018	11.786367783937
1	405	192.086053399826	8.144427977831
1	411	195.620466344231	4.188582442431
1	415	197.623582105258	5.537528705432
1	419	197.669991345271	2.04952500104
1	427	199.529644780818	1.90606267556
1	435	201.686872782082	4.016881436811
1	439	202.425669037885	2.896024257067
1	447	205.690668884361	4.003796102279
1	455	208.378835931876	5.953166893991
1	461	210.470752587625	4.780083703264
1	467	215.650499373143	7.271663441267
1	473	216.360416574415	5.88966398679
1	477	217.195624828052	1.545125454909
1	485	227.72801395124	11.367597376825
1	489	230.945430147358	13.749805319306
1	495	234.471750119873	6.743736168633
1	503	247.811378115608	16.86594796825
1	509	251.903580885036	17.431830765163
1	513	254.424602263281	6.613224147673
1	519	256.412774576918	4.509193691882
1	525	257.452283771759	3.027681508478
1	533	259.48149927616	3.068724699242
1	539	262.221445790436	4.769162018677
1	545	269.627969726034	10.146470449874
1	549	270.189804371884	7.968358581448
1	557	271.779366754755	2.151397028721
1	563	279.661923631976	9.472119260092
1	569	280.754058862824	8.974692108069
1	575	282.638098286618	2.976174654642
1	579	284.717066816121	3.963007953297
1	587	289.288082045345	6.649983758727
1	591	289.319100742069	4.602033925948
1	597	291.881948135058	2.593866089713
1	605	296.469043753423	7.149943011354
1	611	304.887977354456	13.006029219398
1	617	308.835468627217	12.366424873794
1	623	318.863005031176	13.97502767672
1	627	319.675381263032	10.839912635815
1	631	320.252830852415	1.389825821239
1	639	325.192237839474	5.516856576442
1	643	325.697773095935	5.44494224352
1	653	330.503225593446	5.310987753972
1	659	340.618942639394	14.921169543459
1	665	341.516012038796	11.01278644535
1	669	342.809238428055	2.190295788661
1	673	344.44185038241	2.925838343614
1	683	347.759473078099	4.950234650044
1	687	348.739131300924	4.297280918514
1	693	351.055057509546	3.295584431447
1	697	351.325802633845	2.586671332921
1	705	357.207985672999	6.152928163453
1	709	357.878145189475	6.55234255563
1	717	360.569157686725	3.361172013726
1	725	367.54036977087	9.662224581395
1	729	368.932894662976	8.363736976251
1	737	377.043881733516	9.503511962646
1	743	381.753526988632	12.820632325656
1	747	382.640036443719	5.596154710203
1	753	386.766822591743	5.013295603111
1	761	388.405330391259	5.76529394754
1	767	392.710016412024	5.943193820281
1	773	397.033287491138	8.627957099879
1	777	397.487984278164	4.77796786614
1	783	400.944127466428	3.91083997529
1	787	401.076825238909	3.588840960745
1	795	403.120007602061	2.175880135633
1	801	403.716535268669	2.63971002976
1	807	403.85221417368	0.732206571619
1	813	405.509200348078	1.792665079409
1	821	410.533098167921	6.680883994241
1	827	411.636068502194	6.126868154116
1	831	412.44116774856	1.908069580639
1	835	412.549053655625	0.912985153431
1	839	413.404453918443	0.963286169883
1	849	417.952223311814	5.403169656189
1	857	421.616446301373	8.21199238293
1	863	424.251157091845	6.298933780031
1	869	436.801713658633	15.18526735726
1	873	439.658152237624	15.406995145779
1	881	449.220846313413	12.41913265478
1	885	451.223462748987	11.565310511363
1	893	460.337165063219	11.116318749806
1	899	464.491964776968	13.268502027981
1	903	466.346662949267	6.009497886048
1	909	467.863463456347	3.371498679379
1	913	470.410464117333	4.063801168066
1	923	476.788589743279	8.925126286932
1	927	477.700073685041	7.289609567708
1	933	481.149973291145	4.361383547866
1	941	483.406112849495	5.706039164454
1	947	483.840018453459	2.690045162314
1	953	490.804725980897	7.398613131402
1	959	495.363592182201	11.523573728742
1	963	497.060521293442	6.255795312545
1	969	499.171668695617	3.808076513416
1	977	502.802315791987	5.741794498545
1	981	504.736834444888	5.565165749271
1	987	505.957279128305	3.154963336318
1	991	508.225793224877	3.488958779989
1	995	508.479920615466	2.522641487161
1	1003	512.425269585046	4.199476360169
1	1009	518.789930941027	10.310010325561
1	1013	519.053592470324	6.628322885278
1	1019	520.741044605823	1.951113664796
1	1025	523.064385262586	4.010792792262
1	1037	531.412026986194	10.670982380371
1	1043	534.192530212919	11.128144950333
1	1047	534.44973707235	3.037710086156
1	1055	541.212498031094	7.019967818175
1	1059	541.745399765524	7.295662693174
1	1065	542.758197645462	1.545699614368
1	1069	544.590442425465	2.845042659941
1	1075	548.739338071275	5.981140425813
1	1079	549.202472124201	4.612029698736
1	1083	550.51532490848	1.775986837205
1	1089	552.080482129304	2.878010005103
1	1101	556.114036719272	5.598711810792
1	1105	559.70587206383	7.625389934526
1	1109	559.980291645735	3.866254926463
1	1113	560.218524682342	0.512652618512
1	1117	560.631563435974	0.651271790239
1	1131	564.418833207487	4.200308525145
1	1137	566.846896831529	6.215333395555
1	1143	570.378943231942	5.960110024455
1	1147	570.389876997472	3.542980165943
1	1155	573.141965546582	2.76302231464
1	1159	574.816697220002	4.42682022253
1	1163	574.855141014612	1.71317546803
1	1169	576.591753817666	1.775056597664
1	1177	577.558034593973	2.702893579361
1	1185	579.72271310854	3.130959290874
1	1193	588.073862679328	10.515828085355
1	1197	590.094533635461	10.371820526921
1	1203	592.025058023054	3.951195343726
1	1209	592.8035487072	2.709015071739
1	1213	595.058575643159	3.033517620105
1	1221	600.639462720279	7.835914013079
1	1227	602.739664460847	7.681088817688
1	1235	606.809981272612	6.170518552333
1	1239	607.19146518561	4.451800724763
1	1243	607.260980865426	0.450999592814
1	1249	609.418346015624	2.226880830014
1	1253	610.260398091571	2.999417226145
1	1265	618.591311204667	9.172965189043
1	1271	623.232147762307	12.971749670736
1	1275	623.911354059501	5.320042854834
1	1283	628.625373544664	5.393225782357
1	1287	629.214578052604	5.303223993103
1	1291	629.411597996111	0.786224451447
1	1299	631.292124719515	2.077546666911
1	1303	632.37254591453	2.960947918419
1	1307	632.737000998892	1.444876279377
1	1315	633.606402932991	1.233857018461
1	1319	634.052952095676	1.315951096784
1	1325	634.578162688657	0.971759755666
1	1331	636.558861310851	2.505909215175
1	1335	636.98848386126	2.410321172603
1	1341	638.223885182533	1.665023871682
1	1355	647.905084323526	10.916600462266
1	1359	648.425258202296	10.201373019763
1	1367	653.922728030499	6.017643706973
1	1373	656.082110335343	7.656852133047
1	1379	662.84307745325	8.920349422751
1	1383	663.589127694064	7.507017358721
1	1391	665.714931125629	2.871853672379
1	1395	667.468047422262	3.878919728198
1	1403	670.433953077666	4.719021952037
1	1407	670.455483585202	2.98743616294
1	1415	670.832990445814	0.399037368148
1	1421	673.386728057107	2.931244471905
1	1427	686.728388319664	15.89539787385
1	1431	687.143159956258	13.756431899151
1	1435	687.402931599893	0.674543280229
1	1439	688.422165630224	1.279005673966
1	1449	692.762847386271	5.359915786378
1	1453	693.497430368088	5.075264737864
1	1461	695.406875765062	2.644028378791
1	1465	695.662375594358	2.16494522627
1	1473	698.761786711104	3.354910946042
1	1477	699.818867836875	4.156492242517
1	1485	701.871424238146	3.109637527042
1	1493	705.322533478526	5.503665641651
1	1497	707.400612624934	5.529188386788
1	1501	708.767315753298	3.444782274772
1	1507	710.031897225682	2.631284600748
1	1511	710.437867080311	1.670551327013
1	1517	711.537190918958	1.505293693276
1	1523	714.593500544886	4.155633464575
1	1531	715.047697310942	3.510506391984
1	1539	716.634178548916	2.04067800403
1	1543	717.739231398081	2.691534087139
1	1549	722.241893653816	5.6077151049
1	1559	727.494897450716	9.755666052635
1	1565	732.000792980356	9.75889932654
1	1569	732.704458381623	5.209560930907
1	1575	733.640653239689	1.639860259333
1	1579	734.780180517133	2.07572213551
1	1587	737.252153540772	3.611500301083
1	1595	748.932877780851	14.152697263718
1	1599	749.242897632048	11.990744091276
1	1607	753.011167336266	4.078289555415
1	1613	758.504125753793	9.261228121745
1	1617	760.184026909632	7.172859573366
1	1621	760.427860714363	1.92373496057
1	1631	776.969518266189	16.785491356557
1	1635	779.614984338697	19.187123624334
1	1641	781.503333486545	4.533815220356
1	1647	782.462330100776	2.847345762079
1	1655	785.698451767553	4.195118281008
1	1659	785.985569618655	3.523239517879
1	1665	787.136419855016	1.437968087463
1	1671	790.401360834402	4.415791215747
1	1675	791.10322250372	3.966802648704
1	1679	792.388288073499	1.986927239097
1	1689	798.193952421905	7.090729918185
1	1697	802.168997396599	9.7807093231
1	1701	802.578265686562	4.384313264657
1	1707	804.103543697332	1.934546300733
1	1711	804.17988867456	1.601622987998
1	1715	805.510404834418	1.406861137086
1	1719	805.75329978327	1.57341110871
1	1733	813.621031251405	8.110626416987
1	1737	816.198443987606	10.445144204336
1	1743	819.988669876699	6.367638625294
1	1751	821.18519589204	4.986751904434
1	1755	821.439751928353	1.451082051654
1	1761	822.403162341233	1.217966449193
1	1767	823.903724955579	2.463973027226
1	1773	826.28781706442	3.884654723187
1	1777	826.411964279132	2.508239323553
1	1785	830.711159844218	4.423342779798
1	1791	831.949045228356	5.537080949224
1	1797	833.773754724918	3.0625948807
1	1805	835.906309614349	3.957264385993
1	1809	837.22854591079	3.454791185872
1	1817	845.902645253789	9.99633563944
1	1821	847.345064813562	10.116518902772
1	1829	851.212616355437	5.309971101648
1	1833	852.629130551333	5.284065737771
1	1837	853.320289991999	2.107673636562
1	1847	861.101511142755	8.472380591422
1	1851	861.9701112526	8.649821260601
1	1859	870.366169444128	9.264658301373
1	1865	872.877027597031	10.906916344431
1	1869	873.659577425131	3.293407981003
1	1877	878.385943304702	5.508915707671
1	1881	880.227868234082	6.568290808951
1	1887	881.94674032088	3.560797016178
1	1891	886.643264057237	6.415395823155
1	1897	889.071589518147	7.124849197267
1	1903	889.458159525884	2.814895468647
1	1911	890.693002422087	1.62141290394
1	1915	893.204663523466	3.746503997582
1	1921	893.547143364652	2.854140942565
1	1931	901.778043789655	8.573380266189
1	1935	902.497461462885	8.950318098233
1	1943	908.843954935087	7.065911145432
1	1947	911.367484523199	8.870023060314
1	1955	913.693605184301	4.849650249214
1	1961	916.882758108576	5.515273585377
1	1965	918.198511232491	4.50490604819
1	1973	922.121009880042	5.238251771466
1	1977	924.618169621502	6.419658389011
1	1983	927.861504240852	5.74049436081
1	1989	929.114321527474	4.496151905972
1	1995	929.829804894915	1.968300654063
1	2003	933.485218229569	4.370896702095
1	2009	936.934537758115	7.1047328632
1	2015	939.422958801164	5.937740571595
1	2021	951.228604318705	14.29406656059
1	2027	952.95178169872	13.528822897556
1	2031	953.040968995062	1.812364676357
1	2035	954.120280112353	1.168498413633
1	2045	957.866866147557	4.825897152495
1	2049	960.809349587121	6.689069474768
1	2055	961.676981752049	3.810115604492
1	2061	970.422597236142	9.613247649021
1	2069	977.055244977202	15.378263225153
1	2075	979.193939460709	8.771342224567
1	2081	981.920687823226	4.865442846024
1	2087	984.00045119137	4.806511730661
1	2093	988.117487956812	6.196800133586
1	2097	992.946409853049	8.945958661679
1	2105	996.249896792264	8.132408835452
2	208	100.706886049731	5
2	212	100.747383991824	6
2	214	101.345268179281	7
2	216	102.051391274773	6
2	220	105.809375925967	7
2	222	106.864705348572	6
2	226	109.928578894354	7
2	228	115.565329318163	6
2	232	117.850917078915	7
2	234	118.033373435811	6
2	238	120.582972287563	7
2	240	122.925958030572	6
2	244	122.963185678271	7
2	246	127.062860260218	6
2	250	127.591040687146	5
2	254	129.885996466766	6
2	256	130.627532392198	7
2	258	133.650907016728	6
2	262	133.898231588152	7
2	264	135.556686377013	6
2	268	135.597880419108	7
2	270	145.191077999665	6
2	274	146.167657829578	7
2	276	147.268693047936	6
2	280	151.463365441909	5
2	284	152.230368164959	6
2	286	153.892788645953	5
2	290	154.08299249297	4
2	294	154.132297789716	5
2	296	154.225634799895	6
2	298	154.445336602299	5
2	302	155.6992895812	6
2	304	156.436055255268	5
2	308	158.339355063797	4
2	312	159.074447688432	5
2	314	159.077486045197	4
2	318	159.186296611823	3
2	322	160.545005332702	2
2	326	160.578238804038	3
2	328	160.716117438002	2
2	332	161.389931255847	3
2	334	164.915737715174	2
2	338	165.10848994048	3
2	340	165.326112586253	4
2	342	166.125559997564	3
2	346	167.25941305617	4
2	348	168.300365229727	5
2	350	168.38475063526	6
2	352	170.545824589247	5
2	356	171.486314538351	6
2	358	172.511786494563	5
2	362	172.581967514223	6
2	364	173.713330434197	5
2	368	175.790704362649	6
2	370	176.667494985946	5
2	374	178.216755684254	6
2	376	178.341070024467	5
2	380	178.604372479095	6
2	382	179.208357577706	5
2	386	179.645516117863	4
2	390	181.26535559339	5
2	392	182.985373146634	6
2	394	183.941625421995	5
2	398	185.629347126589	6
2	400	191.4318839018	5
2	404	191.556646750191	6
2	406	192.086053399826	5
2	410	192.339165607855	6
2	412	195.620466344231	5
2	416	197.623582105258	4
2	420	197.669991345271	3
2	424	197.778019885578	4
2	426	199.106381372283	5
2	428	199.529644780818	4
2	432	200.74380220891	5
2	434	200.856972019145	6
2	436	201.686872782082	5
2	440	202.425669037885	4
2	444	203.314571597484	5
2	446	204.364136335043	6
2	448	205.690668884361	5
2	452	206.127944859746	6
2	454	206.629376511211	7
2	456	208.378835931876	6
2	460	209.72822911231	7
2	462	210.470752587625	6
2	466	211.655056740048	7
2	468	215.650499373143	6
2	472	216.1310684496	7
2	474	216.360416574415	6
2	478	217.195624828052	5
2	482	219.417864317969	6
2	484	221.127642005005	7
2	486	227.72801395124	6
2	490	230.945430147358	5
2	494	234.465899978176	6
2	496	234.471750119873	5
2	500	235.691127783937	6
2	502	237.449266657671	7
2	504	247.811378115608	6
2	508	248.019836701488	7
2	510	251.903580885036	6
2	514	254.424602263281	5
2	518	255.853517506336	6
2	520	256.412774576918	5
2	524	256.54677569004	6
2	526	257.452283771759	5
2	530	257.699497442469	6
2	532	258.320934387315	7
2	534	259.48149927616	6
2	538	259.98113843261	7
2	540	262.221445790436	6
2	544	263.641959181987	7
2	546	269.627969726034	6
2	550	270.189804371884	5
2	554	270.335815934808	6
2	556	270.926109098827	7
2	558	271.779366754755	6
2	562	272.59213735561	7
2	564	279.661923631976	6
2	568	280.318052365893	7
2	570	280.754058862824	6
2	574	282.219542554302	7
2	576	282.638098286618	6
2	580	284.717066816121	5
2	584	288.021622316292	6
2	586	289.191315356041	7
2	588	289.288082045345	6
2	592	289.319100742069	5
2	596	289.95676066827	6
2	598	291.881948135058	5
2	602	294.169883282399	6
2	604	295.107170780575	7
2	606	296.469043753423	6
2	610	298.775664466571	7
2	612	304.887977354456	6
2	616	306.826919709824	7
2	618	308.835468627217	6
2	622	311.962650876273	7
2	624	318.863005031176	6
2	628	319.675381263032	5
2	632	320.252830852415	4
2	636	320.872869034243	5
2	638	322.000699582421	6
2	640	325.192237839474	5
2	644	325.697773095935	4
2	648	327.016210018422	5
2	650	327.79693162171	6
2	652	328.735702815248	7
2	654	330.503225593446	6
2	658	333.277401674314	7
2	660	340.618942639394	6
2	664	341.507510133463	7
2	666	341.516012038796	6
2	670	342.809238428055	5
2	674	344.44185038241	4
2	678	345.145909513727	5
2	680	345.475424709859	6
2	682	345.787111939929	7
2	684	347.759473078099	6
2	688	348.739131300924	5
2	692	348.774283853598	6
2	694	351.055057509546	5
2	698	351.325802633845	4
2	702	352.096027429218	5
2	704	353.813795271411	6
2	706	357.207985672999	5
2	710	357.878145189475	4
2	714	359.200230967446	5
2	716	360.509502167839	6
2	718	360.569157686725	5
2	722	360.624150833101	6
2	724	364.823662701661	7
2	726	367.54036977087	6
2	730	368.932894662976	5
2	734	369.320896624565	6
2	736	374.178696317477	7
2	738	377.043881733516	6
2	742	380.076821438549	7
2	744	381.753526988632	6
2	748	382.640036443719	5
2	752	383.130156480477	6
2	754	386.766822591743	5
2	758	388.272266397415	6
2	760	388.273050079622	7
2	762	388.405330391259	6
2	766	390.793675912277	7
2	768	392.710016412024	6
2	772	394.6286797094	7
2	774	397.033287491138	6
2	778	397.487984278164	5
2	782	400.072736369279	6
2	784	400.944127466428	5
2	788	401.076825238909	4
2	792	401.14875815352	5
2	794	402.686368004813	6
2	796	403.120007602061	5
2	800	403.268091381931	6
2	802	403.716535268669	5
2	806	403.840457813858	6
2	808	403.85221417368	5
2	812	404.037514443485	6
2	814	405.509200348078	5
2	818	408.740169921554	6
2	820	408.930471872913	7
2	822	410.533098167921	6
2	826	411.367707341423	7
2	828	411.636068502194	6
2	832	412.44116774856	5
2	836	412.549053655625	4
2	840	413.404453918443	3
2	844	414.812708077164	4
2	846	414.912715060824	5
2	848	416.835642096036	6
2	850	417.952223311814	5
2	854	419.015044181983	6
2	856	419.137627808212	7
2	858	421.616446301373	6
2	862	422.099564198172	7
2	864	424.251157091845	6
2	868	428.841988044885	7
2	870	436.801713658633	6
2	874	439.658152237624	5
2	878	443.206131194087	6
2	880	444.792408799813	7
2	882	449.220846313413	6
2	886	451.223462748987	5
2	890	451.296072775732	6
2	892	452.922549463521	7
2	894	460.337165063219	6
2	898	461.528900405975	7
2	900	464.491964776968	6
2	904	466.346662949267	5
2	908	466.76153703664	6
2	910	467.863463456347	5
2	914	470.410464117333	4
2	918	475.85103494001	5
2	920	476.604026225146	6
2	922	476.786875874422	7
2	924	476.788589743279	6
2	928	477.700073685041	5
2	932	478.033373676945	6
2	934	481.149973291145	5
2	938	482.583991991902	6
2	940	482.733502415347	7
2	942	483.406112849495	6
2	946	483.429343549398	7
2	948	483.840018453459	6
2	952	484.202621678643	7
2	954	490.804725980897	6
2	958	494.335936609409	7
2	960	495.363592182201	6
2	964	497.060521293442	5
2	968	498.555856352392	6
2	970	499.171668695617	5
2	974	499.417661961563	6
2	976	500.21820802219	7
2	978	502.802315791987	6
2	982	504.736834444888	5
2	986	505.894359020342	6
2	988	505.957279128305	5
2	992	508.225793224877	4
2	996	508.479920615466	3
2	1000	510.31610297482	4
2	1002	511.744150743017	5
2	1004	512.425269585046	4
2	1008	518.665868612963	5
2	1010	518.789930941027	4
2	1014	519.053592470324	3
2	1018	520.606266870037	4
2	1020	520.741044605823	3
2	1024	522.725882948084	4
2	1026	523.064385262586	3
2	1030	524.285974335967	4
2	1032	524.35971455618	5
2	1034	526.501895153361	6
2	1036	527.520591135329	7
2	1038	531.412026986194	6
2	1042	533.590070154055	7
2	1044	534.192530212919	6
2	1048	534.44973707235	5
2	1052	535.633274959858	6
2	1054	540.585793042472	7
2	1056	541.212498031094	6
2	1060	541.745399765524	5
2	1064	542.210060093633	6
2	1066	542.758197645462	5
2	1070	544.590442425465	4
2	1074	546.132731643529	5
2	1076	548.739338071275	4
2	1080	549.202472124201	3
2	1084	550.51532490848	2
2	1088	551.686246806035	3
2	1090	552.080482129304	2
2	1094	552.205918602391	3
2	1096	552.354603775261	4
2	1098	552.930801972726	5
2	1100	553.41088368741	6
2	1102	556.114036719272	5
2	1106	559.70587206383	4
2	1110	559.980291645735	3
2	1114	560.218524682342	2
2	1118	560.631563435974	1
2	1122	560.906655072045	2
2	1124	561.12026085144	3
2	1126	562.018190552189	4
2	1128	562.362332328234	5
2	1130	563.091488007801	6
2	1132	564.418833207487	5
2	1136	565.880027828943	6
2	1138	566.846896831529	5
2	1142	568.620711605844	6
2	1144	570.378943231942	5
2	1148	570.389876997472	4
2	1152	570.785811907689	5
2	1154	571.839081526577	6
2	1156	573.141965546582	5
2	1160	574.816697220002	4
2	1164	574.855141014612	3
2	1168	575.979327261089	4
2	1170	576.591753817666	3
2	1174	576.854552355343	4
2	1176	577.218983923186	5
2	1178	577.558034593973	4
2	1182	578.016474751752	5
2	1184	578.573445053276	6
2	1186	579.72271310854	5
2	1190	580.517592979583	6
2	1192	581.474483338961	7
2	1194	588.073862679328	6
2	1198	590.094533635461	5
2	1202	590.389559367971	6
2	1204	592.025058023054	5
2	1208	592.778672700309	6
2	1210	592.8035487072	5
2	1214	595.058575643159	4
2	1218	595.338439544794	5
2	1220	596.963222554412	6
2	1222	600.639462720279	5
2	1226	601.008126135425	6
2	1228	602.739664460847	5
2	1232	605.740189283919	6
2	1234	606.421013547712	7
2	1236	606.809981272612	6
2	1240	607.19146518561	5
2	1244	607.260980865426	4
2	1248	609.330386560829	5
2	1250	609.418346015624	4
2	1254	610.260398091571	3
2	1258	611.011317333474	4
2	1260	611.063891925174	5
2	1262	611.287785837129	6
2	1264	617.377873639843	7
2	1266	618.591311204667	6
2	1270	621.559749633521	7
2	1272	623.232147762307	6
2	1276	623.911354059501	5
2	1280	625.502917500836	6
2	1282	626.844156889338	7
2	1284	628.625373544664	6
2	1288	629.214578052604	5
2	1292	629.411597996111	4
2	1296	629.55770482069	5
2	1298	629.605489574314	6
2	1300	631.292124719515	5
2	1304	632.37254591453	4
2	1308	632.737000998892	3
2	1312	633.14583137446	4
2	1314	633.270447701871	5
2	1316	633.606402932991	4
2	1320	634.052952095676	3
2	1324	634.119619895803	4
2	1326	634.578162688657	3
2	1330	634.675305277129	4
2	1332	636.558861310851	3
2	1336	636.98848386126	2
2	1340	637.780718168732	3
2	1342	638.223885182533	2
2	1346	638.42902622718	3
2	1348	638.701161134276	4
2	1350	640.929186475525	5
2	1352	641.710462121095	6
2	1354	643.139980468878	7
2	1356	647.905084323526	6
2	1360	648.425258202296	5
2	1364	649.049859709851	6
2	1366	649.069317543292	7
2	1368	653.922728030499	6
2	1372	654.966923276671	7
2	1374	656.082110335343	6
2	1378	658.294215789974	7
2	1380	662.84307745325	6
2	1384	663.589127694064	5
2	1388	663.630190640048	6
2	1390	664.608489071389	7
2	1392	665.714931125629	6
2	1396	667.468047422262	5
2	1400	668.464305359628	6
2	1402	668.829733827536	7
2	1404	670.433953077666	6
2	1408	670.455483585202	5
2	1412	670.484350853061	6
2	1414	670.491533652032	7
2	1416	670.832990445814	6
2	1420	671.29254213539	7
2	1422	673.386728057107	6
2	1426	679.710479998257	7
2	1428	686.728388319664	6
2	1432	687.143159956258	5
2	1436	687.402931599893	4
2	1440	688.422165630224	3
2	1444	689.183004611345	4
2	1446	689.325030398854	5
2	1448	690.595003389661	6
2	1450	692.762847386271	5
2	1454	693.497430368088	4
2	1458	693.735667310583	5
2	1460	695.365255007856	6
2	1462	695.406875765062	5
2	1466	695.662375594358	4
2	1470	696.343053997654	5
2	1472	697.703479719412	6
2	1474	698.761786711104	5
2	1478	699.818867836875	4
2	1482	700.022798917195	5
2	1484	701.104359996801	6
2	1486	701.871424238146	5
2	1490	701.932470773564	6
2	1492	703.746537888564	7
2	1494	705.322533478526	6
2	1498	707.400612624934	5
2	1502	708.767315753298	4
2	1506	709.048001714954	5
2	1508	710.031897225682	4
2	1512	710.437867080311	3
2	1516	710.696062042228	4
2	1518	711.537190918958	3
2	1522	713.393700843234	4
2	1524	714.593500544886	3
2	1528	714.73734295825	4
2	1530	714.752616096964	5
2	1532	715.047697310942	4
2	1536	715.258243297308	5
2	1538	715.417747276727	6
2	1540	716.634178548916	5
2	1544	717.739231398081	4
2	1548	718.465418789366	5
2	1550	722.241893653816	4
2	1554	723.173367061511	5
2	1556	724.068505798513	6
2	1558	724.739254164899	7
2	1560	727.494897450716	6
2	1564	728.63238529609	7
2	1566	732.000792980356	6
2	1570	732.704458381623	5
2	1574	733.179162096048	6
2	1576	733.640653239689	5
2	1580	734.780180517133	4
2	1584	735.271800915728	5
2	1586	736.421642132195	6
2	1588	737.252153540772	5
2	1592	738.246201976421	6
2	1594	738.898377281674	7
2	1596	748.932877780851	6
2	1600	749.242897632048	5
2	1604	750.586848220366	6
2	1606	752.220183070358	7
2	1608	753.011167336266	6
2	1612	754.042910319002	7
2	1614	758.504125753793	6
2	1618	760.184026909632	5
2	1622	760.427860714363	4
2	1626	762.427620067467	5
2	1628	763.934720031334	6
2	1630	764.750161332501	7
2	1632	776.969518266189	6
2	1636	779.614984338697	5
2	1640	780.463284746023	6
2	1642	781.503333486545	5
2	1646	782.096037921551	6
2	1648	782.462330100776	5
2	1652	782.5157239456	6
2	1654	783.316096772622	7
2	1656	785.698451767553	6
2	1660	785.985569618655	5
2	1664	787.064488152492	6
2	1666	787.136419855016	5
2	1670	789.217922516067	6
2	1672	790.401360834402	5
2	1676	791.10322250372	4
2	1680	792.388288073499	3
2	1684	792.860795270569	4
2	1686	793.125037849338	5
2	1688	793.810975470531	6
2	1690	798.193952421905	5
2	1694	799.091108016804	6
2	1696	799.577574373098	7
2	1698	802.168997396599	6
2	1702	802.578265686562	5
2	1706	802.917753402954	6
2	1708	804.103543697332	5
2	1712	804.17988867456	4
2	1716	805.510404834418	3
2	1720	805.75329978327	2
2	1724	805.82655167358	3
2	1726	806.402585014795	4
2	1728	806.446213924293	5
2	1730	807.284309644096	6
2	1732	812.958732939631	7
2	1734	813.621031251405	6
2	1738	816.198443987606	5
2	1742	816.932402888857	6
2	1744	819.988669876699	5
2	1748	820.021635911434	6
2	1750	821.036816470769	7
2	1752	821.18519589204	6
2	1756	821.439751928353	5
2	1760	821.834284862983	6
2	1762	822.403162341233	5
2	1766	823.606602270293	6
2	1768	823.903724955579	5
2	1772	824.986195087668	6
2	1774	826.28781706442	5
2	1778	826.411964279132	4
2	1782	826.705322739773	5
2	1784	829.292815167035	6
2	1786	830.711159844218	5
2	1790	831.324624064323	6
2	1792	831.949045228356	5
2	1796	831.982552740377	6
2	1798	833.773754724918	5
2	1802	833.896860877081	6
2	1804	834.409049804115	7
2	1806	835.906309614349	6
2	1810	837.22854591079	5
2	1814	837.699046161172	6
2	1816	838.623809741269	7
2	1818	845.902645253789	6
2	1822	847.345064813562	5
2	1826	849.608341658181	6
2	1828	849.6861700276	7
2	1830	851.212616355437	6
2	1834	852.629130551333	5
2	1838	853.320289991999	4
2	1842	853.720248582407	5
2	1844	856.373054203842	6
2	1846	858.99814144127	7
2	1848	861.101511142755	6
2	1852	861.9701112526	5
2	1856	862.294015802141	6
2	1858	865.576747486205	7
2	1860	870.366169444128	6
2	1864	872.19179040779	7
2	1866	872.877027597031	6
2	1870	873.659577425131	5
2	1874	873.972688079344	6
2	1876	878.147171783685	7
2	1878	878.385943304702	6
2	1882	880.227868234082	5
2	1886	880.493298377956	6
2	1888	881.94674032088	5
2	1892	886.643264057237	4
2	1896	886.682163782516	5
2	1898	889.071589518147	4
2	1902	889.436806599141	5
2	1904	889.458159525884	4
2	1908	890.137839395552	5
2	1910	890.668561823165	6
2	1912	890.693002422087	5
2	1916	893.204663523466	4
2	1920	893.215399072788	5
2	1922	893.547143364652	4
2	1926	893.922615216747	5
2	1928	896.324096547506	6
2	1930	899.369373087116	7
2	1932	901.778043789655	6
2	1936	902.497461462885	5
2	1940	902.568422961408	6
2	1942	904.076369243435	7
2	1944	908.843954935087	6
2	1948	911.367484523199	5
2	1952	912.461820118171	6
2	1954	913.020183182825	7
2	1956	913.693605184301	6
2	1960	915.837724879074	7
2	1962	916.882758108576	6
2	1966	918.198511232491	5
2	1970	920.09638351926	6
2	1972	921.786849619369	7
2	1974	922.121009880042	6
2	1978	924.618169621502	5
2	1982	925.20116895205	6
2	1984	927.861504240852	5
2	1988	928.53926648653	6
2	1990	929.114321527474	5
2	1994	929.700363361767	6
2	1996	929.829804894915	5
2	2000	929.928605592048	6
2	2002	929.940181335357	7
2	2004	933.485218229569	6
2	2008	934.797686274965	7
2	2010	936.934537758115	6
2	2014	937.831084062951	7
2	2016	939.422958801164	6
2	2020	943.733541585343	7
2	2022	951.228604318705	6
2	2026	951.254417385426	7
2	2028	952.95178169872	6
2	2032	953.040968995062	5
2	2036	954.120280112353	4
2	2040	954.321038252434	5
2	2042	955.633645793536	6
2	2044	955.804079393025	7
2	2046	957.866866147557	6
2	2050	960.809349587121	5
2	2054	961.526197081643	6
2	2056	961.676981752049	5
2	2060	963.323133182976	6
2	2062	970.422597236142	5
2	2066	972.235141507709	6
2	2068	974.776162663175	7
2	2070	977.055244977202	6
2	2074	978.866611065424	7
2	2076	979.193939460709	6
2	2080	979.306809132894	7
2	2082	981.920687823226	6
2	2086	982.023930042769	7
2	2088	984.00045119137	6
2	2092	985.87349168284	7
2	2094	988.117487956812	6
2	2098	992.946409853049	5
2	2102	993.776318779588	6
2	2104	995.597357585823	7
2	2106	996.249896792264	6
2	2110	997.100683756308	7
3	208	100.706886049731	20.331381052475
3	216	102.051391274773	18.27727792885
3	222	106.864705348572	21.625451595389
3	228	115.565329318163	29.898657757521
3	234	118.033373435811	27.866246849842
3	240	122.925958030572	24.926857560847
3	246	127.062860260218	26.315476268394
3	250	127.591040687146	26.245772507865
3	258	133.650907016728	27.841531090761
3	264	135.556686377013	25.628107482659
3	270	145.191077999665	27.34016092075
3	276	147.268693047936	26.685720760373
3	280	151.463365441909	28.500179763638
3	286	153.892788645953	24.006792179187
3	290	154.08299249297	23.455460100772
3	298	154.445336602299	20.547105014147
3	304	156.436055255268	20.83817483616
3	308	158.339355063797	12.171697234219
3	314	159.077486045197	6.847117880238
3	318	159.186296611823	5.053998822107
3	322	160.545005332702	6.319370532807
3	328	160.716117438002	5.016827856802
3	334	164.915737715174	5.841290026742
3	342	166.125559997564	5.547321193526
3	352	170.545824589247	9.1558933334
3	358	172.511786494563	7.403296554083
3	364	173.713330434197	8.387217847944
3	370	176.667494985946	9.408081929776
3	376	178.341070024467	10.04070479474
3	382	179.208357577706	10.823606942446
3	386	179.645516117863	8.159201579512
3	394	183.941625421995	11.359657907772
3	400	191.4318839018	15.641179539151
3	406	192.086053399826	13.869297715572
3	412	195.620466344231	17.016093865136
3	416	197.623582105258	16.358226511868
3	420	197.669991345271	14.684618198637
3	428	199.529644780818	13.900297654229
3	436	201.686872782082	10.130226031891
3	440	202.425669037885	10.08650343003
3	448	205.690668884361	7.912648998783
3	456	208.378835931876	9.272454559593
3	462	210.470752587625	9.726950378715
3	468	215.650499373143	14.793527353998
3	474	216.360416574415	13.045844976931
3	478	217.195624828052	12.831488493009
3	486	227.72801395124	21.600069091494
3	490	230.945430147358	24.316053636147
3	496	234.471750119873	24.743521007563
3	504	247.811378115608	36.15632137556
3	510	251.903580885036	35.772512435436
3	514	254.424602263281	35.006737945312
3	520	256.412774576918	35.285132571913
3	526	257.452283771759	22.986383793583
3	534	259.48149927616	23.790371492223
3	540	262.221445790436	24.772179132765
3	546	269.627969726034	21.608133024546
3	550	270.189804371884	14.336286865548
3	558	271.779366754755	15.232591064715
3	564	279.661923631976	21.962426189507
3	570	280.754058862824	22.433124475509
3	576	282.638098286618	22.656959854008
3	580	284.717066816121	21.075107634134
3	588	289.288082045345	18.952266110537
3	592	289.319100742069	18.392991643242
3	598	291.881948135058	19.289810779448
3	606	296.469043753423	16.15099138753
3	612	304.887977354456	22.668434800154
3	618	308.835468627217	20.813846310925
3	624	318.863005031176	29.671689675135
3	628	319.675381263032	29.718620594762
3	632	320.252830852415	26.082947570016
3	640	325.192237839474	30.085067058899
3	644	325.697773095935	26.922108629364
3	654	330.503225593446	23.676305883622
3	660	340.618942639394	28.656291763121
3	666	341.516012038796	20.643143004553
3	670	342.809238428055	20.808538845634
3	674	344.44185038241	17.425640363988
3	684	347.759473078099	19.962541456389
3	688	348.739131300924	20.003428485676
3	694	351.055057509546	17.777655835232
3	698	351.325802633845	9.818292500382
3	706	357.207985672999	12.062076159272
3	710	357.878145189475	12.402720479616
3	718	360.569157686725	14.782045746796
3	726	367.54036977087	18.766085917272
3	730	368.932894662976	16.836867233758
3	738	377.043881733516	23.230086462105
3	744	381.753526988632	22.553296021186
3	748	382.640036443719	22.13053427588
3	754	386.766822591743	26.142671758642
3	762	388.405330391259	23.581667689598
3	768	392.710016412024	23.389119787459
3	774	397.033287491138	22.854591173661
3	778	397.487984278164	17.411162839615
3	784	400.944127466428	17.813970985951
3	788	401.076825238909	12.804558841494
3	796	403.120007602061	14.846957522439
3	802	403.716535268669	12.922859356392
3	808	403.85221417368	9.22353446428
3	814	405.509200348078	5.436463978799
3	822	410.533098167921	9.384340014401
3	828	411.636068502194	8.949700497381
3	832	412.44116774856	9.173076366629
3	836	412.549053655625	8.708595841767
3	840	413.404453918443	9.366939474958
3	850	417.952223311814	9.21205339026
3	858	421.616446301373	12.68597442846
3	864	424.251157091845	12.883449750422
3	870	436.801713658633	21.989005581469
3	874	439.658152237624	24.7454371768
3	882	449.220846313413	32.385204217377
3	886	451.223462748987	32.208418567004
3	894	460.337165063219	41.199537255007
3	900	464.491964776968	42.392400578796
3	904	466.346662949267	37.504674904382
3	910	467.863463456347	24.65733226226
3	914	470.410464117333	25.61805531752
3	924	476.788589743279	25.492516967547
3	928	477.700073685041	24.77752422152
3	934	481.149973291145	19.62107288517
3	942	483.406112849495	16.644575812855
3	948	483.840018453459	7.988983513449
3	954	490.804725980897	14.200699755751
3	960	495.363592182201	18.576716307779
3	964	497.060521293442	19.027147616497
3	970	499.171668695617	16.587676703715
3	978	502.802315791987	20.06881337664
3	982	504.736834444888	21.30749089549
3	988	505.957279128305	21.754657449662
3	992	508.225793224877	13.889856615468
3	996	508.479920615466	9.924064263074
3	1004	512.425269585046	13.007607623483
3	1010	518.789930941027	18.571722918837
3	1014	519.053592470324	13.159233449982
3	1020	520.741044605823	10.424941631003
3	1026	523.064385262586	11.320234519569
3	1038	531.412026986194	12.746158373231
3	1044	534.192530212919	13.586263342882
3	1048	534.44973707235	11.723854124266
3	1056	541.212498031094	16.926523695127
3	1060	541.745399765524	17.385685209344
3	1066	542.758197645462	16.256302492101
3	1070	544.590442425465	17.069851290136
3	1076	548.739338071275	15.14926791722
3	1080	549.202472124201	13.569197164343
3	1084	550.51532490848	9.929531866008
3	1090	552.080482129304	9.870422035671
3	1102	556.114036719272	9.981305075743
3	1106	559.70587206383	8.019625257795
3	1110	559.980291645735	7.774373043344
3	1114	560.218524682342	7.863920907081
3	1118	560.631563435974	7.700761463248
3	1132	564.418833207487	11.007949520077
3	1138	566.846896831529	5.940241759484
3	1144	570.378943231942	9.258682380502
3	1148	570.389876997472	8.371686445283
3	1156	573.141965546582	10.779633218348
3	1160	574.816697220002	11.725209212201
3	1164	574.855141014612	8.975113185669
3	1170	576.591753817666	7.971042211822
3	1178	577.558034593973	6.772222686284
3	1186	579.72271310854	7.883631581963
3	1194	588.073862679328	12.094535418239
3	1198	590.094533635461	13.239981280118
3	1204	592.025058023054	14.806074099868
3	1210	592.8035487072	14.787073955448
3	1214	595.058575643159	16.485130589883
3	1222	600.639462720279	20.121869740696
3	1228	602.739664460847	21.265181121886
3	1236	606.809981272612	16.420421904641
3	1240	607.19146518561	14.412792485301
3	1244	607.260980865426	11.922541320632
3	1250	609.418346015624	12.455123461212
3	1254	610.260398091571	9.252271956146
3	1266	618.591311204667	12.851121920748
3	1272	623.232147762307	16.811134214595
3	1276	623.911354059501	14.580967498672
3	1284	628.625373544664	17.61405621119
3	1288	629.214578052604	18.15068612743
3	1292	629.411597996111	18.123812158982
3	1300	631.292124719515	13.914251079672
3	1304	632.37254591453	10.812796281009
3	1308	632.737000998892	7.234083498056
3	1316	633.606402932991	6.762246043653
3	1320	634.052952095676	4.495247274986
3	1326	634.578162688657	4.972673114343
3	1332	636.558861310851	3.413029936391
3	1336	636.98848386126	3.718036159389
3	1342	638.223885182533	4.10426528673
3	1356	647.905084323526	13.229779046397
3	1360	648.425258202296	10.644540033564
3	1368	653.922728030499	15.493701803319
3	1374	656.082110335343	17.380949201067
3	1380	662.84307745325	21.913890977725
3	1384	663.589127694064	21.878665572969
3	1392	665.714931125629	22.574950656751
3	1396	667.468047422262	18.418187712411
3	1404	670.433953077666	21.364635534374
3	1408	670.455483585202	15.488560308531
3	1416	670.832990445814	12.53877465584
3	1422	673.386728057107	9.756537417059
3	1428	686.728388319664	22.119899248275
3	1432	687.143159956258	18.67885459663
3	1436	687.402931599893	18.573197772357
3	1440	688.422165630224	17.937814777163
3	1450	692.762847386271	22.271313734239
3	1454	693.497430368088	22.204888232698
3	1462	695.406875765062	15.696395766805
3	1466	695.662375594358	6.479370983013
3	1474	698.761786711104	9.43675631225
3	1478	699.818867836875	9.223864447214
3	1486	701.871424238146	8.135756927563
3	1494	705.322533478526	9.95727847067
3	1498	707.400612624934	11.05755862728
3	1502	708.767315753298	11.063836033886
3	1508	710.031897225682	10.009098308487
3	1512	710.437867080311	9.33350708351
3	1518	711.537190918958	9.604720145394
3	1524	714.593500544886	10.846962656322
3	1532	715.047697310942	5.999695595988
3	1540	716.634178548916	5.938116506688
3	1544	717.739231398081	4.345530554847
3	1550	722.241893653816	7.504550695566
3	1560	727.494897450716	12.742281353752
3	1566	732.000792980356	16.742549683048
3	1570	732.704458381623	17.286711104896
3	1576	733.640653239689	15.175234450323
3	1580	734.780180517133	11.606813455622
3	1588	737.252153540772	13.183647742259
3	1596	748.932877780851	24.193623615952
3	1600	749.242897632048	20.610512335958
3	1608	753.011167336266	19.832005240218
3	1614	758.504125753793	23.232324838065
3	1618	760.184026909632	23.762384777437
3	1622	760.427860714363	22.181658737942
3	1632	776.969518266189	38.071140984515
3	1636	779.614984338697	29.028136118331
3	1642	781.503333486545	29.283150416187
3	1648	782.462330100776	28.419419781774
3	1656	785.698451767553	23.270831700086
3	1660	785.985569618655	22.050849587321
3	1666	787.136419855016	22.386258522515
3	1672	790.401360834402	9.938076088379
3	1676	791.10322250372	9.007184582169
3	1680	792.388288073499	9.872564127899
3	1690	798.193952421905	14.877855649283
3	1698	802.168997396599	15.104509244107
3	1702	802.578265686562	13.360343170495
3	1708	804.103543697332	11.242748426763
3	1712	804.17988867456	11.054850825222
3	1716	805.510404834418	11.699429363887
3	1720	805.75329978327	6.662191766466
3	1734	813.621031251405	14.043456878307
3	1738	816.198443987606	13.280690584652
3	1744	819.988669876699	14.162118203119
3	1752	821.18519589204	14.782610877245
3	1756	821.439751928353	14.99353800406
3	1762	822.403162341233	15.118852697137
3	1768	823.903724955579	10.944992015948
3	1774	826.28781706442	9.355414175563
3	1778	826.411964279132	6.390328367698
3	1786	830.711159844218	9.674343373449
3	1792	831.949045228356	10.114760365373
3	1798	833.773754724918	10.167152454625
3	1806	835.906309614349	10.920114526681
3	1810	837.22854591079	10.523223171017
3	1818	845.902645253789	16.609830086754
3	1822	847.345064813562	16.020440749239
3	1830	851.212616355437	19.23006361506
3	1834	852.629130551333	18.732269674252
3	1838	853.320289991999	18.911240187884
3	1848	861.101511142755	23.402464981583
3	1852	861.9701112526	23.346301511331
3	1860	870.366169444128	20.757827785947
3	1866	872.877027597031	23.190857569431
3	1870	873.659577425131	19.939328842724
3	1878	878.385943304702	22.01288910086
3	1882	880.227868234082	21.229726792812
3	1888	881.94674032088	19.652724518739
3	1892	886.643264057237	21.066516571032
3	1898	889.071589518147	16.879799110357
3	1904	889.458159525884	15.48547144654
3	1912	890.693002422087	12.545830638402
3	1916	893.204663523466	12.71136514551
3	1922	893.547143364652	6.864979582136
3	1932	901.778043789655	12.341237190514
3	1936	902.497461462885	12.359622067333
3	1944	908.843954935087	18.175393111922
3	1948	911.367484523199	18.152085450411
3	1956	913.693605184301	19.770989967554
3	1962	916.882758108576	20.55866156107
3	1966	918.198511232491	18.829138145375
3	1974	922.121009880042	19.552586918634
3	1978	924.618169621502	20.541800378067
3	1984	927.861504240852	15.399684122681
3	1990	929.114321527474	16.094138344649
3	1996	929.829804894915	13.992080015841
3	2004	933.485218229569	13.388834710309
3	2010	936.934537758115	15.147688138746
3	2016	939.422958801164	14.221789849114
3	2022	951.228604318705	22.689337832175
3	2028	952.95178169872	23.251418336953
3	2032	953.040968995062	23.112363403014
3	2036	954.120280112353	24.180098776996
3	2046	957.866866147557	23.069179872592
3	2050	960.809349587121	22.97826552417
3	2056	961.676981752049	17.943440166706
3	2062	970.422597236142	19.168179850716
3	2070	977.055244977202	22.734206724768
3	2076	979.193939460709	23.560293667173
3	2082	981.920687823226	26.116608430201
3	2088	984.00045119137	22.474254109727
3	2094	988.117487956812	24.794354773836
3	2098	992.946409853049	20.71126834534
3	2106	996.249896792264	21.473734129089
4	208	100.706886049731	0
4	216	102.051391274773	0
4	222	106.864705348572	0
4	228	115.565329318163	0
4	234	118.033373435811	0
4	240	122.925958030572	0
4	246	127.062860260218	0
4	250	127.591040687146	0
4	258	133.650907016728	0
4	264	135.556686377013	0
4	270	145.191077999665	0
4	276	147.268693047936	0
4	280	151.463365441909	0
4	286	153.892788645953	0
4	290	154.08299249297	0
4	298	154.445336602299	0
4	304	156.436055255268	0
4	308	158.339355063797	0
4	314	159.077486045197	0
4	318	159.186296611823	0
4	322	160.545005332702	0
4	328	160.716117438002	0
4	334	164.915737715174	0
4	342	166.125559997564	0
4	352	170.545824589247	0
4	358	172.511786494563	0
4	364	173.713330434197	0
4	370	176.667494985946	0
4	376	178.341070024467	0
4	382	179.208357577706	0
4	386	179.645516117863	0
4	394	183.941625421995	0
4	400	191.4318839018	0
4	406	192.086053399826	0
4	412	195.620466344231	0
4	416	197.623582105258	0
4	420	197.669991345271	0
4	428	199.529644780818	0
4	436	201.686872782082	0
4	440	202.425669037885	0
4	448	205.690668884361	0
4	456	208.378835931876	0
4	462	210.470752587625	0
4	468	215.650499373143	0
4	474	216.360416574415	0
4	478	217.195624828052	0
4	486	227.72801395124	0
4	490	230.945430147358	0
4	496	234.471750119873	0
4	504	247.811378115608	0
4	510	251.903580885036	0
4	514	254.424602263281	0
4	520	256.412774576918	0
4	526	257.452283771759	0
4	534	259.48149927616	0
4	540	262.221445790436	0
4	546	269.627969726034	0
4	550	270.189804371884	0
4	558	271.779366754755	0
4	564	279.661923631976	0
4	570	280.754058862824	0
4	576	282.638098286618	0
4	580	284.717066816121	0
4	588	289.288082045345	0
4	592	289.319100742069	0
4	598	291.881948135058	0
4	606	296.469043753423	0
4	612	304.887977354456	0
4	618	308.835468627217	0
4	624	318.863005031176	0
4	628	319.675381263032	0
4	632	320.252830852415	0
4	640	325.192237839474	0
4	644	325.697773095935	0
4	654	330.503225593446	0
4	660	340.618942639394	0
4	666	341.516012038796	0
4	670	342.809238428055	0
4	674	344.44185038241	0
4	684	347.759473078099	0
4	688	348.739131300924	0
4	694	351.055057509546	0
4	698	351.325802633845	0
4	706	357.207985672999	0
4	710	357.878145189475	0
4	718	360.569157686725	0
4	726	367.54036977087	0
4	730	368.932894662976	0
4	738	377.043881733516	0
4	744	381.753526988632	0
4	748	382.640036443719	0
4	754	386.766822591743	0
4	762	388.405330391259	0
4	768	392.710016412024	0
4	774	397.033287491138	0
4	778	397.487984278164	0
4	784	400.944127466428	0
4	788	401.076825238909	0
4	796	403.120007602061	0
4	802	403.716535268669	0
4	808	403.85221417368	0
4	814	405.509200348078	0
4	822	410.533098167921	0
4	828	411.636068502194	0
4	832	412.44116774856	0
4	836	412.549053655625	0
4	840	413.404453918443	0
4	850	417.952223311814	0
4	858	421.616446301373	0
4	864	424.251157091845	0
4	870	436.801713658633	0
4	874	439.658152237624	0
4	882	449.220846313413	0
4	886	451.223462748987	0
4	894	460.337165063219	0
4	900	464.491964776968	0
4	904	466.346662949267	0
4	910	467.863463456347	0
4	914	470.410464117333	0
4	924	476.788589743279	0
4	928	477.700073685041	0
4	934	481.149973291145	0
4	942	483.406112849495	0
4	948	483.840018453459	0
4	954	490.804725980897	0
4	960	495.363592182201	0
4	964	497.060521293442	0
4	970	499.171668695617	0
4	978	502.802315791987	0
4	982	504.736834444888	0
4	988	505.957279128305	0
4	992	508.225793224877	0
4	996	508.479920615466	0
4	1004	512.425269585046	0
4	1010	518.789930941027	0
4	1014	519.053592470324	0
4	1020	520.741044605823	0
4	1026	523.064385262586	0
4	1038	531.412026986194	0
4	1044	534.192530212919	0
4	1048	534.44973707235	0
4	1056	541.212498031094	0
4	1060	541.745399765524	0
4	1066	542.758197645462	0
4	1070	544.590442425465	0
4	1076	548.739338071275	0
4	1080	549.202472124201	0
4	1084	550.51532490848	0
4	1090	552.080482129304	0
4	1102	556.114036719272	0
4	1106	559.70587206383	0
4	1110	559.980291645735	0
4	1114	560.218524682342	0
4	1118	560.631563435974	0
4	1132	564.418833207487	0
4	1138	566.846896831529	0
4	1144	570.378943231942	0
4	1148	570.389876997472	0
4	1156	573.141965546582	0
4	1160	574.816697220002	0
4	1164	574.855141014612	0
4	1170	576.591753817666	0
4	1178	577.558034593973	0
4	1186	579.72271310854	0
4	1194	588.073862679328	0
4	1198	590.094533635461	0
4	1204	592.025058023054	0
4	1210	592.8035487072	0
4	1214	595.058575643159	0
4	1222	600.639462720279	0
4	1228	602.739664460847	0
4	1236	606.809981272612	0
4	1240	607.19146518561	0
4	1244	607.260980865426	0
4	1250	609.418346015624	0
4	1254	610.260398091571	0
4	1266	618.591311204667	0
4	1272	623.232147762307	0
4	1276	623.911354059501	0
4	1284	628.625373544664	0
4	1288	629.214578052604	0
4	1292	629.411597996111	0
4	1300	631.292124719515	0
4	1304	632.37254591453	0
4	1308	632.737000998892	0
4	1316	633.606402932991	0
4	1320	634.052952095676	0
4	1326	634.578162688657	0
4	1332	636.558861310851	0
4	1336	636.98848386126	0
4	1342	638.223885182533	0
4	1356	647.905084323526	0
4	1360	648.425258202296	0
4	1368	653.922728030499	0
4	1374	656.082110335343	0
4	1380	662.84307745325	0
4	1384	663.589127694064	0
4	1392	665.714931125629	0
4	1396	667.468047422262	0
4	1404	670.433953077666	0
4	1408	670.455483585202	0
4	1416	670.832990445814	0
4	1422	673.386728057107	0
4	1428	686.728388319664	0
4	1432	687.143159956258	0
4	1436	687.402931599893	0
4	1440	688.422165630224	0
4	1450	692.762847386271	0
4	1454	693.497430368088	0
4	1462	695.406875765062	0
4	1466	695.662375594358	0
4	1474	698.761786711104	0
4	1478	699.818867836875	0
4	1486	701.871424238146	0
4	1494	705.322533478526	0
4	1498	707.400612624934	0
4	1502	708.767315753298	0
4	1508	710.031897225682	0
4	1512	710.437867080311	0
4	1518	711.537190918958	0
4	1524	714.593500544886	0
4	1532	715.047697310942	0
4	1540	716.634178548916	0
4	1544	717.739231398081	0
4	1550	722.241893653816	0
4	1560	727.494897450716	0
4	1566	732.000792980356	0
4	1570	732.704458381623	0
4	1576	733.640653239689	0
4	1580	734.780180517133	0
4	1588	737.252153540772	0
4	1596	748.932877780851	0
4	1600	749.242897632048	0
4	1608	753.011167336266	0
4	1614	758.504125753793	0
4	1618	760.184026909632	0
4	1622	760.427860714363	0
4	1632	776.969518266189	0
4	1636	779.614984338697	0
4	1642	781.503333486545	0
4	1648	782.462330100776	0
4	1656	785.698451767553	0
4	1660	785.985569618655	0
4	1666	787.136419855016	0
4	1672	790.401360834402	0
4	1676	791.10322250372	0
4	1680	792.388288073499	0
4	1690	798.193952421905	0
4	1698	802.168997396599	0
4	1702	802.578265686562	0
4	1708	804.103543697332	0
4	1712	804.17988867456	0
4	1716	805.510404834418	0
4	1720	805.75329978327	0
4	1734	813.621031251405	0
4	1738	816.198443987606	0
4	1744	819.988669876699	0
4	1752	821.18519589204	0
4	1756	821.439751928353	0
4	1762	822.403162341233	0
4	1768	823.903724955579	0
4	1774	826.28781706442	0
4	1778	826.411964279132	0
4	1786	830.711159844218	0
4	1792	831.949045228356	0
4	1798	833.773754724918	0
4	1806	835.906309614349	0
4	1810	837.22854591079	0
4	1818	845.902645253789	0
4	1822	847.345064813562	0
4	1830	851.212616355437	0
4	1834	852.629130551333	0
4	1838	853.320289991999	0
4	1848	861.101511142755	0
4	1852	861.9701112526	0
4	1860	870.366169444128	0
4	1866	872.877027597031	0
4	1870	873.659577425131	0
4	1878	878.385943304702	0
4	1882	880.227868234082	0
4	1888	881.94674032088	0
4	1892	886.643264057237	0
4	1898	889.071589518147	0
4	1904	889.458159525884	0
4	1912	890.693002422087	0
4	1916	893.204663523466	0
4	1922	893.547143364652	0
4	1932	901.778043789655	0
4	1936	902.497461462885	0
4	1944	908.843954935087	0
4	1948	911.367484523199	0
4	1956	913.693605184301	0
4	1962	916.882758108576	0
4	1966	918.198511232491	0
4	1974	922.121009880042	0
4	1978	924.618169621502	0
4	1984	927.861504240852	0
4	1990	929.114321527474	0
4	1996	929.829804894915	0
4	2004	933.485218229569	0
4	2010	936.934537758115	0
4	2016	939.422958801164	0
4	2022	951.228604318705	0
4	2028	952.95178169872	0
4	2032	953.040968995062	0
4	2036	954.120280112353	0
4	2046	957.866866147557	0
4	2050	960.809349587121	0
4	2056	961.676981752049	0
4	2062	970.422597236142	0
4	2070	977.055244977202	0
4	2076	979.193939460709	0
4	2082	981.920687823226	0
4	2088	984.00045119137	0
4	2094	988.117487956812	0
4	2098	992.946409853049	0
4	2106	996.249896792264	0
5	210	100.706886049731	2
5	211	100.747383991824	1
5	213	101.345268179281	0
5	218	102.051391274773	1
5	219	105.809375925967	0
5	224	106.864705348572	1
5	225	109.928578894354	0
5	230	115.565329318163	1
5	231	117.850917078915	0
5	236	118.033373435811	1
5	237	120.582972287563	0
5	242	122.925958030572	1
5	243	122.963185678271	0
5	248	127.062860260218	1
5	252	127.591040687146	2
5	253	129.885996466766	1
5	255	130.627532392198	0
5	260	133.650907016728	1
5	261	133.898231588152	0
5	266	135.556686377013	1
5	267	135.597880419108	0
5	272	145.191077999665	1
5	273	146.167657829578	0
5	278	147.268693047936	1
5	282	151.463365441909	2
5	283	152.230368164959	1
5	288	153.892788645953	2
5	292	154.08299249297	3
5	293	154.132297789716	2
5	295	154.225634799895	1
5	300	154.445336602299	2
5	301	155.6992895812	1
5	306	156.436055255268	2
5	310	158.339355063797	3
5	311	159.074447688432	2
5	316	159.077486045197	3
5	320	159.186296611823	4
5	324	160.545005332702	5
5	325	160.578238804038	4
5	330	160.716117438002	5
5	331	161.389931255847	4
5	336	164.915737715174	5
5	337	165.10848994048	4
5	339	165.326112586253	3
5	344	166.125559997564	4
5	345	167.25941305617	3
5	347	168.300365229727	2
5	349	168.38475063526	1
5	354	170.545824589247	2
5	355	171.486314538351	1
5	360	172.511786494563	2
5	361	172.581967514223	1
5	366	173.713330434197	2
5	367	175.790704362649	1
5	372	176.667494985946	2
5	373	178.216755684254	1
5	378	178.341070024467	2
5	379	178.604372479095	1
5	384	179.208357577706	2
5	388	179.645516117863	3
5	389	181.26535559339	2
5	391	182.985373146634	1
5	396	183.941625421995	2
5	397	185.629347126589	1
5	402	191.4318839018	2
5	403	191.556646750191	1
5	408	192.086053399826	2
5	409	192.339165607855	1
5	414	195.620466344231	2
5	418	197.623582105258	3
5	422	197.669991345271	4
5	423	197.778019885578	3
5	425	199.106381372283	2
5	430	199.529644780818	3
5	431	200.74380220891	2
5	433	200.856972019145	1
5	438	201.686872782082	2
5	442	202.425669037885	3
5	443	203.314571597484	2
5	445	204.364136335043	1
5	450	205.690668884361	2
5	451	206.127944859746	1
5	453	206.629376511211	0
5	458	208.378835931876	1
5	459	209.72822911231	0
5	464	210.470752587625	1
5	465	211.655056740048	0
5	470	215.650499373143	1
5	471	216.1310684496	0
5	476	216.360416574415	1
5	480	217.195624828052	2
5	481	219.417864317969	1
5	483	221.127642005005	0
5	488	227.72801395124	1
5	492	230.945430147358	2
5	493	234.465899978176	1
5	498	234.471750119873	2
5	499	235.691127783937	1
5	501	237.449266657671	0
5	506	247.811378115608	1
5	507	248.019836701488	0
5	512	251.903580885036	1
5	516	254.424602263281	2
5	517	255.853517506336	1
5	522	256.412774576918	2
5	523	256.54677569004	1
5	528	257.452283771759	2
5	529	257.699497442469	1
5	531	258.320934387315	0
5	536	259.48149927616	1
5	537	259.98113843261	0
5	542	262.221445790436	1
5	543	263.641959181987	0
5	548	269.627969726034	1
5	552	270.189804371884	2
5	553	270.335815934808	1
5	555	270.926109098827	0
5	560	271.779366754755	1
5	561	272.59213735561	0
5	566	279.661923631976	1
5	567	280.318052365893	0
5	572	280.754058862824	1
5	573	282.219542554302	0
5	578	282.638098286618	1
5	582	284.717066816121	2
5	583	288.021622316292	1
5	585	289.191315356041	0
5	590	289.288082045345	1
5	594	289.319100742069	2
5	595	289.95676066827	1
5	600	291.881948135058	2
5	601	294.169883282399	1
5	603	295.107170780575	0
5	608	296.469043753423	1
5	609	298.775664466571	0
5	614	304.887977354456	1
5	615	306.826919709824	0
5	620	308.835468627217	1
5	621	311.962650876273	0
5	626	318.863005031176	1
5	630	319.675381263032	2
5	634	320.252830852415	3
5	635	320.872869034243	2
5	637	322.000699582421	1
5	642	325.192237839474	2
5	646	325.697773095935	3
5	647	327.016210018422	2
5	649	327.79693162171	1
5	651	328.735702815248	0
5	656	330.503225593446	1
5	657	333.277401674314	0
5	662	340.618942639394	1
5	663	341.507510133463	0
5	668	341.516012038796	1
5	672	342.809238428055	2
5	676	344.44185038241	3
5	677	345.145909513727	2
5	679	345.475424709859	1
5	681	345.787111939929	0
5	686	347.759473078099	1
5	690	348.739131300924	2
5	691	348.774283853598	1
5	696	351.055057509546	2
5	700	351.325802633845	3
5	701	352.096027429218	2
5	703	353.813795271411	1
5	708	357.207985672999	2
5	712	357.878145189475	3
5	713	359.200230967446	2
5	715	360.509502167839	1
5	720	360.569157686725	2
5	721	360.624150833101	1
5	723	364.823662701661	0
5	728	367.54036977087	1
5	732	368.932894662976	2
5	733	369.320896624565	1
5	735	374.178696317477	0
5	740	377.043881733516	1
5	741	380.076821438549	0
5	746	381.753526988632	1
5	750	382.640036443719	2
5	751	383.130156480477	1
5	756	386.766822591743	2
5	757	388.272266397415	1
5	759	388.273050079622	0
5	764	388.405330391259	1
5	765	390.793675912277	0
5	770	392.710016412024	1
5	771	394.6286797094	0
5	776	397.033287491138	1
5	780	397.487984278164	2
5	781	400.072736369279	1
5	786	400.944127466428	2
5	790	401.076825238909	3
5	791	401.14875815352	2
5	793	402.686368004813	1
5	798	403.120007602061	2
5	799	403.268091381931	1
5	804	403.716535268669	2
5	805	403.840457813858	1
5	810	403.85221417368	2
5	811	404.037514443485	1
5	816	405.509200348078	2
5	817	408.740169921554	1
5	819	408.930471872913	0
5	824	410.533098167921	1
5	825	411.367707341423	0
5	830	411.636068502194	1
5	834	412.44116774856	2
5	838	412.549053655625	3
5	842	413.404453918443	4
5	843	414.812708077164	3
5	845	414.912715060824	2
5	847	416.835642096036	1
5	852	417.952223311814	2
5	853	419.015044181983	1
5	855	419.137627808212	0
5	860	421.616446301373	1
5	861	422.099564198172	0
5	866	424.251157091845	1
5	867	428.841988044885	0
5	872	436.801713658633	1
5	876	439.658152237624	2
5	877	443.206131194087	1
5	879	444.792408799813	0
5	884	449.220846313413	1
5	888	451.223462748987	2
5	889	451.296072775732	1
5	891	452.922549463521	0
5	896	460.337165063219	1
5	897	461.528900405975	0
5	902	464.491964776968	1
5	906	466.346662949267	2
5	907	466.76153703664	1
5	912	467.863463456347	2
5	916	470.410464117333	3
5	917	475.85103494001	2
5	919	476.604026225146	1
5	921	476.786875874422	0
5	926	476.788589743279	1
5	930	477.700073685041	2
5	931	478.033373676945	1
5	936	481.149973291145	2
5	937	482.583991991902	1
5	939	482.733502415347	0
5	944	483.406112849495	1
5	945	483.429343549398	0
5	950	483.840018453459	1
5	951	484.202621678643	0
5	956	490.804725980897	1
5	957	494.335936609409	0
5	962	495.363592182201	1
5	966	497.060521293442	2
5	967	498.555856352392	1
5	972	499.171668695617	2
5	973	499.417661961563	1
5	975	500.21820802219	0
5	980	502.802315791987	1
5	984	504.736834444888	2
5	985	505.894359020342	1
5	990	505.957279128305	2
5	994	508.225793224877	3
5	998	508.479920615466	4
5	999	510.31610297482	3
5	1001	511.744150743017	2
5	1006	512.425269585046	3
5	1007	518.665868612963	2
5	1012	518.789930941027	3
5	1016	519.053592470324	4
5	1017	520.606266870037	3
5	1022	520.741044605823	4
5	1023	522.725882948084	3
5	1028	523.064385262586	4
5	1029	524.285974335967	3
5	1031	524.35971455618	2
5	1033	526.501895153361	1
5	1035	527.520591135329	0
5	1040	531.412026986194	1
5	1041	533.590070154055	0
5	1046	534.192530212919	1
5	1050	534.44973707235	2
5	1051	535.633274959858	1
5	1053	540.585793042472	0
5	1058	541.212498031094	1
5	1062	541.745399765524	2
5	1063	542.210060093633	1
5	1068	542.758197645462	2
5	1072	544.590442425465	3
5	1073	546.132731643529	2
5	1078	548.739338071275	3
5	1082	549.202472124201	4
5	1086	550.51532490848	5
5	1087	551.686246806035	4
5	1092	552.080482129304	5
5	1093	552.205918602391	4
5	1095	552.354603775261	3
5	1097	552.930801972726	2
5	1099	553.41088368741	1
5	1104	556.114036719272	2
5	1108	559.70587206383	3
5	1112	559.980291645735	4
5	1116	560.218524682342	5
5	1120	560.631563435974	6
5	1121	560.906655072045	5
5	1123	561.12026085144	4
5	1125	562.018190552189	3
5	1127	562.362332328234	2
5	1129	563.091488007801	1
5	1134	564.418833207487	2
5	1135	565.880027828943	1
5	1140	566.846896831529	2
5	1141	568.620711605844	1
5	1146	570.378943231942	2
5	1150	570.389876997472	3
5	1151	570.785811907689	2
5	1153	571.839081526577	1
5	1158	573.141965546582	2
5	1162	574.816697220002	3
5	1166	574.855141014612	4
5	1167	575.979327261089	3
5	1172	576.591753817666	4
5	1173	576.854552355343	3
5	1175	577.218983923186	2
5	1180	577.558034593973	3
5	1181	578.016474751752	2
5	1183	578.573445053276	1
5	1188	579.72271310854	2
5	1189	580.517592979583	1
5	1191	581.474483338961	0
5	1196	588.073862679328	1
5	1200	590.094533635461	2
5	1201	590.389559367971	1
5	1206	592.025058023054	2
5	1207	592.778672700309	1
5	1212	592.8035487072	2
5	1216	595.058575643159	3
5	1217	595.338439544794	2
5	1219	596.963222554412	1
5	1224	600.639462720279	2
5	1225	601.008126135425	1
5	1230	602.739664460847	2
5	1231	605.740189283919	1
5	1233	606.421013547712	0
5	1238	606.809981272612	1
5	1242	607.19146518561	2
5	1246	607.260980865426	3
5	1247	609.330386560829	2
5	1252	609.418346015624	3
5	1256	610.260398091571	4
5	1257	611.011317333474	3
5	1259	611.063891925174	2
5	1261	611.287785837129	1
5	1263	617.377873639843	0
5	1268	618.591311204667	1
5	1269	621.559749633521	0
5	1274	623.232147762307	1
5	1278	623.911354059501	2
5	1279	625.502917500836	1
5	1281	626.844156889338	0
5	1286	628.625373544664	1
5	1290	629.214578052604	2
5	1294	629.411597996111	3
5	1295	629.55770482069	2
5	1297	629.605489574314	1
5	1302	631.292124719515	2
5	1306	632.37254591453	3
5	1310	632.737000998892	4
5	1311	633.14583137446	3
5	1313	633.270447701871	2
5	1318	633.606402932991	3
5	1322	634.052952095676	4
5	1323	634.119619895803	3
5	1328	634.578162688657	4
5	1329	634.675305277129	3
5	1334	636.558861310851	4
5	1338	636.98848386126	5
5	1339	637.780718168732	4
5	1344	638.223885182533	5
5	1345	638.42902622718	4
5	1347	638.701161134276	3
5	1349	640.929186475525	2
5	1351	641.710462121095	1
5	1353	643.139980468878	0
5	1358	647.905084323526	1
5	1362	648.425258202296	2
5	1363	649.049859709851	1
5	1365	649.069317543292	0
5	1370	653.922728030499	1
5	1371	654.966923276671	0
5	1376	656.082110335343	1
5	1377	658.294215789974	0
5	1382	662.84307745325	1
5	1386	663.589127694064	2
5	1387	663.630190640048	1
5	1389	664.608489071389	0
5	1394	665.714931125629	1
5	1398	667.468047422262	2
5	1399	668.464305359628	1
5	1401	668.829733827536	0
5	1406	670.433953077666	1
5	1410	670.455483585202	2
5	1411	670.484350853061	1
5	1413	670.491533652032	0
5	1418	670.832990445814	1
5	1419	671.29254213539	0
5	1424	673.386728057107	1
5	1425	679.710479998257	0
5	1430	686.728388319664	1
5	1434	687.143159956258	2
5	1438	687.402931599893	3
5	1442	688.422165630224	4
5	1443	689.183004611345	3
5	1445	689.325030398854	2
5	1447	690.595003389661	1
5	1452	692.762847386271	2
5	1456	693.497430368088	3
5	1457	693.735667310583	2
5	1459	695.365255007856	1
5	1464	695.406875765062	2
5	1468	695.662375594358	3
5	1469	696.343053997654	2
5	1471	697.703479719412	1
5	1476	698.761786711104	2
5	1480	699.818867836875	3
5	1481	700.022798917195	2
5	1483	701.104359996801	1
5	1488	701.871424238146	2
5	1489	701.932470773564	1
5	1491	703.746537888564	0
5	1496	705.322533478526	1
5	1500	707.400612624934	2
5	1504	708.767315753298	3
5	1505	709.048001714954	2
5	1510	710.031897225682	3
5	1514	710.437867080311	4
5	1515	710.696062042228	3
5	1520	711.537190918958	4
5	1521	713.393700843234	3
5	1526	714.593500544886	4
5	1527	714.73734295825	3
5	1529	714.752616096964	2
5	1534	715.047697310942	3
5	1535	715.258243297308	2
5	1537	715.417747276727	1
5	1542	716.634178548916	2
5	1546	717.739231398081	3
5	1547	718.465418789366	2
5	1552	722.241893653816	3
5	1553	723.173367061511	2
5	1555	724.068505798513	1
5	1557	724.739254164899	0
5	1562	727.494897450716	1
5	1563	728.63238529609	0
5	1568	732.000792980356	1
5	1572	732.704458381623	2
5	1573	733.179162096048	1
5	1578	733.640653239689	2
5	1582	734.780180517133	3
5	1583	735.271800915728	2
5	1585	736.421642132195	1
5	1590	737.252153540772	2
5	1591	738.246201976421	1
5	1593	738.898377281674	0
5	1598	748.932877780851	1
5	1602	749.242897632048	2
5	1603	750.586848220366	1
5	1605	752.220183070358	0
5	1610	753.011167336266	1
5	1611	754.042910319002	0
5	1616	758.504125753793	1
5	1620	760.184026909632	2
5	1624	760.427860714363	3
5	1625	762.427620067467	2
5	1627	763.934720031334	1
5	1629	764.750161332501	0
5	1634	776.969518266189	1
5	1638	779.614984338697	2
5	1639	780.463284746023	1
5	1644	781.503333486545	2
5	1645	782.096037921551	1
5	1650	782.462330100776	2
5	1651	782.5157239456	1
5	1653	783.316096772622	0
5	1658	785.698451767553	1
5	1662	785.985569618655	2
5	1663	787.064488152492	1
5	1668	787.136419855016	2
5	1669	789.217922516067	1
5	1674	790.401360834402	2
5	1678	791.10322250372	3
5	1682	792.388288073499	4
5	1683	792.860795270569	3
5	1685	793.125037849338	2
5	1687	793.810975470531	1
5	1692	798.193952421905	2
5	1693	799.091108016804	1
5	1695	799.577574373098	0
5	1700	802.168997396599	1
5	1704	802.578265686562	2
5	1705	802.917753402954	1
5	1710	804.103543697332	2
5	1714	804.17988867456	3
5	1718	805.510404834418	4
5	1722	805.75329978327	5
5	1723	805.82655167358	4
5	1725	806.402585014795	3
5	1727	806.446213924293	2
5	1729	807.284309644096	1
5	1731	812.958732939631	0
5	1736	813.621031251405	1
5	1740	816.198443987606	2
5	1741	816.932402888857	1
5	1746	819.988669876699	2
5	1747	820.021635911434	1
5	1749	821.036816470769	0
5	1754	821.18519589204	1
5	1758	821.439751928353	2
5	1759	821.834284862983	1
5	1764	822.403162341233	2
5	1765	823.606602270293	1
5	1770	823.903724955579	2
5	1771	824.986195087668	1
5	1776	826.28781706442	2
5	1780	826.411964279132	3
5	1781	826.705322739773	2
5	1783	829.292815167035	1
5	1788	830.711159844218	2
5	1789	831.324624064323	1
5	1794	831.949045228356	2
5	1795	831.982552740377	1
5	1800	833.773754724918	2
5	1801	833.896860877081	1
5	1803	834.409049804115	0
5	1808	835.906309614349	1
5	1812	837.22854591079	2
5	1813	837.699046161172	1
5	1815	838.623809741269	0
5	1820	845.902645253789	1
5	1824	847.345064813562	2
5	1825	849.608341658181	1
5	1827	849.6861700276	0
5	1832	851.212616355437	1
5	1836	852.629130551333	2
5	1840	853.320289991999	3
5	1841	853.720248582407	2
5	1843	856.373054203842	1
5	1845	858.99814144127	0
5	1850	861.101511142755	1
5	1854	861.9701112526	2
5	1855	862.294015802141	1
5	1857	865.576747486205	0
5	1862	870.366169444128	1
5	1863	872.19179040779	0
5	1868	872.877027597031	1
5	1872	873.659577425131	2
5	1873	873.972688079344	1
5	1875	878.147171783685	0
5	1880	878.385943304702	1
5	1884	880.227868234082	2
5	1885	880.493298377956	1
5	1890	881.94674032088	2
5	1894	886.643264057237	3
5	1895	886.682163782516	2
5	1900	889.071589518147	3
5	1901	889.436806599141	2
5	1906	889.458159525884	3
5	1907	890.137839395552	2
5	1909	890.668561823165	1
5	1914	890.693002422087	2
5	1918	893.204663523466	3
5	1919	893.215399072788	2
5	1924	893.547143364652	3
5	1925	893.922615216747	2
5	1927	896.324096547506	1
5	1929	899.369373087116	0
5	1934	901.778043789655	1
5	1938	902.497461462885	2
5	1939	902.568422961408	1
5	1941	904.076369243435	0
5	1946	908.843954935087	1
5	1950	911.367484523199	2
5	1951	912.461820118171	1
5	1953	913.020183182825	0
5	1958	913.693605184301	1
5	1959	915.837724879074	0
5	1964	916.882758108576	1
5	1968	918.198511232491	2
5	1969	920.09638351926	1
5	1971	921.786849619369	0
5	1976	922.121009880042	1
5	1980	924.618169621502	2
5	1981	925.20116895205	1
5	1986	927.861504240852	2
5	1987	928.53926648653	1
5	1992	929.114321527474	2
5	1993	929.700363361767	1
5	1998	929.829804894915	2
5	1999	929.928605592048	1
5	2001	929.940181335357	0
5	2006	933.485218229569	1
5	2007	934.797686274965	0
5	2012	936.934537758115	1
5	2013	937.831084062951	0
5	2018	939.422958801164	1
5	2019	943.733541585343	0
5	2024	951.228604318705	1
5	2025	951.254417385426	0
5	2030	952.95178169872	1
5	2034	953.040968995062	2
5	2038	954.120280112353	3
5	2039	954.321038252434	2
5	2041	955.633645793536	1
5	2043	955.804079393025	0
5	2048	957.866866147557	1
5	2052	960.809349587121	2
5	2053	961.526197081643	1
5	2058	961.676981752049	2
5	2059	963.323133182976	1
5	2064	970.422597236142	2
5	2065	972.235141507709	1
5	2067	974.776162663175	0
5	2072	977.055244977202	1
5	2073	978.866611065424	0
5	2078	979.193939460709	1
5	2079	979.306809132894	0
5	2084	981.920687823226	1
5	2085	982.023930042769	0
5	2090	984.00045119137	1
5	2091	985.87349168284	0
5	2096	988.117487956812	1
5	2100	992.946409853049	2
5	2101	993.776318779588	1
5	2103	995.597357585823	0
5	2108	996.249896792264	1
5	2109	997.100683756308	0

