version 3
run General-16-20221103-10:28:22-6760
attr configname General
attr datetime 20221103-10:28:22
attr datetimef 20221103-102822
attr experiment General
attr inifile block.ini
attr iterationvars "$0=3, $1=10"
attr iterationvarsd 3/10
attr iterationvarsf 3,10-
attr measurement "$0=3, $1=10"
attr network Block
attr processid 6760
attr repetition 1
attr replication #1
attr resultdir results
attr runnumber 16
attr seedset 16
config network Block
config repeat 5
config sim-time-limit 1000s
config warmup-period 100s
config **.alloca.resourceModuleName "\"risorse\""
config **.dealloca.resourceModuleName "\"risorse\""
config **.is.delay exponential(3s)
config **.servente.serviceTime exponential(3s)
config **.dealloca.resourceAmount 2
config **.alloca.resourceAmount 2
config **.risorse.amount 6
config **.sorgente.numJobs (10)
config **.result-recording-modes all

vector 0 Block.is delayedJobs:vector ETV
attr interpolationmode sample-hold
attr recordingmode vector
attr title "number of delayed jobs"
vector 1 Block.alloca queueLength:vector ETV
attr interpolationmode sample-hold
attr recordingmode vector
attr title "queue length"
vector 2 Block.servente queueLength:vector ETV
attr interpolationmode sample-hold
attr recordingmode vector
attr title "queue length"
vector 3 Block.servente queueingTime:vector ETV
attr interpolationmode none
attr recordingmode vector
attr title "queueing time at dequeue"
attr unit s
vector 4 Block.alloca queueingTime:vector ETV
attr interpolationmode none
attr recordingmode vector
attr title "queueing time at dequeue"
attr unit s
vector 5 Block.risorse amount:vector ETV
attr interpolationmode sample-hold
attr recordingmode vector
attr title "available resource"
0	255	101.993410347365	0
0	260	102.026135825706	1
0	261	104.614433704861	0
0	266	106.699129003968	1
0	270	107.221222281304	2
0	271	107.948741749977	1
0	273	108.013960799125	0
0	278	111.788614345025	1
0	282	112.221994737194	2
0	283	112.452963399277	1
0	285	113.172259693317	0
0	290	113.239277107789	1
0	294	117.568122860143	2
0	295	118.29597740078	1
0	300	120.142438681189	2
0	304	120.173455581776	3
0	305	120.229169583231	2
0	307	121.464506829344	1
0	312	124.460096822167	2
0	313	124.53691682876	1
0	318	124.557922334438	2
0	319	125.343596473543	1
0	321	127.337615341744	0
0	326	127.602530951001	1
0	330	130.900793915617	2
0	331	131.671010773775	1
0	336	132.391631082018	2
0	337	133.533808924379	1
0	339	134.02634829191	0
0	344	134.815879211347	1
0	348	137.732567550422	2
0	349	138.521782902342	1
0	354	141.495836983181	2
0	355	146.478648293061	1
0	357	148.464100827914	0
0	362	163.355907954603	1
0	363	165.045714982481	0
0	368	173.253285450697	1
0	372	177.605762991539	2
0	373	177.752571516636	1
0	378	181.291729372419	2
0	379	182.744218944777	1
0	381	185.25079853145	0
0	386	186.50172696528	1
0	390	188.216803865836	2
0	391	189.879675366404	1
0	393	190.462816326747	0
0	398	191.913674095312	1
0	402	192.839739194029	2
0	403	194.424639783504	1
0	408	195.550012428506	2
0	409	196.690359611855	1
0	411	198.992821510602	0
0	416	200.733747592147	1
0	420	205.336321711999	2
0	421	205.492562719155	1
0	423	205.695530183064	0
0	428	216.118935566337	1
0	429	216.785227708965	0
0	434	218.904771988728	1
0	435	222.737837046611	0
0	440	233.599818990934	1
0	444	233.835113985907	2
0	448	234.347795820354	3
0	449	234.847538581992	2
0	454	234.933060313455	3
0	455	235.077959887117	2
0	457	235.101788122141	1
0	459	235.251055836136	0
0	464	236.252923646547	1
0	465	237.821856679784	0
0	470	240.259231827545	1
0	474	241.87619612826	2
0	478	242.766400411507	3
0	479	242.882630896088	2
0	484	244.331318139534	3
0	485	245.92574232726	2
0	490	248.18578700588	3
0	491	248.895401619388	2
0	496	249.263583358022	3
0	497	250.009806336034	2
0	499	250.798175990858	1
0	501	254.522291471888	0
0	506	254.799504482138	1
0	510	255.374248077366	2
0	514	255.614845844388	3
0	515	255.864988317262	2
0	520	256.012663156351	3
0	524	259.403167459837	4
0	525	259.615448290508	3
0	527	260.371718398585	2
0	529	260.661317349448	1
0	531	262.833393005472	0
0	536	266.016893620899	1
0	540	266.467357349114	2
0	541	268.811308630385	1
0	546	269.36143994625	2
0	547	269.684672191287	1
0	552	270.871421888311	2
0	556	272.689164517097	3
0	557	274.012544254306	2
0	559	274.868650005654	1
0	564	280.532395000812	2
0	568	281.1599773651	3
0	569	281.552989275141	2
0	571	282.259415174787	1
0	576	282.800487364864	2
0	577	283.717967783446	1
0	582	285.051565287413	2
0	586	285.750342256942	3
0	587	288.211175310216	2
0	592	289.083354104905	3
0	596	291.23587080203	4
0	600	291.416056022088	5
0	601	292.560283284492	4
0	603	292.959339386017	3
0	608	293.759355175248	4
0	609	294.028900523428	3
0	611	296.268353739169	2
0	616	296.508806770693	3
0	617	297.434099360146	2
0	619	297.441194755469	1
0	624	298.974100236182	2
0	625	299.536951426193	1
0	627	299.568598522954	0
0	632	302.071568158742	1
0	633	305.269016389179	0
0	638	312.472271569655	1
0	639	317.650655538072	0
0	644	318.637859923812	1
0	648	324.372676632564	2
0	652	325.764919727199	3
0	653	325.792789844194	2
0	655	326.297898207142	1
0	657	327.324584917963	0
0	662	329.14245221088	1
0	666	329.703878542701	2
0	667	330.134831411336	1
0	672	330.164495239511	2
0	673	330.519999357607	1
0	678	331.504059641652	2
0	679	332.365597089558	1
0	681	332.446229299601	0
0	686	336.840288472269	1
0	687	336.846247591688	0
0	692	338.354371375929	1
0	696	343.179782517402	2
0	700	343.405903096653	3
0	701	344.653513059772	2
0	703	345.160759951876	1
0	708	347.425732886844	2
0	712	347.872257362842	3
0	713	349.07329448125	2
0	718	350.213852751733	3
0	722	350.792229174633	4
0	726	350.852139927808	5
0	727	351.171629503618	4
0	729	351.200030924065	3
0	734	351.777733347091	4
0	735	352.974260458137	3
0	737	353.048221160436	2
0	742	353.898598355232	3
0	743	354.036813399966	2
0	745	354.24227727384	1
0	747	354.801087292089	0
0	752	356.799884618058	1
0	756	362.563631995837	2
0	757	362.665641349577	1
0	759	365.860003473717	0
0	764	370.013831466333	1
0	765	370.319959446495	0
0	770	376.815964391207	1
0	774	377.018507773189	2
0	775	379.861610122371	1
0	777	382.446872794033	0
0	782	386.738459647954	1
0	783	390.351892987613	0
0	788	392.519852257871	1
0	792	394.089217365802	2
0	796	394.637966427974	3
0	797	394.917110034536	2
0	802	396.529017949848	3
0	806	397.019443508986	4
0	807	397.189002937382	3
0	812	397.610776608549	4
0	813	397.739661532066	3
0	815	398.878324556448	2
0	817	399.093620554437	1
0	822	401.248040485351	2
0	823	401.472126605486	1
0	828	403.982180644077	2
0	829	405.23463345098	1
0	834	405.735644633194	2
0	835	406.947616349632	1
0	840	408.574471954836	2
0	841	409.333075772454	1
0	846	415.428579967795	2
0	847	416.437396852926	1
0	849	418.480229380703	0
0	854	419.900833705192	1
0	855	420.344097243418	0
0	860	422.198432082357	1
0	861	422.614146854717	0
0	866	423.954950577753	1
0	870	425.85339036294	2
0	871	427.115371752728	1
0	873	429.644733021339	0
0	878	431.827462003481	1
0	879	432.141837281914	0
0	884	439.798479098339	1
0	888	441.777762059671	2
0	889	442.383358825913	1
0	891	443.3837975603	0
0	896	443.874493231695	1
0	897	444.310215647479	0
0	902	445.181621057053	1
0	906	445.741113166031	2
0	907	445.941856460581	1
0	912	446.067221989598	2
0	913	447.368652144838	1
0	918	447.535541931622	2
0	919	447.833138179298	1
0	924	448.010680864787	2
0	928	448.660586432997	3
0	932	449.419481309324	4
0	933	449.784328820679	3
0	935	452.68422908891	2
0	937	452.921694185584	1
0	939	453.970799352219	0
0	944	454.781522563744	1
0	945	457.128687764201	0
0	950	460.707787604493	1
0	954	464.942520411259	2
0	958	465.106343018565	3
0	959	465.793898293544	2
0	961	467.662249661862	1
0	963	471.242566543856	0
0	968	475.327592427422	1
0	972	475.70619119433	2
0	973	476.959529427354	1
0	975	477.845825405911	0
0	980	478.781607736918	1
0	981	479.157367820748	0
0	986	479.628286298013	1
0	987	481.987388939668	0
0	992	484.879747191043	1
0	993	487.396798614653	0
0	998	487.920147528293	1
0	1002	487.970253713057	2
0	1006	489.441599570605	3
0	1007	490.923967452356	2
0	1009	491.494898823049	1
0	1011	495.299259820499	0
0	1016	495.45474574166	1
0	1017	496.070084004417	0
0	1022	497.175103009407	1
0	1023	498.6519936719	0
0	1028	501.382506676163	1
0	1029	503.933343622926	0
0	1034	505.051127737162	1
0	1038	508.249487374636	2
0	1042	508.558487453567	3
0	1043	508.949187524876	2
0	1045	509.19728231684	1
0	1050	512.384084369899	2
0	1054	513.957529741963	3
0	1055	515.567672370913	2
0	1057	515.737322894376	1
0	1062	517.900876408944	2
0	1063	520.936871856944	1
0	1065	521.45212843926	0
0	1070	526.968980974995	1
0	1071	526.986945747846	0
0	1076	527.495237431002	1
0	1077	531.460080495906	0
0	1082	534.017702799083	1
0	1086	537.671023298408	2
0	1087	537.811706233398	1
0	1092	538.952303537117	2
0	1093	539.241480121734	1
0	1098	539.510035612734	2
0	1099	540.257049524997	1
0	1101	540.274069416929	0
0	1106	540.854114396803	1
0	1110	542.118095887294	2
0	1111	542.38920732963	1
0	1113	543.99369078546	0
0	1118	545.40948804878	1
0	1119	546.65185726391	0
0	1124	548.975088861523	1
0	1125	552.198968672879	0
0	1130	554.023191231455	1
0	1134	554.702903269167	2
0	1135	555.331211997791	1
0	1140	555.777929388717	2
0	1141	555.822152347263	1
0	1143	559.346389610244	0
0	1148	560.913251257994	1
0	1149	561.663528281025	0
0	1154	562.539042165664	1
0	1158	565.293073312952	2
0	1159	565.305351480346	1
0	1164	565.854490484578	2
0	1165	567.08201651462	1
0	1170	567.875148239178	2
0	1174	568.404661505756	3
0	1175	568.581527023395	2
0	1177	569.367273330294	1
0	1182	573.694840520672	2
0	1183	573.698405028876	1
0	1188	577.783393461049	2
0	1189	578.644354211351	1
0	1194	579.273620026667	2
0	1195	581.321515208466	1
0	1200	581.792109186199	2
0	1201	583.76117984992	1
0	1203	586.299615080261	0
0	1208	591.583083497419	1
0	1209	596.696442140967	0
0	1214	599.492748436024	1
0	1218	599.985318049859	2
0	1219	601.954335814524	1
0	1224	602.036418265578	2
0	1228	602.872574195805	3
0	1232	603.758449136857	4
0	1233	604.26586921017	3
0	1235	604.870426011602	2
0	1237	605.341366923392	1
0	1239	608.438713268456	0
0	1244	610.263368460729	1
0	1245	612.874022123611	0
0	1250	615.529536897904	1
0	1254	615.943748481652	2
0	1255	616.128550474278	1
0	1260	618.159828387028	2
0	1261	618.789270868487	1
0	1263	619.126136420425	0
0	1268	619.917551588444	1
0	1272	621.01710464442	2
0	1273	621.440972284904	1
0	1278	624.918483516345	2
0	1279	625.024510332391	1
0	1284	625.394300017436	2
0	1285	626.220399594353	1
0	1287	627.328822449397	0
0	1292	631.97297439848	1
0	1296	637.897354579608	2
0	1297	637.973948001903	1
0	1302	638.000549339417	2
0	1306	638.417528978798	3
0	1310	638.641596434054	4
0	1314	638.724083840705	5
0	1315	639.030852156539	4
0	1317	639.089269826091	3
0	1319	639.180497088296	2
0	1321	640.002839112785	1
0	1326	641.579779624403	2
0	1327	645.056051911638	1
0	1332	645.191802058137	2
0	1333	645.203058045736	1
0	1335	645.643360418237	0
0	1340	646.519613273805	1
0	1341	647.142731884579	0
0	1346	654.17530159768	1
0	1347	654.297712461391	0
0	1352	655.117600882597	1
0	1353	655.753566220601	0
0	1358	657.142692363891	1
0	1359	657.734331550761	0
0	1364	661.087948206335	1
0	1368	661.114451534797	2
0	1369	662.210141330435	1
0	1371	664.067596018839	0
0	1376	665.6439684462	1
0	1377	669.434546976225	0
0	1382	674.162066250709	1
0	1383	674.58240003056	0
0	1388	675.245282571456	1
0	1392	676.400721578876	2
0	1393	677.582699242696	1
0	1398	679.302581326287	2
0	1402	680.013742347493	3
0	1403	680.659106124757	2
0	1405	681.817700612756	1
0	1407	682.479702422999	0
0	1412	683.447415394739	1
0	1413	685.66553050706	0
0	1418	686.810618382317	1
0	1419	689.331212467535	0
0	1424	692.438671995238	1
0	1428	693.057404352185	2
0	1429	694.028277261444	1
0	1434	694.682106360294	2
0	1438	695.624192463645	3
0	1439	695.624205819539	2
0	1444	696.734554364895	3
0	1445	696.768639216577	2
0	1447	696.863729280243	1
0	1452	697.623408179022	2
0	1453	698.760808975719	1
0	1458	699.421969595821	2
0	1459	699.433503922266	1
0	1461	702.113886246387	0
0	1466	708.251991546077	1
0	1470	708.292543886573	2
0	1471	708.335889983974	1
0	1473	709.769213827789	0
0	1478	710.926454695264	1
0	1479	715.354901918149	0
0	1484	715.94069896626	1
0	1485	715.957139491161	0
0	1490	717.352833495666	1
0	1494	718.325378955812	2
0	1498	720.010335461182	3
0	1499	722.41480936261	2
0	1501	722.712668876102	1
0	1503	723.961232692774	0
0	1508	725.448772332099	1
0	1512	726.046573418871	2
0	1516	727.849428457809	3
0	1517	730.025325342098	2
0	1519	730.44616108468	1
0	1521	733.787681898223	0
0	1526	735.488496007281	1
0	1527	735.984831286145	0
0	1532	736.260724302861	1
0	1536	739.852318259242	2
0	1537	740.010509918928	1
0	1539	741.187855571009	0
0	1544	744.632767791213	1
0	1548	745.728672189671	2
0	1552	746.414943953541	3
0	1556	746.9721520258	4
0	1557	747.377638676472	3
0	1559	750.074984306364	2
0	1561	751.238267641371	1
0	1563	751.539893568704	0
0	1568	752.164845438309	1
0	1569	753.598935863912	0
0	1574	759.125184343615	1
0	1578	760.283760013397	2
0	1579	760.645742662576	1
0	1584	761.725802421005	2
0	1588	762.265078626729	3
0	1589	764.298706281806	2
0	1591	766.202212003891	1
0	1593	768.903981030666	0
0	1598	772.365344363484	1
0	1602	773.137365258707	2
0	1603	773.270969163429	1
0	1608	773.980940188492	2
0	1612	774.109039171872	3
0	1613	774.53411013142	2
0	1615	774.795950473883	1
0	1620	775.425507554959	2
0	1624	776.579720033882	3
0	1625	776.792440191167	2
0	1627	777.214106461878	1
0	1629	777.308243082805	0
0	1634	778.766901370669	1
0	1635	779.094662424063	0
0	1640	780.937917266191	1
0	1641	781.258518934372	0
0	1646	781.32982623997	1
0	1647	782.513286569324	0
0	1652	790.634753879325	1
0	1653	793.335283661869	0
0	1658	793.583915890666	1
0	1662	798.311713850594	2
0	1663	798.497873101307	1
0	1668	800.38414254583	2
0	1672	801.211111555875	3
0	1673	801.438563326958	2
0	1675	801.598073835517	1
0	1677	802.360837532367	0
0	1682	803.485691215782	1
0	1683	803.703308940236	0
0	1688	809.498715044996	1
0	1689	810.017538132463	0
0	1694	811.061197570292	1
0	1695	813.668939807185	0
0	1700	819.187376861544	1
0	1701	820.247502947442	0
0	1706	823.052642681555	1
0	1710	824.056076594451	2
0	1711	824.291880725164	1
0	1716	825.421273537134	2
0	1717	825.999599964901	1
0	1722	826.957373319559	2
0	1726	827.497250879936	3
0	1727	827.937352666488	2
0	1729	827.980635588072	1
0	1731	828.557880115991	0
0	1736	834.370480607872	1
0	1740	836.895743641567	2
0	1744	837.098786804759	3
0	1745	837.456869098596	2
0	1750	837.898940925735	3
0	1751	839.426262548969	2
0	1756	839.604934024803	3
0	1757	839.82678704035	2
0	1759	842.400208333963	1
0	1761	844.118296165498	0
0	1766	850.843298387558	1
0	1770	851.061749394243	2
0	1774	853.938788159468	3
0	1778	854.450628173791	4
0	1782	855.416554929655	5
0	1786	856.009598137701	6
0	1787	856.159407535488	5
0	1789	856.326490097075	4
0	1791	856.531428658833	3
0	1796	856.591995722625	4
0	1800	856.712589166841	5
0	1801	857.386248999698	4
0	1803	857.972525889066	3
0	1805	859.102433212349	2
0	1807	862.4690367693	1
0	1812	865.392119288813	2
0	1813	865.470857109144	1
0	1818	865.845295242179	2
0	1819	866.477412579401	1
0	1824	866.904994164754	2
0	1825	867.452963405415	1
0	1827	867.751092761819	0
0	1832	867.974027021854	1
0	1833	868.278208739213	0
0	1838	871.330540686666	1
0	1839	874.243216754031	0
0	1844	881.898283099149	1
0	1845	882.333021671523	0
0	1850	888.1318455167	1
0	1851	888.315738046743	0
0	1856	891.090370545001	1
0	1857	891.777618058199	0
0	1862	893.745335293189	1
0	1863	894.304139054861	0
0	1868	899.798736059777	1
0	1872	899.9425123316	2
0	1876	901.836873229737	3
0	1877	902.258422683222	2
0	1882	904.075071468961	3
0	1883	904.391187607711	2
0	1885	904.898317284098	1
0	1887	910.008296858937	0
0	1892	915.675016894175	1
0	1896	915.773672151424	2
0	1897	916.215405164656	1
0	1902	917.405659093626	2
0	1903	917.611000705808	1
0	1905	918.385768329329	0
0	1910	921.025887279301	1
0	1911	921.891527663073	0
0	1916	924.937146243138	1
0	1920	927.516065290195	2
0	1921	934.387693558499	1
0	1926	935.392376259947	2
0	1930	935.483952016627	3
0	1931	938.05109303462	2
0	1936	939.236288353102	3
0	1937	939.732119674309	2
0	1939	943.159546190993	1
0	1944	944.681117108958	2
0	1945	944.939440373239	1
0	1947	945.491097020771	0
0	1952	949.820212335312	1
0	1956	950.381209674756	2
0	1960	951.04799798695	3
0	1961	951.712211495567	2
0	1963	953.590450702854	1
0	1968	956.056658053146	2
0	1972	956.468964078324	3
0	1973	957.575354287607	2
0	1978	958.062520248566	3
0	1979	958.190796297236	2
0	1984	958.238933443024	3
0	1988	958.449008995689	4
0	1992	958.771381359672	5
0	1993	959.239402714272	4
0	1995	959.526946741485	3
0	1997	960.302106271731	2
0	2002	960.708322472984	3
0	2003	961.903544718075	2
0	2005	962.818882724622	1
0	2010	963.231016978075	2
0	2011	963.554015852918	1
0	2016	964.927890604711	2
0	2020	965.076984470615	3
0	2021	965.911054681046	2
0	2023	966.009633145231	1
0	2025	969.527175418906	0
0	2030	970.489720284472	1
0	2034	970.641082796908	2
0	2035	970.768534669242	1
0	2040	970.875358215475	2
0	2041	971.489950519907	1
0	2043	972.06541069271	0
0	2048	973.639611942123	1
0	2052	974.506116067055	2
0	2056	975.9334731994	3
0	2060	976.496980744776	4
0	2064	976.838712862408	5
0	2065	977.051837107015	4
0	2067	977.35566003642	3
0	2072	977.936598041336	4
0	2073	978.651383104546	3
0	2075	981.751768721927	2
0	2080	982.844361363276	3
0	2081	986.535667628908	2
0	2086	987.320503728793	3
0	2087	987.995100789169	2
0	2089	989.478167264815	1
0	2094	991.968773058068	2
0	2095	992.668675746204	1
0	2097	993.429865020529	0
0	2102	996.44334185151	1
0	2103	997.840775979358	0
0	2108	998.244950080217	1
0	2112	999.632565467366	2
1	256	101.993410347365	7
1	258	102.026135825706	6
1	262	104.614433704861	7
1	264	106.699129003968	6
1	268	107.221222281304	5
1	272	107.948741749977	6
1	274	108.013960799125	7
1	276	111.788614345025	6
1	280	112.221994737194	5
1	284	112.452963399277	6
1	286	113.172259693317	7
1	288	113.239277107789	6
1	292	117.568122860143	5
1	296	118.29597740078	6
1	298	120.142438681189	5
1	302	120.173455581776	4
1	306	120.229169583231	5
1	308	121.464506829344	6
1	310	124.460096822167	5
1	314	124.53691682876	6
1	316	124.557922334438	5
1	320	125.343596473543	6
1	322	127.337615341744	7
1	324	127.602530951001	6
1	328	130.900793915617	5
1	332	131.671010773775	6
1	334	132.391631082018	5
1	338	133.533808924379	6
1	340	134.02634829191	7
1	342	134.815879211347	6
1	346	137.732567550422	5
1	350	138.521782902342	6
1	352	141.495836983181	5
1	356	146.478648293061	6
1	358	148.464100827914	7
1	360	163.355907954603	6
1	364	165.045714982481	7
1	366	173.253285450697	6
1	370	177.605762991539	5
1	374	177.752571516636	6
1	376	181.291729372419	5
1	380	182.744218944777	6
1	382	185.25079853145	7
1	384	186.50172696528	6
1	388	188.216803865836	5
1	392	189.879675366404	6
1	394	190.462816326747	7
1	396	191.913674095312	6
1	400	192.839739194029	5
1	404	194.424639783504	6
1	406	195.550012428506	5
1	410	196.690359611855	6
1	412	198.992821510602	7
1	414	200.733747592147	6
1	418	205.336321711999	5
1	422	205.492562719155	6
1	424	205.695530183064	7
1	426	216.118935566337	6
1	430	216.785227708965	7
1	432	218.904771988728	6
1	436	222.737837046611	7
1	438	233.599818990934	6
1	442	233.835113985907	5
1	446	234.347795820354	4
1	450	234.847538581992	5
1	452	234.933060313455	4
1	456	235.077959887117	5
1	458	235.101788122141	6
1	460	235.251055836136	7
1	462	236.252923646547	6
1	466	237.821856679784	7
1	468	240.259231827545	6
1	472	241.87619612826	5
1	476	242.766400411507	4
1	480	242.882630896088	5
1	482	244.331318139534	4
1	486	245.92574232726	5
1	488	248.18578700588	4
1	492	248.895401619388	5
1	494	249.263583358022	4
1	498	250.009806336034	5
1	500	250.798175990858	6
1	502	254.522291471888	7
1	504	254.799504482138	6
1	508	255.374248077366	5
1	512	255.614845844388	4
1	516	255.864988317262	5
1	518	256.012663156351	4
1	522	259.403167459837	3
1	526	259.615448290508	4
1	528	260.371718398585	5
1	530	260.661317349448	6
1	532	262.833393005472	7
1	534	266.016893620899	6
1	538	266.467357349114	5
1	542	268.811308630385	6
1	544	269.36143994625	5
1	548	269.684672191287	6
1	550	270.871421888311	5
1	554	272.689164517097	4
1	558	274.012544254306	5
1	560	274.868650005654	6
1	562	280.532395000812	5
1	566	281.1599773651	4
1	570	281.552989275141	5
1	572	282.259415174787	6
1	574	282.800487364864	5
1	578	283.717967783446	6
1	580	285.051565287413	5
1	584	285.750342256942	4
1	588	288.211175310216	5
1	590	289.083354104905	4
1	594	291.23587080203	3
1	598	291.416056022088	2
1	602	292.560283284492	3
1	604	292.959339386017	4
1	606	293.759355175248	3
1	610	294.028900523428	4
1	612	296.268353739169	5
1	614	296.508806770693	4
1	618	297.434099360146	5
1	620	297.441194755469	6
1	622	298.974100236182	5
1	626	299.536951426193	6
1	628	299.568598522954	7
1	630	302.071568158742	6
1	634	305.269016389179	7
1	636	312.472271569655	6
1	640	317.650655538072	7
1	642	318.637859923812	6
1	646	324.372676632564	5
1	650	325.764919727199	4
1	654	325.792789844194	5
1	656	326.297898207142	6
1	658	327.324584917963	7
1	660	329.14245221088	6
1	664	329.703878542701	5
1	668	330.134831411336	6
1	670	330.164495239511	5
1	674	330.519999357607	6
1	676	331.504059641652	5
1	680	332.365597089558	6
1	682	332.446229299601	7
1	684	336.840288472269	6
1	688	336.846247591688	7
1	690	338.354371375929	6
1	694	343.179782517402	5
1	698	343.405903096653	4
1	702	344.653513059772	5
1	704	345.160759951876	6
1	706	347.425732886844	5
1	710	347.872257362842	4
1	714	349.07329448125	5
1	716	350.213852751733	4
1	720	350.792229174633	3
1	724	350.852139927808	2
1	728	351.171629503618	3
1	730	351.200030924065	4
1	732	351.777733347091	3
1	736	352.974260458137	4
1	738	353.048221160436	5
1	740	353.898598355232	4
1	744	354.036813399966	5
1	746	354.24227727384	6
1	748	354.801087292089	7
1	750	356.799884618058	6
1	754	362.563631995837	5
1	758	362.665641349577	6
1	760	365.860003473717	7
1	762	370.013831466333	6
1	766	370.319959446495	7
1	768	376.815964391207	6
1	772	377.018507773189	5
1	776	379.861610122371	6
1	778	382.446872794033	7
1	780	386.738459647954	6
1	784	390.351892987613	7
1	786	392.519852257871	6
1	790	394.089217365802	5
1	794	394.637966427974	4
1	798	394.917110034536	5
1	800	396.529017949848	4
1	804	397.019443508986	3
1	808	397.189002937382	4
1	810	397.610776608549	3
1	814	397.739661532066	4
1	816	398.878324556448	5
1	818	399.093620554437	6
1	820	401.248040485351	5
1	824	401.472126605486	6
1	826	403.982180644077	5
1	830	405.23463345098	6
1	832	405.735644633194	5
1	836	406.947616349632	6
1	838	408.574471954836	5
1	842	409.333075772454	6
1	844	415.428579967795	5
1	848	416.437396852926	6
1	850	418.480229380703	7
1	852	419.900833705192	6
1	856	420.344097243418	7
1	858	422.198432082357	6
1	862	422.614146854717	7
1	864	423.954950577753	6
1	868	425.85339036294	5
1	872	427.115371752728	6
1	874	429.644733021339	7
1	876	431.827462003481	6
1	880	432.141837281914	7
1	882	439.798479098339	6
1	886	441.777762059671	5
1	890	442.383358825913	6
1	892	443.3837975603	7
1	894	443.874493231695	6
1	898	444.310215647479	7
1	900	445.181621057053	6
1	904	445.741113166031	5
1	908	445.941856460581	6
1	910	446.067221989598	5
1	914	447.368652144838	6
1	916	447.535541931622	5
1	920	447.833138179298	6
1	922	448.010680864787	5
1	926	448.660586432997	4
1	930	449.419481309324	3
1	934	449.784328820679	4
1	936	452.68422908891	5
1	938	452.921694185584	6
1	940	453.970799352219	7
1	942	454.781522563744	6
1	946	457.128687764201	7
1	948	460.707787604493	6
1	952	464.942520411259	5
1	956	465.106343018565	4
1	960	465.793898293544	5
1	962	467.662249661862	6
1	964	471.242566543856	7
1	966	475.327592427422	6
1	970	475.70619119433	5
1	974	476.959529427354	6
1	976	477.845825405911	7
1	978	478.781607736918	6
1	982	479.157367820748	7
1	984	479.628286298013	6
1	988	481.987388939668	7
1	990	484.879747191043	6
1	994	487.396798614653	7
1	996	487.920147528293	6
1	1000	487.970253713057	5
1	1004	489.441599570605	4
1	1008	490.923967452356	5
1	1010	491.494898823049	6
1	1012	495.299259820499	7
1	1014	495.45474574166	6
1	1018	496.070084004417	7
1	1020	497.175103009407	6
1	1024	498.6519936719	7
1	1026	501.382506676163	6
1	1030	503.933343622926	7
1	1032	505.051127737162	6
1	1036	508.249487374636	5
1	1040	508.558487453567	4
1	1044	508.949187524876	5
1	1046	509.19728231684	6
1	1048	512.384084369899	5
1	1052	513.957529741963	4
1	1056	515.567672370913	5
1	1058	515.737322894376	6
1	1060	517.900876408944	5
1	1064	520.936871856944	6
1	1066	521.45212843926	7
1	1068	526.968980974995	6
1	1072	526.986945747846	7
1	1074	527.495237431002	6
1	1078	531.460080495906	7
1	1080	534.017702799083	6
1	1084	537.671023298408	5
1	1088	537.811706233398	6
1	1090	538.952303537117	5
1	1094	539.241480121734	6
1	1096	539.510035612734	5
1	1100	540.257049524997	6
1	1102	540.274069416929	7
1	1104	540.854114396803	6
1	1108	542.118095887294	5
1	1112	542.38920732963	6
1	1114	543.99369078546	7
1	1116	545.40948804878	6
1	1120	546.65185726391	7
1	1122	548.975088861523	6
1	1126	552.198968672879	7
1	1128	554.023191231455	6
1	1132	554.702903269167	5
1	1136	555.331211997791	6
1	1138	555.777929388717	5
1	1142	555.822152347263	6
1	1144	559.346389610244	7
1	1146	560.913251257994	6
1	1150	561.663528281025	7
1	1152	562.539042165664	6
1	1156	565.293073312952	5
1	1160	565.305351480346	6
1	1162	565.854490484578	5
1	1166	567.08201651462	6
1	1168	567.875148239178	5
1	1172	568.404661505756	4
1	1176	568.581527023395	5
1	1178	569.367273330294	6
1	1180	573.694840520672	5
1	1184	573.698405028876	6
1	1186	577.783393461049	5
1	1190	578.644354211351	6
1	1192	579.273620026667	5
1	1196	581.321515208466	6
1	1198	581.792109186199	5
1	1202	583.76117984992	6
1	1204	586.299615080261	7
1	1206	591.583083497419	6
1	1210	596.696442140967	7
1	1212	599.492748436024	6
1	1216	599.985318049859	5
1	1220	601.954335814524	6
1	1222	602.036418265578	5
1	1226	602.872574195805	4
1	1230	603.758449136857	3
1	1234	604.26586921017	4
1	1236	604.870426011602	5
1	1238	605.341366923392	6
1	1240	608.438713268456	7
1	1242	610.263368460729	6
1	1246	612.874022123611	7
1	1248	615.529536897904	6
1	1252	615.943748481652	5
1	1256	616.128550474278	6
1	1258	618.159828387028	5
1	1262	618.789270868487	6
1	1264	619.126136420425	7
1	1266	619.917551588444	6
1	1270	621.01710464442	5
1	1274	621.440972284904	6
1	1276	624.918483516345	5
1	1280	625.024510332391	6
1	1282	625.394300017436	5
1	1286	626.220399594353	6
1	1288	627.328822449397	7
1	1290	631.97297439848	6
1	1294	637.897354579608	5
1	1298	637.973948001903	6
1	1300	638.000549339417	5
1	1304	638.417528978798	4
1	1308	638.641596434054	3
1	1312	638.724083840705	2
1	1316	639.030852156539	3
1	1318	639.089269826091	4
1	1320	639.180497088296	5
1	1322	640.002839112785	6
1	1324	641.579779624403	5
1	1328	645.056051911638	6
1	1330	645.191802058137	5
1	1334	645.203058045736	6
1	1336	645.643360418237	7
1	1338	646.519613273805	6
1	1342	647.142731884579	7
1	1344	654.17530159768	6
1	1348	654.297712461391	7
1	1350	655.117600882597	6
1	1354	655.753566220601	7
1	1356	657.142692363891	6
1	1360	657.734331550761	7
1	1362	661.087948206335	6
1	1366	661.114451534797	5
1	1370	662.210141330435	6
1	1372	664.067596018839	7
1	1374	665.6439684462	6
1	1378	669.434546976225	7
1	1380	674.162066250709	6
1	1384	674.58240003056	7
1	1386	675.245282571456	6
1	1390	676.400721578876	5
1	1394	677.582699242696	6
1	1396	679.302581326287	5
1	1400	680.013742347493	4
1	1404	680.659106124757	5
1	1406	681.817700612756	6
1	1408	682.479702422999	7
1	1410	683.447415394739	6
1	1414	685.66553050706	7
1	1416	686.810618382317	6
1	1420	689.331212467535	7
1	1422	692.438671995238	6
1	1426	693.057404352185	5
1	1430	694.028277261444	6
1	1432	694.682106360294	5
1	1436	695.624192463645	4
1	1440	695.624205819539	5
1	1442	696.734554364895	4
1	1446	696.768639216577	5
1	1448	696.863729280243	6
1	1450	697.623408179022	5
1	1454	698.760808975719	6
1	1456	699.421969595821	5
1	1460	699.433503922266	6
1	1462	702.113886246387	7
1	1464	708.251991546077	6
1	1468	708.292543886573	5
1	1472	708.335889983974	6
1	1474	709.769213827789	7
1	1476	710.926454695264	6
1	1480	715.354901918149	7
1	1482	715.94069896626	6
1	1486	715.957139491161	7
1	1488	717.352833495666	6
1	1492	718.325378955812	5
1	1496	720.010335461182	4
1	1500	722.41480936261	5
1	1502	722.712668876102	6
1	1504	723.961232692774	7
1	1506	725.448772332099	6
1	1510	726.046573418871	5
1	1514	727.849428457809	4
1	1518	730.025325342098	5
1	1520	730.44616108468	6
1	1522	733.787681898223	7
1	1524	735.488496007281	6
1	1528	735.984831286145	7
1	1530	736.260724302861	6
1	1534	739.852318259242	5
1	1538	740.010509918928	6
1	1540	741.187855571009	7
1	1542	744.632767791213	6
1	1546	745.728672189671	5
1	1550	746.414943953541	4
1	1554	746.9721520258	3
1	1558	747.377638676472	4
1	1560	750.074984306364	5
1	1562	751.238267641371	6
1	1564	751.539893568704	7
1	1566	752.164845438309	6
1	1570	753.598935863912	7
1	1572	759.125184343615	6
1	1576	760.283760013397	5
1	1580	760.645742662576	6
1	1582	761.725802421005	5
1	1586	762.265078626729	4
1	1590	764.298706281806	5
1	1592	766.202212003891	6
1	1594	768.903981030666	7
1	1596	772.365344363484	6
1	1600	773.137365258707	5
1	1604	773.270969163429	6
1	1606	773.980940188492	5
1	1610	774.109039171872	4
1	1614	774.53411013142	5
1	1616	774.795950473883	6
1	1618	775.425507554959	5
1	1622	776.579720033882	4
1	1626	776.792440191167	5
1	1628	777.214106461878	6
1	1630	777.308243082805	7
1	1632	778.766901370669	6
1	1636	779.094662424063	7
1	1638	780.937917266191	6
1	1642	781.258518934372	7
1	1644	781.32982623997	6
1	1648	782.513286569324	7
1	1650	790.634753879325	6
1	1654	793.335283661869	7
1	1656	793.583915890666	6
1	1660	798.311713850594	5
1	1664	798.497873101307	6
1	1666	800.38414254583	5
1	1670	801.211111555875	4
1	1674	801.438563326958	5
1	1676	801.598073835517	6
1	1678	802.360837532367	7
1	1680	803.485691215782	6
1	1684	803.703308940236	7
1	1686	809.498715044996	6
1	1690	810.017538132463	7
1	1692	811.061197570292	6
1	1696	813.668939807185	7
1	1698	819.187376861544	6
1	1702	820.247502947442	7
1	1704	823.052642681555	6
1	1708	824.056076594451	5
1	1712	824.291880725164	6
1	1714	825.421273537134	5
1	1718	825.999599964901	6
1	1720	826.957373319559	5
1	1724	827.497250879936	4
1	1728	827.937352666488	5
1	1730	827.980635588072	6
1	1732	828.557880115991	7
1	1734	834.370480607872	6
1	1738	836.895743641567	5
1	1742	837.098786804759	4
1	1746	837.456869098596	5
1	1748	837.898940925735	4
1	1752	839.426262548969	5
1	1754	839.604934024803	4
1	1758	839.82678704035	5
1	1760	842.400208333963	6
1	1762	844.118296165498	7
1	1764	850.843298387558	6
1	1768	851.061749394243	5
1	1772	853.938788159468	4
1	1776	854.450628173791	3
1	1780	855.416554929655	2
1	1784	856.009598137701	1
1	1788	856.159407535488	2
1	1790	856.326490097075	3
1	1792	856.531428658833	4
1	1794	856.591995722625	3
1	1798	856.712589166841	2
1	1802	857.386248999698	3
1	1804	857.972525889066	4
1	1806	859.102433212349	5
1	1808	862.4690367693	6
1	1810	865.392119288813	5
1	1814	865.470857109144	6
1	1816	865.845295242179	5
1	1820	866.477412579401	6
1	1822	866.904994164754	5
1	1826	867.452963405415	6
1	1828	867.751092761819	7
1	1830	867.974027021854	6
1	1834	868.278208739213	7
1	1836	871.330540686666	6
1	1840	874.243216754031	7
1	1842	881.898283099149	6
1	1846	882.333021671523	7
1	1848	888.1318455167	6
1	1852	888.315738046743	7
1	1854	891.090370545001	6
1	1858	891.777618058199	7
1	1860	893.745335293189	6
1	1864	894.304139054861	7
1	1866	899.798736059777	6
1	1870	899.9425123316	5
1	1874	901.836873229737	4
1	1878	902.258422683222	5
1	1880	904.075071468961	4
1	1884	904.391187607711	5
1	1886	904.898317284098	6
1	1888	910.008296858937	7
1	1890	915.675016894175	6
1	1894	915.773672151424	5
1	1898	916.215405164656	6
1	1900	917.405659093626	5
1	1904	917.611000705808	6
1	1906	918.385768329329	7
1	1908	921.025887279301	6
1	1912	921.891527663073	7
1	1914	924.937146243138	6
1	1918	927.516065290195	5
1	1922	934.387693558499	6
1	1924	935.392376259947	5
1	1928	935.483952016627	4
1	1932	938.05109303462	5
1	1934	939.236288353102	4
1	1938	939.732119674309	5
1	1940	943.159546190993	6
1	1942	944.681117108958	5
1	1946	944.939440373239	6
1	1948	945.491097020771	7
1	1950	949.820212335312	6
1	1954	950.381209674756	5
1	1958	951.04799798695	4
1	1962	951.712211495567	5
1	1964	953.590450702854	6
1	1966	956.056658053146	5
1	1970	956.468964078324	4
1	1974	957.575354287607	5
1	1976	958.062520248566	4
1	1980	958.190796297236	5
1	1982	958.238933443024	4
1	1986	958.449008995689	3
1	1990	958.771381359672	2
1	1994	959.239402714272	3
1	1996	959.526946741485	4
1	1998	960.302106271731	5
1	2000	960.708322472984	4
1	2004	961.903544718075	5
1	2006	962.818882724622	6
1	2008	963.231016978075	5
1	2012	963.554015852918	6
1	2014	964.927890604711	5
1	2018	965.076984470615	4
1	2022	965.911054681046	5
1	2024	966.009633145231	6
1	2026	969.527175418906	7
1	2028	970.489720284472	6
1	2032	970.641082796908	5
1	2036	970.768534669242	6
1	2038	970.875358215475	5
1	2042	971.489950519907	6
1	2044	972.06541069271	7
1	2046	973.639611942123	6
1	2050	974.506116067055	5
1	2054	975.9334731994	4
1	2058	976.496980744776	3
1	2062	976.838712862408	2
1	2066	977.051837107015	3
1	2068	977.35566003642	4
1	2070	977.936598041336	3
1	2074	978.651383104546	4
1	2076	981.751768721927	5
1	2078	982.844361363276	4
1	2082	986.535667628908	5
1	2084	987.320503728793	4
1	2088	987.995100789169	5
1	2090	989.478167264815	6
1	2092	991.968773058068	5
1	2096	992.668675746204	6
1	2098	993.429865020529	7
1	2100	996.44334185151	6
1	2104	997.840775979358	7
1	2106	998.244950080217	6
1	2110	999.632565467366	5
2	257	102.026135825706	1
2	259	102.026135825706	2
2	263	106.699129003968	1
2	265	106.699129003968	2
2	267	107.221222281304	1
2	269	107.221222281304	2
2	275	111.788614345025	1
2	277	111.788614345025	2
2	279	112.221994737194	1
2	281	112.221994737194	2
2	287	113.239277107789	1
2	289	113.239277107789	2
2	291	117.568122860143	1
2	293	117.568122860143	2
2	297	120.142438681189	1
2	299	120.142438681189	2
2	301	120.173455581776	1
2	303	120.173455581776	2
2	309	124.460096822167	1
2	311	124.460096822167	2
2	315	124.557922334438	1
2	317	124.557922334438	2
2	323	127.602530951001	1
2	325	127.602530951001	2
2	327	130.900793915617	1
2	329	130.900793915617	2
2	333	132.391631082018	1
2	335	132.391631082018	2
2	341	134.815879211347	1
2	343	134.815879211347	2
2	345	137.732567550422	1
2	347	137.732567550422	2
2	351	141.495836983181	1
2	353	141.495836983181	2
2	359	163.355907954603	1
2	361	163.355907954603	2
2	365	173.253285450697	1
2	367	173.253285450697	2
2	369	177.605762991539	1
2	371	177.605762991539	2
2	375	181.291729372419	1
2	377	181.291729372419	2
2	383	186.50172696528	1
2	385	186.50172696528	2
2	387	188.216803865836	1
2	389	188.216803865836	2
2	395	191.913674095312	1
2	397	191.913674095312	2
2	399	192.839739194029	1
2	401	192.839739194029	2
2	405	195.550012428506	1
2	407	195.550012428506	2
2	413	200.733747592147	1
2	415	200.733747592147	2
2	417	205.336321711999	1
2	419	205.336321711999	2
2	425	216.118935566337	1
2	427	216.118935566337	2
2	431	218.904771988728	1
2	433	218.904771988728	2
2	437	233.599818990934	1
2	439	233.599818990934	2
2	441	233.835113985907	1
2	443	233.835113985907	2
2	445	234.347795820354	1
2	447	234.347795820354	2
2	451	234.933060313455	1
2	453	234.933060313455	2
2	461	236.252923646547	1
2	463	236.252923646547	2
2	467	240.259231827545	1
2	469	240.259231827545	2
2	471	241.87619612826	1
2	473	241.87619612826	2
2	475	242.766400411507	1
2	477	242.766400411507	2
2	481	244.331318139534	1
2	483	244.331318139534	2
2	487	248.18578700588	1
2	489	248.18578700588	2
2	493	249.263583358022	1
2	495	249.263583358022	2
2	503	254.799504482138	1
2	505	254.799504482138	2
2	507	255.374248077366	1
2	509	255.374248077366	2
2	511	255.614845844388	1
2	513	255.614845844388	2
2	517	256.012663156351	1
2	519	256.012663156351	2
2	521	259.403167459837	1
2	523	259.403167459837	2
2	533	266.016893620899	1
2	535	266.016893620899	2
2	537	266.467357349114	1
2	539	266.467357349114	2
2	543	269.36143994625	1
2	545	269.36143994625	2
2	549	270.871421888311	1
2	551	270.871421888311	2
2	553	272.689164517097	1
2	555	272.689164517097	2
2	561	280.532395000812	1
2	563	280.532395000812	2
2	565	281.1599773651	1
2	567	281.1599773651	2
2	573	282.800487364864	1
2	575	282.800487364864	2
2	579	285.051565287413	1
2	581	285.051565287413	2
2	583	285.750342256942	1
2	585	285.750342256942	2
2	589	289.083354104905	1
2	591	289.083354104905	2
2	593	291.23587080203	1
2	595	291.23587080203	2
2	597	291.416056022088	1
2	599	291.416056022088	2
2	605	293.759355175248	1
2	607	293.759355175248	2
2	613	296.508806770693	1
2	615	296.508806770693	2
2	621	298.974100236182	1
2	623	298.974100236182	2
2	629	302.071568158742	1
2	631	302.071568158742	2
2	635	312.472271569655	1
2	637	312.472271569655	2
2	641	318.637859923812	1
2	643	318.637859923812	2
2	645	324.372676632564	1
2	647	324.372676632564	2
2	649	325.764919727199	1
2	651	325.764919727199	2
2	659	329.14245221088	1
2	661	329.14245221088	2
2	663	329.703878542701	1
2	665	329.703878542701	2
2	669	330.164495239511	1
2	671	330.164495239511	2
2	675	331.504059641652	1
2	677	331.504059641652	2
2	683	336.840288472269	1
2	685	336.840288472269	2
2	689	338.354371375929	1
2	691	338.354371375929	2
2	693	343.179782517402	1
2	695	343.179782517402	2
2	697	343.405903096653	1
2	699	343.405903096653	2
2	705	347.425732886844	1
2	707	347.425732886844	2
2	709	347.872257362842	1
2	711	347.872257362842	2
2	715	350.213852751733	1
2	717	350.213852751733	2
2	719	350.792229174633	1
2	721	350.792229174633	2
2	723	350.852139927808	1
2	725	350.852139927808	2
2	731	351.777733347091	1
2	733	351.777733347091	2
2	739	353.898598355232	1
2	741	353.898598355232	2
2	749	356.799884618058	1
2	751	356.799884618058	2
2	753	362.563631995837	1
2	755	362.563631995837	2
2	761	370.013831466333	1
2	763	370.013831466333	2
2	767	376.815964391207	1
2	769	376.815964391207	2
2	771	377.018507773189	1
2	773	377.018507773189	2
2	779	386.738459647954	1
2	781	386.738459647954	2
2	785	392.519852257871	1
2	787	392.519852257871	2
2	789	394.089217365802	1
2	791	394.089217365802	2
2	793	394.637966427974	1
2	795	394.637966427974	2
2	799	396.529017949848	1
2	801	396.529017949848	2
2	803	397.019443508986	1
2	805	397.019443508986	2
2	809	397.610776608549	1
2	811	397.610776608549	2
2	819	401.248040485351	1
2	821	401.248040485351	2
2	825	403.982180644077	1
2	827	403.982180644077	2
2	831	405.735644633194	1
2	833	405.735644633194	2
2	837	408.574471954836	1
2	839	408.574471954836	2
2	843	415.428579967795	1
2	845	415.428579967795	2
2	851	419.900833705192	1
2	853	419.900833705192	2
2	857	422.198432082357	1
2	859	422.198432082357	2
2	863	423.954950577753	1
2	865	423.954950577753	2
2	867	425.85339036294	1
2	869	425.85339036294	2
2	875	431.827462003481	1
2	877	431.827462003481	2
2	881	439.798479098339	1
2	883	439.798479098339	2
2	885	441.777762059671	1
2	887	441.777762059671	2
2	893	443.874493231695	1
2	895	443.874493231695	2
2	899	445.181621057053	1
2	901	445.181621057053	2
2	903	445.741113166031	1
2	905	445.741113166031	2
2	909	446.067221989598	1
2	911	446.067221989598	2
2	915	447.535541931622	1
2	917	447.535541931622	2
2	921	448.010680864787	1
2	923	448.010680864787	2
2	925	448.660586432997	1
2	927	448.660586432997	2
2	929	449.419481309324	1
2	931	449.419481309324	2
2	941	454.781522563744	1
2	943	454.781522563744	2
2	947	460.707787604493	1
2	949	460.707787604493	2
2	951	464.942520411259	1
2	953	464.942520411259	2
2	955	465.106343018565	1
2	957	465.106343018565	2
2	965	475.327592427422	1
2	967	475.327592427422	2
2	969	475.70619119433	1
2	971	475.70619119433	2
2	977	478.781607736918	1
2	979	478.781607736918	2
2	983	479.628286298013	1
2	985	479.628286298013	2
2	989	484.879747191043	1
2	991	484.879747191043	2
2	995	487.920147528293	1
2	997	487.920147528293	2
2	999	487.970253713057	1
2	1001	487.970253713057	2
2	1003	489.441599570605	1
2	1005	489.441599570605	2
2	1013	495.45474574166	1
2	1015	495.45474574166	2
2	1019	497.175103009407	1
2	1021	497.175103009407	2
2	1025	501.382506676163	1
2	1027	501.382506676163	2
2	1031	505.051127737162	1
2	1033	505.051127737162	2
2	1035	508.249487374636	1
2	1037	508.249487374636	2
2	1039	508.558487453567	1
2	1041	508.558487453567	2
2	1047	512.384084369899	1
2	1049	512.384084369899	2
2	1051	513.957529741963	1
2	1053	513.957529741963	2
2	1059	517.900876408944	1
2	1061	517.900876408944	2
2	1067	526.968980974995	1
2	1069	526.968980974995	2
2	1073	527.495237431002	1
2	1075	527.495237431002	2
2	1079	534.017702799083	1
2	1081	534.017702799083	2
2	1083	537.671023298408	1
2	1085	537.671023298408	2
2	1089	538.952303537117	1
2	1091	538.952303537117	2
2	1095	539.510035612734	1
2	1097	539.510035612734	2
2	1103	540.854114396803	1
2	1105	540.854114396803	2
2	1107	542.118095887294	1
2	1109	542.118095887294	2
2	1115	545.40948804878	1
2	1117	545.40948804878	2
2	1121	548.975088861523	1
2	1123	548.975088861523	2
2	1127	554.023191231455	1
2	1129	554.023191231455	2
2	1131	554.702903269167	1
2	1133	554.702903269167	2
2	1137	555.777929388717	1
2	1139	555.777929388717	2
2	1145	560.913251257994	1
2	1147	560.913251257994	2
2	1151	562.539042165664	1
2	1153	562.539042165664	2
2	1155	565.293073312952	1
2	1157	565.293073312952	2
2	1161	565.854490484578	1
2	1163	565.854490484578	2
2	1167	567.875148239178	1
2	1169	567.875148239178	2
2	1171	568.404661505756	1
2	1173	568.404661505756	2
2	1179	573.694840520672	1
2	1181	573.694840520672	2
2	1185	577.783393461049	1
2	1187	577.783393461049	2
2	1191	579.273620026667	1
2	1193	579.273620026667	2
2	1197	581.792109186199	1
2	1199	581.792109186199	2
2	1205	591.583083497419	1
2	1207	591.583083497419	2
2	1211	599.492748436024	1
2	1213	599.492748436024	2
2	1215	599.985318049859	1
2	1217	599.985318049859	2
2	1221	602.036418265578	1
2	1223	602.036418265578	2
2	1225	602.872574195805	1
2	1227	602.872574195805	2
2	1229	603.758449136857	1
2	1231	603.758449136857	2
2	1241	610.263368460729	1
2	1243	610.263368460729	2
2	1247	615.529536897904	1
2	1249	615.529536897904	2
2	1251	615.943748481652	1
2	1253	615.943748481652	2
2	1257	618.159828387028	1
2	1259	618.159828387028	2
2	1265	619.917551588444	1
2	1267	619.917551588444	2
2	1269	621.01710464442	1
2	1271	621.01710464442	2
2	1275	624.918483516345	1
2	1277	624.918483516345	2
2	1281	625.394300017436	1
2	1283	625.394300017436	2
2	1289	631.97297439848	1
2	1291	631.97297439848	2
2	1293	637.897354579608	1
2	1295	637.897354579608	2
2	1299	638.000549339417	1
2	1301	638.000549339417	2
2	1303	638.417528978798	1
2	1305	638.417528978798	2
2	1307	638.641596434054	1
2	1309	638.641596434054	2
2	1311	638.724083840705	1
2	1313	638.724083840705	2
2	1323	641.579779624403	1
2	1325	641.579779624403	2
2	1329	645.191802058137	1
2	1331	645.191802058137	2
2	1337	646.519613273805	1
2	1339	646.519613273805	2
2	1343	654.17530159768	1
2	1345	654.17530159768	2
2	1349	655.117600882597	1
2	1351	655.117600882597	2
2	1355	657.142692363891	1
2	1357	657.142692363891	2
2	1361	661.087948206335	1
2	1363	661.087948206335	2
2	1365	661.114451534797	1
2	1367	661.114451534797	2
2	1373	665.6439684462	1
2	1375	665.6439684462	2
2	1379	674.162066250709	1
2	1381	674.162066250709	2
2	1385	675.245282571456	1
2	1387	675.245282571456	2
2	1389	676.400721578876	1
2	1391	676.400721578876	2
2	1395	679.302581326287	1
2	1397	679.302581326287	2
2	1399	680.013742347493	1
2	1401	680.013742347493	2
2	1409	683.447415394739	1
2	1411	683.447415394739	2
2	1415	686.810618382317	1
2	1417	686.810618382317	2
2	1421	692.438671995238	1
2	1423	692.438671995238	2
2	1425	693.057404352185	1
2	1427	693.057404352185	2
2	1431	694.682106360294	1
2	1433	694.682106360294	2
2	1435	695.624192463645	1
2	1437	695.624192463645	2
2	1441	696.734554364895	1
2	1443	696.734554364895	2
2	1449	697.623408179022	1
2	1451	697.623408179022	2
2	1455	699.421969595821	1
2	1457	699.421969595821	2
2	1463	708.251991546077	1
2	1465	708.251991546077	2
2	1467	708.292543886573	1
2	1469	708.292543886573	2
2	1475	710.926454695264	1
2	1477	710.926454695264	2
2	1481	715.94069896626	1
2	1483	715.94069896626	2
2	1487	717.352833495666	1
2	1489	717.352833495666	2
2	1491	718.325378955812	1
2	1493	718.325378955812	2
2	1495	720.010335461182	1
2	1497	720.010335461182	2
2	1505	725.448772332099	1
2	1507	725.448772332099	2
2	1509	726.046573418871	1
2	1511	726.046573418871	2
2	1513	727.849428457809	1
2	1515	727.849428457809	2
2	1523	735.488496007281	1
2	1525	735.488496007281	2
2	1529	736.260724302861	1
2	1531	736.260724302861	2
2	1533	739.852318259242	1
2	1535	739.852318259242	2
2	1541	744.632767791213	1
2	1543	744.632767791213	2
2	1545	745.728672189671	1
2	1547	745.728672189671	2
2	1549	746.414943953541	1
2	1551	746.414943953541	2
2	1553	746.9721520258	1
2	1555	746.9721520258	2
2	1565	752.164845438309	1
2	1567	752.164845438309	2
2	1571	759.125184343615	1
2	1573	759.125184343615	2
2	1575	760.283760013397	1
2	1577	760.283760013397	2
2	1581	761.725802421005	1
2	1583	761.725802421005	2
2	1585	762.265078626729	1
2	1587	762.265078626729	2
2	1595	772.365344363484	1
2	1597	772.365344363484	2
2	1599	773.137365258707	1
2	1601	773.137365258707	2
2	1605	773.980940188492	1
2	1607	773.980940188492	2
2	1609	774.109039171872	1
2	1611	774.109039171872	2
2	1617	775.425507554959	1
2	1619	775.425507554959	2
2	1621	776.579720033882	1
2	1623	776.579720033882	2
2	1631	778.766901370669	1
2	1633	778.766901370669	2
2	1637	780.937917266191	1
2	1639	780.937917266191	2
2	1643	781.32982623997	1
2	1645	781.32982623997	2
2	1649	790.634753879325	1
2	1651	790.634753879325	2
2	1655	793.583915890666	1
2	1657	793.583915890666	2
2	1659	798.311713850594	1
2	1661	798.311713850594	2
2	1665	800.38414254583	1
2	1667	800.38414254583	2
2	1669	801.211111555875	1
2	1671	801.211111555875	2
2	1679	803.485691215782	1
2	1681	803.485691215782	2
2	1685	809.498715044996	1
2	1687	809.498715044996	2
2	1691	811.061197570292	1
2	1693	811.061197570292	2
2	1697	819.187376861544	1
2	1699	819.187376861544	2
2	1703	823.052642681555	1
2	1705	823.052642681555	2
2	1707	824.056076594451	1
2	1709	824.056076594451	2
2	1713	825.421273537134	1
2	1715	825.421273537134	2
2	1719	826.957373319559	1
2	1721	826.957373319559	2
2	1723	827.497250879936	1
2	1725	827.497250879936	2
2	1733	834.370480607872	1
2	1735	834.370480607872	2
2	1737	836.895743641567	1
2	1739	836.895743641567	2
2	1741	837.098786804759	1
2	1743	837.098786804759	2
2	1747	837.898940925735	1
2	1749	837.898940925735	2
2	1753	839.604934024803	1
2	1755	839.604934024803	2
2	1763	850.843298387558	1
2	1765	850.843298387558	2
2	1767	851.061749394243	1
2	1769	851.061749394243	2
2	1771	853.938788159468	1
2	1773	853.938788159468	2
2	1775	854.450628173791	1
2	1777	854.450628173791	2
2	1779	855.416554929655	1
2	1781	855.416554929655	2
2	1783	856.009598137701	1
2	1785	856.009598137701	2
2	1793	856.591995722625	1
2	1795	856.591995722625	2
2	1797	856.712589166841	1
2	1799	856.712589166841	2
2	1809	865.392119288813	1
2	1811	865.392119288813	2
2	1815	865.845295242179	1
2	1817	865.845295242179	2
2	1821	866.904994164754	1
2	1823	866.904994164754	2
2	1829	867.974027021854	1
2	1831	867.974027021854	2
2	1835	871.330540686666	1
2	1837	871.330540686666	2
2	1841	881.898283099149	1
2	1843	881.898283099149	2
2	1847	888.1318455167	1
2	1849	888.1318455167	2
2	1853	891.090370545001	1
2	1855	891.090370545001	2
2	1859	893.745335293189	1
2	1861	893.745335293189	2
2	1865	899.798736059777	1
2	1867	899.798736059777	2
2	1869	899.9425123316	1
2	1871	899.9425123316	2
2	1873	901.836873229737	1
2	1875	901.836873229737	2
2	1879	904.075071468961	1
2	1881	904.075071468961	2
2	1889	915.675016894175	1
2	1891	915.675016894175	2
2	1893	915.773672151424	1
2	1895	915.773672151424	2
2	1899	917.405659093626	1
2	1901	917.405659093626	2
2	1907	921.025887279301	1
2	1909	921.025887279301	2
2	1913	924.937146243138	1
2	1915	924.937146243138	2
2	1917	927.516065290195	1
2	1919	927.516065290195	2
2	1923	935.392376259947	1
2	1925	935.392376259947	2
2	1927	935.483952016627	1
2	1929	935.483952016627	2
2	1933	939.236288353102	1
2	1935	939.236288353102	2
2	1941	944.681117108958	1
2	1943	944.681117108958	2
2	1949	949.820212335312	1
2	1951	949.820212335312	2
2	1953	950.381209674756	1
2	1955	950.381209674756	2
2	1957	951.04799798695	1
2	1959	951.04799798695	2
2	1965	956.056658053146	1
2	1967	956.056658053146	2
2	1969	956.468964078324	1
2	1971	956.468964078324	2
2	1975	958.062520248566	1
2	1977	958.062520248566	2
2	1981	958.238933443024	1
2	1983	958.238933443024	2
2	1985	958.449008995689	1
2	1987	958.449008995689	2
2	1989	958.771381359672	1
2	1991	958.771381359672	2
2	1999	960.708322472984	1
2	2001	960.708322472984	2
2	2007	963.231016978075	1
2	2009	963.231016978075	2
2	2013	964.927890604711	1
2	2015	964.927890604711	2
2	2017	965.076984470615	1
2	2019	965.076984470615	2
2	2027	970.489720284472	1
2	2029	970.489720284472	2
2	2031	970.641082796908	1
2	2033	970.641082796908	2
2	2037	970.875358215475	1
2	2039	970.875358215475	2
2	2045	973.639611942123	1
2	2047	973.639611942123	2
2	2049	974.506116067055	1
2	2051	974.506116067055	2
2	2053	975.9334731994	1
2	2055	975.9334731994	2
2	2057	976.496980744776	1
2	2059	976.496980744776	2
2	2061	976.838712862408	1
2	2063	976.838712862408	2
2	2069	977.936598041336	1
2	2071	977.936598041336	2
2	2077	982.844361363276	1
2	2079	982.844361363276	2
2	2083	987.320503728793	1
2	2085	987.320503728793	2
2	2091	991.968773058068	1
2	2093	991.968773058068	2
2	2099	996.44334185151	1
2	2101	996.44334185151	2
2	2105	998.244950080217	1
2	2107	998.244950080217	2
2	2109	999.632565467366	1
2	2111	999.632565467366	2
3	257	102.026135825706	5.113505476615
3	263	106.699129003968	8.943412865925
3	267	107.221222281304	5.195086455598
3	275	111.788614345025	5.089485341057
3	279	112.221994737194	5.00077245589
3	287	113.239277107789	1.450662762764
3	291	117.568122860143	5.346128122949
3	297	120.142438681189	6.9031615734
3	301	120.173455581776	2.605332721633
3	309	124.460096822167	4.317658140978
3	315	124.557922334438	4.384466752662
3	323	127.602530951001	3.142434128834
3	327	130.900793915617	6.342871581179
3	333	132.391631082018	4.789100131017
3	341	134.815879211347	3.91508529573
3	345	137.732567550422	5.340936468404
3	351	141.495836983181	6.679957771834
3	359	163.355907954603	25.623340404181
3	365	173.253285450697	31.757448467516
3	369	177.605762991539	14.249855036936
3	375	181.291729372419	8.038443921722
3	383	186.50172696528	8.895963973741
3	387	188.216803865836	6.925074493417
3	395	191.913674095312	5.411947130032
3	399	192.839739194029	4.622935328193
3	405	195.550012428506	3.636338333194
3	413	200.733747592147	7.894008398118
3	417	205.336321711999	9.786309283493
3	425	216.118935566337	15.38518797419
3	431	218.904771988728	13.568450276729
3	437	233.599818990934	17.480883424597
3	441	233.835113985907	14.930341997179
3	445	234.347795820354	0.74797682942
3	451	234.933060313455	1.097946327548
3	461	236.252923646547	1.905127826193
3	467	240.259231827545	5.32617151409
3	471	241.87619612826	5.623272481713
3	475	242.766400411507	2.507168583962
3	481	244.331318139534	2.455122011274
3	487	248.18578700588	5.419386594373
3	493	249.263583358022	4.932265218488
3	503	254.799504482138	6.613717476258
3	507	255.374248077366	6.110664719344
3	511	255.614845844388	0.81534136225
3	517	256.012663156351	0.638415078985
3	521	259.403167459837	3.788321615449
3	533	266.016893620899	10.004230464548
3	537	266.467357349114	7.064189889277
3	543	269.36143994625	3.344546325351
3	549	270.871421888311	4.404064539197
3	553	272.689164517097	3.327724570847
3	561	280.532395000812	9.660973112501
3	565	281.1599773651	8.470812848003
3	573	282.800487364864	2.268092364052
3	579	285.051565287413	3.891587922313
3	583	285.750342256942	2.949854892078
3	589	289.083354104905	4.031788817492
3	593	291.23587080203	5.485528545088
3	597	291.416056022088	2.332701917183
3	605	293.759355175248	2.523484373218
3	613	296.508806770693	5.092750748605
3	621	298.974100236182	5.214745060934
3	629	302.071568158742	5.562761388049
3	635	312.472271569655	13.498171333473
3	641	318.637859923812	16.56629176507
3	645	324.372676632564	11.900405062909
3	649	325.764919727199	7.127059803387
3	659	329.14245221088	4.769775578316
3	663	329.703878542701	3.938958815502
3	669	330.164495239511	1.022043028631
3	675	331.504059641652	1.800181098951
3	683	336.840288472269	6.675793232758
3	689	338.354371375929	6.850311734277
3	693	343.179782517402	6.339494045133
3	697	343.405903096653	5.051531720724
3	705	347.425732886844	4.245950369442
3	709	347.872257362842	4.466354266189
3	715	350.213852751733	2.788119864889
3	719	350.792229174633	2.919971811791
3	723	350.852139927808	0.638287176075
3	731	351.777733347091	0.985504172458
3	739	353.898598355232	3.046458427424
3	749	356.799884618058	5.022151270967
3	753	362.563631995837	8.665033640605
3	761	370.013831466333	13.213946848275
3	767	376.815964391207	14.25233239537
3	771	377.018507773189	7.004676306856
3	779	386.738459647954	9.922495256747
3	785	392.519852257871	15.501344484682
3	789	394.089217365802	7.350757717848
3	793	394.637966427974	2.118114170103
3	799	396.529017949848	2.439800584046
3	803	397.019443508986	2.381477081012
3	809	397.610776608549	1.081758658701
3	819	401.248040485351	4.228596976365
3	825	403.982180644077	6.371404035528
3	831	405.735644633194	4.487604147843
3	837	408.574471954836	4.592291310759
3	843	415.428579967795	9.692935334601
3	851	419.900833705192	11.326361750356
3	857	422.198432082357	6.769852114562
3	863	423.954950577753	4.054116872561
3	867	425.85339036294	3.654958280583
3	875	431.827462003481	7.872511425728
3	881	439.798479098339	13.945088735399
3	885	441.777762059671	9.95030005619
3	893	443.874493231695	4.076014133356
3	899	445.181621057053	3.403858997382
3	903	445.741113166031	1.866619934336
3	909	446.067221989598	0.885600932545
3	915	447.535541931622	1.794428765591
3	921	448.010680864787	1.943458875189
3	925	448.660586432997	1.125044501375
3	929	449.419481309324	1.408800444537
3	941	454.781522563744	6.120936130747
3	947	460.707787604493	11.288306295169
3	951	464.942520411259	10.160997847515
3	955	465.106343018565	4.398555414072
3	965	475.327592427422	10.385072016163
3	969	475.70619119433	10.599848175765
3	977	478.781607736918	3.454015309496
3	983	479.628286298013	3.922095103683
3	989	484.879747191043	6.098139454125
3	995	487.920147528293	8.29186123028
3	999	487.970253713057	3.090506522014
3	1003	489.441599570605	1.521452042312
3	1013	495.45474574166	7.484492028603
3	1019	497.175103009407	7.733503438802
3	1025	501.382506676163	5.927760934503
3	1031	505.051127737162	7.876024727755
3	1035	508.249487374636	6.866980698473
3	1039	508.558487453567	3.507359716405
3	1047	512.384084369899	4.134596995263
3	1051	513.957529741963	5.399042288396
3	1059	517.900876408944	5.516792039045
3	1067	526.968980974995	13.011451233032
3	1073	527.495237431002	9.594361022058
3	1079	534.017702799083	7.048721824088
3	1083	537.671023298408	10.175785867406
3	1089	538.952303537117	4.934600738034
3	1095	539.510035612734	1.839012314326
3	1103	540.854114396803	1.901810859686
3	1107	542.118095887294	2.60806027456
3	1115	545.40948804878	4.555373651977
3	1121	548.975088861523	6.856992974229
3	1127	554.023191231455	8.613703182675
3	1131	554.702903269167	5.727814407644
3	1137	555.777929388717	1.754738157262
3	1145	560.913251257994	6.210347988827
3	1151	562.539042165664	6.761112776947
3	1155	565.293073312952	4.379822054958
3	1161	565.854490484578	3.315448318914
3	1167	567.875148239178	2.582074926226
3	1171	568.404661505756	2.550171021178
3	1179	573.694840520672	5.819692281494
3	1185	577.783393461049	9.378731955293
3	1191	579.273620026667	5.578779505995
3	1197	581.792109186199	4.00871572515
3	1205	591.583083497419	12.309463470752
3	1211	599.492748436024	17.700639249825
3	1215	599.985318049859	8.40223455244
3	1221	602.036418265578	2.543669829554
3	1225	602.872574195805	2.887256145946
3	1229	603.758449136857	1.722030871279
3	1241	610.263368460729	7.390794264924
3	1247	615.529536897904	11.771087761047
3	1251	615.943748481652	5.680380020923
3	1257	618.159828387028	2.630291489124
3	1265	619.917551588444	3.973803106792
3	1269	621.01710464442	2.857276257392
3	1275	624.918483516345	5.000931927901
3	1281	625.394300017436	4.377195373016
3	1289	631.97297439848	7.054490882135
3	1293	637.897354579608	12.503054562172
3	1299	638.000549339417	6.027574940937
3	1303	638.417528978798	0.52017439919
3	1307	638.641596434054	0.641047094637
3	1311	638.724083840705	0.306554861907
3	1323	641.579779624403	2.938183190349
3	1329	645.191802058137	6.467718217432
3	1337	646.519613273805	4.939833649402
3	1343	654.17530159768	8.983499539543
3	1349	655.117600882597	8.597987608792
3	1355	657.142692363891	2.967390766211
3	1361	661.087948206335	5.970347323738
3	1365	661.114451534797	3.971759170906
3	1373	665.6439684462	4.556020239865
3	1379	674.162066250709	13.047614715912
3	1385	675.245282571456	9.601314125256
3	1389	676.400721578876	2.238655328167
3	1395	679.302581326287	4.057298754831
3	1399	680.013742347493	3.613020768617
3	1409	683.447415394739	4.144834068452
3	1415	686.810618382317	6.796876034824
3	1421	692.438671995238	8.991256600499
3	1425	693.057404352185	6.246785969868
3	1431	694.682106360294	2.243434365056
3	1435	695.624192463645	2.56678811146
3	1441	696.734554364895	2.052448004601
3	1449	697.623408179022	1.999215715377
3	1455	699.421969595821	2.687415230926
3	1463	708.251991546077	10.628583367055
3	1467	708.292543886573	8.870574290752
3	1475	710.926454695264	2.674463149187
3	1481	715.94069896626	7.648155079687
3	1487	717.352833495666	6.426378800402
3	1491	718.325378955812	2.384679989552
3	1495	720.010335461182	2.657501965516
3	1505	725.448772332099	7.123393376287
3	1509	726.046573418871	6.036237957689
3	1513	727.849428457809	2.40065612571
3	1523	735.488496007281	9.44192258841
3	1529	736.260724302861	8.411295845052
3	1533	739.852318259242	4.363822251961
3	1541	744.632767791213	8.372043488352
3	1545	745.728672189671	5.876353930429
3	1549	746.414943953541	1.782176162328
3	1553	746.9721520258	1.243479836129
3	1565	752.164845438309	5.749901484768
3	1571	759.125184343615	12.153032317815
3	1575	760.283760013397	8.118914575088
3	1581	761.725802421005	2.60061807739
3	1585	762.265078626729	1.981318613332
3	1595	772.365344363484	10.639541942479
3	1599	773.137365258707	10.872286631978
3	1605	773.980940188492	1.615595825008
3	1609	774.109039171872	0.971673913165
3	1617	775.425507554959	1.444567366467
3	1621	776.579720033882	2.47068086201
3	1631	778.766901370669	3.34139381571
3	1637	780.937917266191	4.358197232309
3	1643	781.32982623997	2.562924869301
3	1649	790.634753879325	9.696836613134
3	1655	793.583915890666	12.254089650696
3	1659	798.311713850594	7.676959971269
3	1665	800.38414254583	6.800226655164
3	1669	801.211111555875	2.899397705281
3	1679	803.485691215782	3.101548669952
3	1685	809.498715044996	8.287603489121
3	1691	811.061197570292	7.57550635451
3	1697	819.187376861544	9.688661816548
3	1703	823.052642681555	11.991445111263
3	1707	824.056076594451	4.868699732907
3	1713	825.421273537134	2.368630855579
3	1719	826.957373319559	2.901296725108
3	1723	827.497250879936	2.075977342802
3	1733	834.370480607872	7.413107288313
3	1737	836.895743641567	9.398492761631
3	1741	837.098786804759	2.728306196887
3	1747	837.898940925735	1.003197284168
3	1753	839.604934024803	2.506147220044
3	1763	850.843298387558	12.944357461823
3	1767	851.061749394243	11.45681536944
3	1771	853.938788159468	3.09548977191
3	1775	854.450628173791	3.388878779548
3	1779	855.416554929655	1.477766770187
3	1783	856.009598137701	1.55896996391
3	1793	856.591995722625	1.17544079297
3	1797	856.712589166841	0.70299102914
3	1809	865.392119288813	8.800123566188
3	1815	865.845295242179	9.132706075338
3	1821	866.904994164754	1.512874875941
3	1829	867.974027021854	2.128731779675
3	1835	871.330540686666	4.425546521912
3	1841	881.898283099149	13.924256077295
3	1847	888.1318455167	16.801304830034
3	1853	891.090370545001	9.192087445852
3	1859	893.745335293189	5.613489776489
3	1865	899.798736059777	8.708365514776
3	1869	899.9425123316	6.197177038411
3	1873	901.836873229737	2.03813716996
3	1879	904.075071468961	4.132559137361
3	1889	915.675016894175	13.838143664438
3	1893	915.773672151424	11.698600682463
3	1899	917.405659093626	1.730642199451
3	1907	921.025887279301	5.252215127877
3	1913	924.937146243138	7.531487149512
3	1917	927.516065290195	6.490178010894
3	1923	935.392376259947	10.455230016809
3	1927	935.483952016627	7.967886726432
3	1933	939.236288353102	3.843912093155
3	1941	944.681117108958	9.197165092331
3	1949	949.820212335312	10.58392398221
3	1953	950.381209674756	5.700092565798
3	1957	951.04799798695	1.227785651638
3	1965	956.056658053146	5.67544837839
3	1969	956.468964078324	5.420966091374
3	1975	958.062520248566	2.00586219542
3	1981	958.238933443024	1.7699693647
3	1985	958.449008995689	0.386488747123
3	1989	958.771381359672	0.532447916648
3	1999	960.708322472984	2.259313477295
3	2007	963.231016978075	4.459635618403
3	2013	964.927890604711	4.219568131727
3	2017	965.076984470615	1.84596749254
3	2027	970.489720284472	5.561829679761
3	2031	970.641082796908	5.564098326293
3	2037	970.875358215475	0.385637931003
3	2045	973.639611942123	2.998529145215
3	2049	974.506116067055	3.63075785158
3	2053	975.9334731994	2.293861257277
3	2057	976.496980744776	1.990864677721
3	2061	976.838712862408	0.905239663008
3	2069	977.936598041336	1.43961729656
3	2077	982.844361363276	6.005648500868
3	2083	987.320503728793	9.383905687457
3	2091	991.968773058068	9.124411694792
3	2099	996.44334185151	9.122838122717
3	2105	998.244950080217	6.276177022149
3	2109	999.632565467366	3.189223615856
4	258	102.026135825706	23.308744352099
4	264	106.699129003968	24.857836818412
4	268	107.221222281304	15.307539544756
4	276	111.788614345025	16.795595543155
4	280	112.221994737194	14.01505988677
4	288	113.239277107789	13.479282470949
4	292	117.568122860143	15.574712512778
4	298	120.142438681189	15.528004976328
4	302	120.173455581776	12.224713831799
4	310	124.460096822167	16.446136023042
4	316	124.557922334438	12.104958935161
4	324	127.602530951001	14.430271257684
4	328	130.900793915617	12.604816514837
4	334	132.391631082018	12.162461498787
4	342	134.815879211347	13.351372382003
4	346	137.732567550422	13.195650721662
4	352	141.495836983181	16.152240509638
4	360	163.355907954603	36.018292612859
4	366	173.253285450697	41.582274676922
4	370	177.605762991539	44.07195406716
4	376	181.291729372419	47.265381080509
4	384	186.50172696528	47.979944062938
4	388	188.216803865836	41.738155572775
4	396	191.913674095312	43.449573267398
4	400	192.839739194029	27.794024211548
4	406	195.550012428506	17.79744091187
4	414	200.733747592147	17.98952864737
4	418	205.336321711999	20.085523180549
4	426	216.118935566337	26.239260199933
4	432	218.904771988728	28.441955661981
4	438	233.599818990934	39.17517920743
4	442	233.835113985907	37.144754374052
4	446	234.347795820354	35.354974309752
4	452	234.933060313455	29.4404975943
4	462	236.252923646547	30.557393463483
4	468	240.259231827545	23.47400411858
4	472	241.87619612826	19.138359081649
4	476	242.766400411507	7.918861829515
4	482	244.331318139534	9.253358252417
4	488	248.18578700588	13.083998883739
4	494	249.263583358022	14.012527521886
4	504	254.799504482138	16.977647802354
4	508	255.374248077366	12.491617181278
4	512	255.614845844388	9.689103517128
4	518	256.012663156351	7.117261536963
4	522	259.403167459837	9.393361123803
4	534	266.016893620899	15.218717630041
4	538	266.467357349114	11.945065877226
4	544	269.36143994625	13.496451628988
4	550	270.871421888311	11.255973597803
4	554	272.689164517097	12.317446118512
4	562	280.532395000812	19.871077651364
4	566	281.1599773651	18.326584359628
4	574	282.800487364864	13.989178734479
4	580	285.051565287413	15.366893096126
4	584	285.750342256942	11.737798002636
4	590	289.083354104905	14.214704099251
4	594	291.23587080203	9.682881526889
4	598	291.416056022088	9.156640847301
4	606	293.759355175248	10.041387391802
4	614	296.508806770693	8.297631460477
4	622	298.974100236182	6.41381695169
4	630	302.071568158742	9.112228772725
4	636	312.472271569655	18.443371046227
4	642	318.637859923812	22.369506184643
4	646	324.372676632564	26.938577272418
4	650	325.764919727199	28.32372497173
4	660	329.14245221088	29.605500784687
4	664	329.703878542701	30.135280019747
4	670	330.164495239511	24.895478850332
4	676	331.504059641652	13.85340410358
4	684	336.840288472269	11.047498628075
4	690	338.354371375929	12.056473168787
4	694	343.179782517402	15.855197599439
4	698	343.405903096653	13.271071685317
4	706	347.425732886844	16.905733529237
4	710	347.872257362842	15.506660273284
4	716	350.213852751733	17.767623452132
4	720	350.792229174633	13.945981582945
4	724	350.852139927808	6.198626868036
4	732	351.777733347091	6.616973395215
4	740	353.898598355232	4.825303873982
4	750	356.799884618058	5.62825511444
4	754	362.563631995837	11.363601071772
4	762	370.013831466333	17.039571008196
4	768	376.815964391207	23.767743230771
4	772	377.018507773189	22.981694373223
4	780	386.738459647954	32.496182374114
4	786	392.519852257871	37.718764965782
4	790	394.089217365802	31.423576016225
4	794	394.637966427974	28.777962954257
4	800	396.529017949848	26.209058503353
4	804	397.019443508986	17.157833386615
4	810	397.610776608549	15.163903814516
4	820	401.248040485351	10.896147497738
4	826	403.982180644077	9.065070609541
4	832	405.735644633194	8.546641695812
4	838	408.574471954836	10.83481042277
4	844	415.428579967795	16.550255411347
4	852	419.900833705192	20.807213150755
4	858	422.198432082357	20.726305476871
4	864	423.954950577753	18.720317126773
4	868	425.85339036294	18.905774013308
4	876	431.827462003481	22.494386231027
4	882	439.798479098339	23.361082245413
4	886	441.777762059671	23.297532678968
4	894	443.874493231695	23.530395988277
4	900	445.181621057053	22.567474202336
4	904	445.741113166031	18.625741413303
4	910	446.067221989598	16.422488968259
4	916	447.535541931622	15.393704649708
4	922	448.010680864787	5.627322038874
4	926	448.660586432997	5.276788872697
4	930	449.419481309324	5.109265661845
4	942	454.781522563744	8.839666103163
4	948	460.707787604493	13.339135459655
4	952	464.942520411259	17.109382231961
4	956	465.106343018565	15.322014197886
4	966	475.327592427422	22.643363338512
4	970	475.70619119433	22.784497008746
4	978	478.781607736918	24.810808384699
4	984	479.628286298013	22.499598533812
4	990	484.879747191043	19.085848897499
4	996	487.920147528293	20.257897866431
4	1000	487.970253713057	16.727687169201
4	1004	489.441599570605	12.482070143251
4	1014	495.45474574166	17.608920335749
4	1020	497.175103009407	18.017735188659
4	1026	501.382506676163	19.395117736495
4	1032	505.051127737162	17.654329122509
4	1036	508.249487374636	17.32551992228
4	1040	508.558487453567	17.063588630518
4	1048	512.384084369899	17.0848245494
4	1052	513.957529741963	17.887445737546
4	1060	517.900876408944	19.248882737044
4	1068	526.968980974995	23.035637352069
4	1074	527.495237431002	18.546049906126
4	1080	534.017702799083	24.820420482243
4	1084	537.671023298408	22.103350927495
4	1090	538.952303537117	23.214980642741
4	1096	539.510035612734	18.57316375579
4	1104	540.854114396803	19.401985957543
4	1108	542.118095887294	15.131150139448
4	1116	545.40948804878	13.949407552874
4	1122	548.975088861523	11.163382628125
4	1128	554.023191231455	14.781711109721
4	1132	554.702903269167	14.44585374417
4	1138	555.777929388717	15.503859971788
4	1146	560.913251257994	18.524043928364
4	1152	562.539042165664	18.545351380204
4	1156	565.293073312952	18.641216049042
4	1162	565.854490484578	13.655521811699
4	1168	567.875148239178	12.543936241387
4	1172	568.404661505756	12.582509158493
4	1180	573.694840520672	14.348450910428
4	1186	577.783393461049	16.119865180024
4	1192	579.273620026667	13.968268546321
4	1198	581.792109186199	14.710092671579
4	1206	591.583083497419	23.001556474024
4	1212	599.492748436024	30.12547510573
4	1216	599.985318049859	26.286913020983
4	1222	602.036418265578	23.392064054227
4	1226	602.872574195805	21.551058987339
4	1230	603.758449136857	19.997269286937
4	1242	610.263368460729	23.963753380468
4	1248	615.529536897904	18.833094756937
4	1252	615.943748481652	13.989412667128
4	1258	618.159828387028	13.893959176858
4	1266	619.917551588444	15.047125576842
4	1270	621.01710464442	15.675737721028
4	1276	624.918483516345	16.479770247889
4	1282	625.394300017436	12.520277893825
4	1290	631.97297439848	15.844423924202
4	1294	637.897354579608	19.108083711121
4	1300	638.000549339417	18.874412918992
4	1304	638.417528978798	16.976556693894
4	1308	638.641596434054	13.617086101663
4	1312	638.724083840705	12.503684246352
4	1324	641.579779624403	14.250957175006
4	1330	645.191802058137	7.217854056234
4	1338	646.519613273805	7.488761117266
4	1344	654.17530159768	15.086031771589
4	1350	655.117600882597	15.937103794301
4	1356	657.142692363891	17.139853251106
4	1362	661.087948206335	16.031896294697
4	1366	661.114451534797	15.911393489061
4	1374	665.6439684462	20.000608027963
4	1380	674.162066250709	27.01933436613
4	1386	675.245282571456	20.947570110065
4	1390	676.400721578876	20.647155358275
4	1396	679.302581326287	21.568249775526
4	1400	680.013742347493	17.803601017058
4	1410	683.447415394739	19.3798193759
4	1416	686.810618382317	17.376071406092
4	1422	692.438671995238	17.856271964678
4	1426	693.057404352185	15.474705109489
4	1432	694.682106360294	14.023000235537
4	1436	695.624192463645	13.806491850889
4	1442	696.734554364895	14.254851941896
4	1450	697.623408179022	11.957877671962
4	1456	699.421969595821	10.090757128286
4	1464	708.251991546077	14.223714284633
4	1468	708.292543886573	12.668338067034
4	1476	710.926454695264	14.157815478687
4	1482	715.94069896626	19.076969686017
4	1488	717.352833495666	18.592024519947
4	1492	718.325378955812	18.891875033546
4	1496	720.010335461182	17.896449214795
4	1506	725.448772332099	17.112882348125
4	1510	726.046573418871	16.277359591082
4	1514	727.849428457809	12.49452653966
4	1524	735.488496007281	19.53135651612
4	1530	736.260724302861	13.845914940251
4	1534	739.852318259242	17.13964938314
4	1542	744.632767791213	20.671535098439
4	1546	745.728672189671	15.703346847573
4	1550	746.414943953541	15.968782868861
4	1554	746.9721520258	13.184470127577
4	1566	752.164845438309	16.180014152164
4	1572	759.125184343615	19.114674424687
4	1576	760.283760013397	19.095904442388
4	1582	761.725802421005	14.348163744533
4	1586	762.265078626729	12.190094320365
4	1596	772.365344363484	21.127076722113
4	1600	773.137365258707	21.597471690003
4	1606	773.980940188492	20.38200432458
4	1610	774.109039171872	13.463296509296
4	1618	775.425507554959	11.126801273153
4	1622	776.579720033882	10.377508029991
4	1632	778.766901370669	9.862920340003
4	1638	780.937917266191	7.666948102762
4	1644	781.32982623997	6.79571610855
4	1650	790.634753879325	15.838803405442
4	1656	793.583915890666	16.791475699499
4	1660	798.311713850594	21.097607388716
4	1666	800.38414254583	23.075899463025
4	1670	801.211111555875	22.116449131812
4	1680	803.485691215782	22.22717228141
4	1686	809.498715044996	26.985428475672
4	1692	811.061197570292	17.725913908423
4	1698	819.187376861544	20.689503760237
4	1704	823.052642681555	21.614079354597
4	1708	824.056076594451	22.458002758934
4	1714	825.421273537134	23.060436004767
4	1720	826.957373319559	23.254064379323
4	1724	827.497250879936	17.479712747473
4	1734	834.370480607872	20.701540800687
4	1738	836.895743641567	16.648240694125
4	1742	837.098786804759	12.806906079595
4	1748	837.898940925735	11.899340960834
4	1754	839.604934024803	11.667581358315
4	1764	850.843298387558	22.862662799486
4	1768	851.061749394243	22.503869278252
4	1772	853.938788159468	16.481919060872
4	1776	854.450628173791	15.024365624822
4	1780	855.416554929655	15.589767889305
4	1784	856.009598137701	13.609389803738
4	1794	856.591995722625	12.473699557127
4	1798	856.712589166841	0.553181631353
4	1810	865.392119288813	9.065629191738
4	1816	865.845295242179	9.313866583346
4	1822	866.904994164754	9.518745165056
4	1830	867.974027021854	10.001501132788
4	1836	871.330540686666	12.228107474317
4	1842	881.898283099149	19.429246329849
4	1848	888.1318455167	22.660988407556
4	1854	891.090370545001	24.6129579656
4	1860	893.745335293189	26.292371887774
4	1866	899.798736059777	32.047643297958
4	1870	899.9425123316	31.664303592387
4	1874	901.836873229737	27.593656475706
4	1880	904.075071468961	21.742049797438
4	1890	915.675016894175	27.359278847432
4	1894	915.773672151424	23.996054093225
4	1900	917.405659093626	23.101520038765
4	1908	921.025887279301	18.767464596079
4	1914	924.937146243138	20.545958635427
4	1918	927.516065290195	22.617748006097
4	1924	935.392376259947	25.38407940101
4	1928	935.483952016627	19.268546851971
4	1934	939.236288353102	21.625287647294
4	1942	944.681117108958	26.295348779629
4	1950	949.820212335312	27.928684672239
4	1954	950.381209674756	15.993516116257
4	1958	951.04799798695	12.99690495233
4	1966	956.056658053146	16.324538378837
4	1970	956.468964078324	13.309417887331
4	1976	958.062520248566	13.123079875327
4	1982	958.238933443024	12.747836422253
4	1986	958.449008995689	6.736797500122
4	1990	958.771381359672	5.180930656818
4	2000	960.708322472984	3.132968185377
4	2008	963.231016978075	5.040220680839
4	2014	964.927890604711	5.688487890439
4	2018	965.076984470615	5.55003772913
4	2028	970.489720284472	10.187614012741
4	2032	970.641082796908	8.737538078833
4	2038	970.875358215475	8.056475490853
4	2046	973.639611942123	10.085596089205
4	2050	974.506116067055	8.595061386009
4	2054	975.9334731994	9.923840054169
4	2058	976.496980744776	6.96980532587
4	2062	976.838712862408	6.070178193166
4	2070	977.936598041336	6.446647521429
4	2078	982.844361363276	10.778950670566
4	2084	987.320503728793	10.268666621778
4	2092	991.968773058068	14.613113021648
4	2100	996.44334185151	17.791958746964
4	2106	998.244950080217	16.49318135829
4	2110	999.632565467366	13.096897838458
5	258	102.026135825706	0
5	264	106.699129003968	0
5	268	107.221222281304	0
5	276	111.788614345025	0
5	280	112.221994737194	0
5	288	113.239277107789	0
5	292	117.568122860143	0
5	298	120.142438681189	0
5	302	120.173455581776	0
5	310	124.460096822167	0
5	316	124.557922334438	0
5	324	127.602530951001	0
5	328	130.900793915617	0
5	334	132.391631082018	0
5	342	134.815879211347	0
5	346	137.732567550422	0
5	352	141.495836983181	0
5	360	163.355907954603	0
5	366	173.253285450697	0
5	370	177.605762991539	0
5	376	181.291729372419	0
5	384	186.50172696528	0
5	388	188.216803865836	0
5	396	191.913674095312	0
5	400	192.839739194029	0
5	406	195.550012428506	0
5	414	200.733747592147	0
5	418	205.336321711999	0
5	426	216.118935566337	0
5	432	218.904771988728	0
5	438	233.599818990934	0
5	442	233.835113985907	0
5	446	234.347795820354	0
5	452	234.933060313455	0
5	462	236.252923646547	0
5	468	240.259231827545	0
5	472	241.87619612826	0
5	476	242.766400411507	0
5	482	244.331318139534	0
5	488	248.18578700588	0
5	494	249.263583358022	0
5	504	254.799504482138	0
5	508	255.374248077366	0
5	512	255.614845844388	0
5	518	256.012663156351	0
5	522	259.403167459837	0
5	534	266.016893620899	0
5	538	266.467357349114	0
5	544	269.36143994625	0
5	550	270.871421888311	0
5	554	272.689164517097	0
5	562	280.532395000812	0
5	566	281.1599773651	0
5	574	282.800487364864	0
5	580	285.051565287413	0
5	584	285.750342256942	0
5	590	289.083354104905	0
5	594	291.23587080203	0
5	598	291.416056022088	0
5	606	293.759355175248	0
5	614	296.508806770693	0
5	622	298.974100236182	0
5	630	302.071568158742	0
5	636	312.472271569655	0
5	642	318.637859923812	0
5	646	324.372676632564	0
5	650	325.764919727199	0
5	660	329.14245221088	0
5	664	329.703878542701	0
5	670	330.164495239511	0
5	676	331.504059641652	0
5	684	336.840288472269	0
5	690	338.354371375929	0
5	694	343.179782517402	0
5	698	343.405903096653	0
5	706	347.425732886844	0
5	710	347.872257362842	0
5	716	350.213852751733	0
5	720	350.792229174633	0
5	724	350.852139927808	0
5	732	351.777733347091	0
5	740	353.898598355232	0
5	750	356.799884618058	0
5	754	362.563631995837	0
5	762	370.013831466333	0
5	768	376.815964391207	0
5	772	377.018507773189	0
5	780	386.738459647954	0
5	786	392.519852257871	0
5	790	394.089217365802	0
5	794	394.637966427974	0
5	800	396.529017949848	0
5	804	397.019443508986	0
5	810	397.610776608549	0
5	820	401.248040485351	0
5	826	403.982180644077	0
5	832	405.735644633194	0
5	838	408.574471954836	0
5	844	415.428579967795	0
5	852	419.900833705192	0
5	858	422.198432082357	0
5	864	423.954950577753	0
5	868	425.85339036294	0
5	876	431.827462003481	0
5	882	439.798479098339	0
5	886	441.777762059671	0
5	894	443.874493231695	0
5	900	445.181621057053	0
5	904	445.741113166031	0
5	910	446.067221989598	0
5	916	447.535541931622	0
5	922	448.010680864787	0
5	926	448.660586432997	0
5	930	449.419481309324	0
5	942	454.781522563744	0
5	948	460.707787604493	0
5	952	464.942520411259	0
5	956	465.106343018565	0
5	966	475.327592427422	0
5	970	475.70619119433	0
5	978	478.781607736918	0
5	984	479.628286298013	0
5	990	484.879747191043	0
5	996	487.920147528293	0
5	1000	487.970253713057	0
5	1004	489.441599570605	0
5	1014	495.45474574166	0
5	1020	497.175103009407	0
5	1026	501.382506676163	0
5	1032	505.051127737162	0
5	1036	508.249487374636	0
5	1040	508.558487453567	0
5	1048	512.384084369899	0
5	1052	513.957529741963	0
5	1060	517.900876408944	0
5	1068	526.968980974995	0
5	1074	527.495237431002	0
5	1080	534.017702799083	0
5	1084	537.671023298408	0
5	1090	538.952303537117	0
5	1096	539.510035612734	0
5	1104	540.854114396803	0
5	1108	542.118095887294	0
5	1116	545.40948804878	0
5	1122	548.975088861523	0
5	1128	554.023191231455	0
5	1132	554.702903269167	0
5	1138	555.777929388717	0
5	1146	560.913251257994	0
5	1152	562.539042165664	0
5	1156	565.293073312952	0
5	1162	565.854490484578	0
5	1168	567.875148239178	0
5	1172	568.404661505756	0
5	1180	573.694840520672	0
5	1186	577.783393461049	0
5	1192	579.273620026667	0
5	1198	581.792109186199	0
5	1206	591.583083497419	0
5	1212	599.492748436024	0
5	1216	599.985318049859	0
5	1222	602.036418265578	0
5	1226	602.872574195805	0
5	1230	603.758449136857	0
5	1242	610.263368460729	0
5	1248	615.529536897904	0
5	1252	615.943748481652	0
5	1258	618.159828387028	0
5	1266	619.917551588444	0
5	1270	621.01710464442	0
5	1276	624.918483516345	0
5	1282	625.394300017436	0
5	1290	631.97297439848	0
5	1294	637.897354579608	0
5	1300	638.000549339417	0
5	1304	638.417528978798	0
5	1308	638.641596434054	0
5	1312	638.724083840705	0
5	1324	641.579779624403	0
5	1330	645.191802058137	0
5	1338	646.519613273805	0
5	1344	654.17530159768	0
5	1350	655.117600882597	0
5	1356	657.142692363891	0
5	1362	661.087948206335	0
5	1366	661.114451534797	0
5	1374	665.6439684462	0
5	1380	674.162066250709	0
5	1386	675.245282571456	0
5	1390	676.400721578876	0
5	1396	679.302581326287	0
5	1400	680.013742347493	0
5	1410	683.447415394739	0
5	1416	686.810618382317	0
5	1422	692.438671995238	0
5	1426	693.057404352185	0
5	1432	694.682106360294	0
5	1436	695.624192463645	0
5	1442	696.734554364895	0
5	1450	697.623408179022	0
5	1456	699.421969595821	0
5	1464	708.251991546077	0
5	1468	708.292543886573	0
5	1476	710.926454695264	0
5	1482	715.94069896626	0
5	1488	717.352833495666	0
5	1492	718.325378955812	0
5	1496	720.010335461182	0
5	1506	725.448772332099	0
5	1510	726.046573418871	0
5	1514	727.849428457809	0
5	1524	735.488496007281	0
5	1530	736.260724302861	0
5	1534	739.852318259242	0
5	1542	744.632767791213	0
5	1546	745.728672189671	0
5	1550	746.414943953541	0
5	1554	746.9721520258	0
5	1566	752.164845438309	0
5	1572	759.125184343615	0
5	1576	760.283760013397	0
5	1582	761.725802421005	0
5	1586	762.265078626729	0
5	1596	772.365344363484	0
5	1600	773.137365258707	0
5	1606	773.980940188492	0
5	1610	774.109039171872	0
5	1618	775.425507554959	0
5	1622	776.579720033882	0
5	1632	778.766901370669	0
5	1638	780.937917266191	0
5	1644	781.32982623997	0
5	1650	790.634753879325	0
5	1656	793.583915890666	0
5	1660	798.311713850594	0
5	1666	800.38414254583	0
5	1670	801.211111555875	0
5	1680	803.485691215782	0
5	1686	809.498715044996	0
5	1692	811.061197570292	0
5	1698	819.187376861544	0
5	1704	823.052642681555	0
5	1708	824.056076594451	0
5	1714	825.421273537134	0
5	1720	826.957373319559	0
5	1724	827.497250879936	0
5	1734	834.370480607872	0
5	1738	836.895743641567	0
5	1742	837.098786804759	0
5	1748	837.898940925735	0
5	1754	839.604934024803	0
5	1764	850.843298387558	0
5	1768	851.061749394243	0
5	1772	853.938788159468	0
5	1776	854.450628173791	0
5	1780	855.416554929655	0
5	1784	856.009598137701	0
5	1794	856.591995722625	0
5	1798	856.712589166841	0
5	1810	865.392119288813	0
5	1816	865.845295242179	0
5	1822	866.904994164754	0
5	1830	867.974027021854	0
5	1836	871.330540686666	0
5	1842	881.898283099149	0
5	1848	888.1318455167	0
5	1854	891.090370545001	0
5	1860	893.745335293189	0
5	1866	899.798736059777	0
5	1870	899.9425123316	0
5	1874	901.836873229737	0
5	1880	904.075071468961	0
5	1890	915.675016894175	0
5	1894	915.773672151424	0
5	1900	917.405659093626	0
5	1908	921.025887279301	0
5	1914	924.937146243138	0
5	1918	927.516065290195	0
5	1924	935.392376259947	0
5	1928	935.483952016627	0
5	1934	939.236288353102	0
5	1942	944.681117108958	0
5	1950	949.820212335312	0
5	1954	950.381209674756	0
5	1958	951.04799798695	0
5	1966	956.056658053146	0
5	1970	956.468964078324	0
5	1976	958.062520248566	0
5	1982	958.238933443024	0
5	1986	958.449008995689	0
5	1990	958.771381359672	0
5	2000	960.708322472984	0
5	2008	963.231016978075	0
5	2014	964.927890604711	0
5	2018	965.076984470615	0
5	2028	970.489720284472	0
5	2032	970.641082796908	0
5	2038	970.875358215475	0
5	2046	973.639611942123	0
5	2050	974.506116067055	0
5	2054	975.9334731994	0
5	2058	976.496980744776	0
5	2062	976.838712862408	0
5	2070	977.936598041336	0
5	2078	982.844361363276	0
5	2084	987.320503728793	0
5	2092	991.968773058068	0
5	2100	996.44334185151	0
5	2106	998.244950080217	0
5	2110	999.632565467366	0

