version 3
run General-34-20221103-10:28:22-6760
attr configname General
attr datetime 20221103-10:28:22
attr datetimef 20221103-102822
attr experiment General
attr inifile block.ini
attr iterationvars "$0=4, $1=10"
attr iterationvarsd 4/10
attr iterationvarsf 4,10-
attr measurement "$0=4, $1=10"
attr network Block
attr processid 6760
attr repetition 4
attr replication #4
attr resultdir results
attr runnumber 34
attr seedset 34
config network Block
config repeat 5
config sim-time-limit 1000s
config warmup-period 100s
config **.alloca.resourceModuleName "\"risorse\""
config **.dealloca.resourceModuleName "\"risorse\""
config **.is.delay exponential(3s)
config **.servente.serviceTime exponential(4s)
config **.dealloca.resourceAmount 2
config **.alloca.resourceAmount 2
config **.risorse.amount 6
config **.sorgente.numJobs (10)
config **.result-recording-modes all

vector 0 Block.is delayedJobs:vector ETV
attr interpolationmode sample-hold
attr recordingmode vector
attr title "number of delayed jobs"
vector 1 Block.alloca queueLength:vector ETV
attr interpolationmode sample-hold
attr recordingmode vector
attr title "queue length"
vector 2 Block.servente queueLength:vector ETV
attr interpolationmode sample-hold
attr recordingmode vector
attr title "queue length"
vector 3 Block.servente queueingTime:vector ETV
attr interpolationmode none
attr recordingmode vector
attr title "queueing time at dequeue"
attr unit s
vector 4 Block.alloca queueingTime:vector ETV
attr interpolationmode none
attr recordingmode vector
attr title "queueing time at dequeue"
attr unit s
vector 5 Block.risorse amount:vector ETV
attr interpolationmode sample-hold
attr recordingmode vector
attr title "available resource"
0	157	101.119169003782	1
0	159	104.475196614698	0
0	164	122.033484382358	1
0	165	122.545616012105	0
0	170	126.900047175871	1
0	174	126.945050862746	2
0	175	127.660226168999	1
0	177	128.661804012128	0
0	182	130.073392826187	1
0	183	130.649392919569	0
0	188	130.99096927664	1
0	189	133.160539540209	0
0	194	138.865972185218	1
0	195	145.5678800723	0
0	200	147.251442858241	1
0	201	154.969945723377	0
0	206	156.116342895432	1
0	210	157.331694152492	2
0	211	159.409080164017	1
0	213	161.539617137365	0
0	218	168.779468851686	1
0	222	172.590604060514	2
0	223	173.939972426306	1
0	228	179.535691841686	2
0	229	180.762601331502	1
0	231	184.287175874548	0
0	236	196.248302923712	1
0	237	198.105680404571	0
0	242	204.598500901938	1
0	243	205.903289906398	0
0	248	209.331133849984	1
0	249	209.675994408003	0
0	254	211.457884654379	1
0	258	215.347121337431	2
0	259	215.83841555365	1
0	264	222.849620297027	2
0	268	223.436372466319	3
0	269	223.828523645014	2
0	271	224.012635258205	1
0	276	225.911310820158	2
0	280	226.047239232937	3
0	281	226.806256346366	2
0	283	227.039598948345	1
0	285	229.04115069026	0
0	290	235.794050405106	1
0	294	236.143409772857	2
0	295	238.296419881519	1
0	300	240.021577390436	2
0	301	240.267363562131	1
0	303	240.650221056632	0
0	308	246.609765390741	1
0	309	246.714035918014	0
0	314	252.274223140725	1
0	315	254.779401495436	0
0	320	255.150300621699	1
0	321	255.636705488328	0
0	326	255.820145690289	1
0	330	256.478318489214	2
0	331	256.580496127135	1
0	336	256.58948335895	2
0	337	256.648327383813	1
0	342	257.564191398046	2
0	343	259.790165286928	1
0	348	260.74407580549	2
0	349	261.412583332919	1
0	351	263.345445464647	0
0	356	263.581162116549	1
0	360	264.650978753847	2
0	361	264.88631179662	1
0	366	265.983346130443	2
0	370	266.935307119513	3
0	374	268.349710410093	4
0	375	268.517173441755	3
0	377	269.015433790477	2
0	379	269.383617284336	1
0	384	271.902234495776	2
0	385	272.266094583045	1
0	387	273.839280479993	0
0	392	274.918333324014	1
0	393	275.491903343418	0
0	398	277.247303678129	1
0	402	281.999357030683	2
0	403	282.125249825883	1
0	405	286.418095097274	0
0	410	295.294373278124	1
0	414	296.341754068634	2
0	418	298.363772041924	3
0	419	301.01393497805	2
0	421	301.82830999183	1
0	426	302.609456101763	2
0	427	302.895763651926	1
0	429	308.114877453782	0
0	434	312.766709286096	1
0	438	317.226569345975	2
0	439	317.583315417567	1
0	441	322.682456831628	0
0	446	328.174745952856	1
0	447	328.311171498285	0
0	452	354.205996991603	1
0	456	355.203999795076	2
0	460	356.072024388528	3
0	461	358.302909155813	2
0	466	358.553135747193	3
0	470	359.871968591837	4
0	474	359.945245994253	5
0	475	361.079604822002	4
0	477	361.219979849519	3
0	479	361.53530022058	2
0	481	361.853959045339	1
0	483	364.309310343668	0
0	488	372.429626400048	1
0	492	376.185127601178	2
0	493	377.290050820479	1
0	495	384.768943744361	0
0	500	385.06024280741	1
0	501	385.596998168075	0
0	506	387.222607458111	1
0	507	390.114972264905	0
0	512	402.379197422805	1
0	513	402.450006723303	0
0	518	404.33854480255	1
0	519	404.584564640696	0
0	524	411.947033812396	1
0	528	414.398566349142	2
0	532	415.516033918042	3
0	533	417.847749060597	2
0	538	419.134081972009	3
0	539	421.966926150834	2
0	541	422.195322839158	1
0	546	424.34865417555	2
0	547	425.060695186306	1
0	549	425.108932452931	0
0	554	429.620452998476	1
0	555	431.693081504362	0
0	560	435.803612361549	1
0	564	440.082876603723	2
0	565	440.706186827395	1
0	570	441.303627276803	2
0	574	444.014120929495	3
0	575	445.883613768563	2
0	577	446.46192706848	1
0	579	446.86678830611	0
0	584	447.4415638561	1
0	585	450.088424929341	0
0	590	456.660717103196	1
0	594	458.358127104751	2
0	595	458.509176933331	1
0	597	459.332956583824	0
0	602	466.286210870102	1
0	606	469.481165896991	2
0	610	471.005929457251	3
0	611	471.455408842695	2
0	616	471.602139407792	3
0	620	471.700659809979	4
0	621	472.512080915197	3
0	626	474.38822825483	4
0	627	474.604110182853	3
0	629	474.770283924297	2
0	631	477.435393006649	1
0	636	478.416271579476	2
0	637	478.603774340188	1
0	642	480.223750933242	2
0	643	480.493816773016	1
0	645	484.569342876211	0
0	650	485.644585839178	1
0	654	490.070152085845	2
0	655	490.576158634983	1
0	657	492.039080631537	0
0	662	500.566038233476	1
0	666	502.343427178221	2
0	670	502.873287229115	3
0	674	505.775612220827	4
0	675	507.0278646954	3
0	677	507.377812170161	2
0	679	511.10674786128	1
0	684	515.186956845067	2
0	688	518.076494112936	3
0	689	518.572966638424	2
0	691	519.273979309146	1
0	696	520.470460825569	2
0	700	523.24558735362	3
0	701	523.63899066927	2
0	703	524.165304345721	1
0	705	525.032727638168	0
0	710	530.844916020055	1
0	711	534.17978948238	0
0	716	544.441572883342	1
0	717	546.952992047815	0
0	722	548.17887999863	1
0	723	548.268129104445	0
0	728	549.684796274613	1
0	732	556.054604738911	2
0	733	556.275248883297	1
0	738	558.935542390394	2
0	739	559.200454622201	1
0	741	560.101978648702	0
0	746	564.846452359888	1
0	747	564.857875593114	0
0	752	568.773536104586	1
0	753	569.328808205243	0
0	758	577.840275317388	1
0	759	578.200946516665	0
0	764	578.32444640517	1
0	765	578.557676386627	0
0	770	580.696777830092	1
0	771	580.928839344152	0
0	776	583.183567684725	1
0	780	583.702380000797	2
0	781	584.394344283328	1
0	783	585.08452880129	0
0	788	587.662571840546	1
0	792	588.094377180006	2
0	793	588.104002954006	1
0	795	588.566541565872	0
0	800	598.827107888869	1
0	801	599.257789396028	0
0	806	601.375774305589	1
0	807	601.969260180455	0
0	812	609.736887286565	1
0	813	610.113051123532	0
0	818	610.588789292385	1
0	822	612.849494124862	2
0	823	616.801695835988	1
0	828	617.319928181173	2
0	829	618.060467220813	1
0	831	618.076224051892	0
0	836	619.546019449682	1
0	837	619.586486611456	0
0	842	635.168927623593	1
0	843	635.688322744681	0
0	848	636.335874431314	1
0	849	636.373817012237	0
0	854	637.467575000509	1
0	858	638.892026150251	2
0	859	639.045712631791	1
0	864	640.244111677731	2
0	868	641.771124897677	3
0	869	641.881560220324	2
0	874	641.929677995872	3
0	875	642.02795232282	2
0	877	644.565882948877	1
0	882	645.00803613975	2
0	883	647.383300273205	1
0	888	653.608128647235	2
0	892	654.490351676508	3
0	893	656.084225120218	2
0	895	656.27297934141	1
0	900	657.39004339705	2
0	901	658.99878123164	1
0	906	661.020062269283	2
0	907	661.972662503863	1
0	912	667.594135478628	2
0	913	667.97701970159	1
0	915	672.617161366198	0
0	920	674.915183505717	1
0	924	675.570720924658	2
0	928	675.716320170247	3
0	929	676.172834022517	2
0	931	677.423413535389	1
0	936	680.167054646986	2
0	940	681.834938439897	3
0	941	683.121012148966	2
0	946	683.680759685446	3
0	950	684.929252984503	4
0	951	685.102768008373	3
0	956	685.202124292073	4
0	957	685.299149378304	3
0	959	686.593381054511	2
0	961	688.615418120839	1
0	963	691.038880373476	0
0	968	694.090880350359	1
0	969	696.041881102438	0
0	974	705.520657605613	1
0	978	708.296313864725	2
0	979	708.753261071469	1
0	981	709.18265312945	0
0	986	709.437189812568	1
0	987	709.455771252622	0
0	992	711.126246008836	1
0	996	711.147121959341	2
0	997	711.306838760097	1
0	999	711.65304890862	0
0	1004	713.325739597553	1
0	1008	715.987491364568	2
0	1009	718.47148369447	1
0	1014	720.314449112591	2
0	1015	720.601911944608	1
0	1017	720.819500164052	0
0	1022	721.500278811334	1
0	1026	721.699889567909	2
0	1027	722.394121810008	1
0	1032	723.022548556326	2
0	1036	723.763073305231	3
0	1037	724.378129781001	2
0	1039	725.175936724353	1
0	1044	727.295184816154	2
0	1045	729.699530629449	1
0	1047	731.390402837323	0
0	1052	739.002088666361	1
0	1053	739.753025319426	0
0	1058	745.239022068864	1
0	1062	751.200195568617	2
0	1066	751.408193465518	3
0	1067	751.462933900506	2
0	1072	752.022649886976	3
0	1073	752.695239703853	2
0	1075	753.326118455303	1
0	1080	756.423802089801	2
0	1084	757.013286785867	3
0	1085	757.825619963407	2
0	1087	758.396615751346	1
0	1089	760.27397575323	0
0	1094	763.52016978136	1
0	1095	763.917423668936	0
0	1100	767.757242494856	1
0	1101	770.431798188122	0
0	1106	773.145614014564	1
0	1110	773.24321787032	2
0	1111	774.369046334355	1
0	1113	775.213300110725	0
0	1118	780.010629685248	1
0	1119	781.62500873244	0
0	1124	783.169473770259	1
0	1125	785.015218966874	0
0	1130	790.153073586946	1
0	1134	790.499828998554	2
0	1138	790.654736650437	3
0	1139	790.822774998361	2
0	1141	790.834479959765	1
0	1143	794.337071608536	0
0	1148	794.978061974877	1
0	1149	801.020676879229	0
0	1154	804.708568112538	1
0	1155	804.874808666311	0
0	1160	807.759912087942	1
0	1164	812.014167094534	2
0	1165	812.924831541996	1
0	1170	813.225635367195	2
0	1171	815.652994799678	1
0	1173	818.11709752659	0
0	1178	819.862647165239	1
0	1179	820.276118092146	0
0	1184	831.114775255366	1
0	1185	832.491116710293	0
0	1190	836.807454048116	1
0	1194	837.613152091291	2
0	1195	839.568814564116	1
0	1197	840.24668250781	0
0	1202	840.466740800865	1
0	1203	840.712078740072	0
0	1208	859.962406176961	1
0	1209	861.764903342193	0
0	1214	864.516247769874	1
0	1218	870.930444456789	2
0	1219	872.481753407914	1
0	1221	875.242723199554	0
0	1226	875.791464524187	1
0	1230	876.266238476321	2
0	1234	877.497448871753	3
0	1235	880.399549453802	2
0	1237	882.280820336647	1
0	1242	882.594463265146	2
0	1243	883.819628299939	1
0	1248	884.400844319285	2
0	1249	886.344098377242	1
0	1251	886.628903748022	0
0	1256	894.979480518318	1
0	1260	897.326556604146	2
0	1264	900.567569557507	3
0	1265	900.575145104837	2
0	1270	900.948801653525	3
0	1271	901.998737707757	2
0	1273	902.212758087098	1
0	1278	902.61861566613	2
0	1279	903.082649981182	1
0	1281	903.923516386073	0
0	1286	907.450516954728	1
0	1290	907.656903934831	2
0	1291	908.637155152801	1
0	1296	908.908298064645	2
0	1297	909.997317009931	1
0	1302	910.596001709806	2
0	1306	911.264802796677	3
0	1307	911.282024982877	2
0	1309	915.585542454341	1
0	1314	916.099429653293	2
0	1315	919.179819105154	1
0	1317	923.884197908011	0
0	1322	925.101713029697	1
0	1326	925.459966481672	2
0	1330	927.727072207716	3
0	1331	927.729269282699	2
0	1333	927.755643539516	1
0	1335	928.499957335615	0
0	1340	928.875639984324	1
0	1341	931.293804786795	0
0	1346	931.638718055291	1
0	1350	932.149441185834	2
0	1351	933.842132036935	1
0	1353	935.052606486861	0
0	1358	939.860485256782	1
0	1359	941.421630125082	0
0	1364	944.807299819796	1
0	1365	949.973523697589	0
0	1370	952.617000628684	1
0	1371	954.407861467201	0
0	1376	960.539663794512	1
0	1380	964.307517669084	2
0	1384	964.74236275821	3
0	1385	967.104165103327	2
0	1387	968.440589021133	1
0	1389	969.713904741992	0
0	1394	971.698067632599	1
0	1398	975.669080835357	2
0	1399	975.958817721384	1
0	1401	978.099522482608	0
0	1406	978.730403129808	1
0	1410	980.264992457874	2
0	1411	981.608464028113	1
0	1416	982.627288459677	2
0	1420	982.774690653571	3
0	1424	983.147172596515	4
0	1425	984.932387994091	3
0	1427	985.256560538151	2
0	1429	988.85973990668	1
0	1431	989.388744906159	0
1	158	101.119169003782	6
1	160	104.475196614698	7
1	162	122.033484382358	6
1	166	122.545616012105	7
1	168	126.900047175871	6
1	172	126.945050862746	5
1	176	127.660226168999	6
1	178	128.661804012128	7
1	180	130.073392826187	6
1	184	130.649392919569	7
1	186	130.99096927664	6
1	190	133.160539540209	7
1	192	138.865972185218	6
1	196	145.5678800723	7
1	198	147.251442858241	6
1	202	154.969945723377	7
1	204	156.116342895432	6
1	208	157.331694152492	5
1	212	159.409080164017	6
1	214	161.539617137365	7
1	216	168.779468851686	6
1	220	172.590604060514	5
1	224	173.939972426306	6
1	226	179.535691841686	5
1	230	180.762601331502	6
1	232	184.287175874548	7
1	234	196.248302923712	6
1	238	198.105680404571	7
1	240	204.598500901938	6
1	244	205.903289906398	7
1	246	209.331133849984	6
1	250	209.675994408003	7
1	252	211.457884654379	6
1	256	215.347121337431	5
1	260	215.83841555365	6
1	262	222.849620297027	5
1	266	223.436372466319	4
1	270	223.828523645014	5
1	272	224.012635258205	6
1	274	225.911310820158	5
1	278	226.047239232937	4
1	282	226.806256346366	5
1	284	227.039598948345	6
1	286	229.04115069026	7
1	288	235.794050405106	6
1	292	236.143409772857	5
1	296	238.296419881519	6
1	298	240.021577390436	5
1	302	240.267363562131	6
1	304	240.650221056632	7
1	306	246.609765390741	6
1	310	246.714035918014	7
1	312	252.274223140725	6
1	316	254.779401495436	7
1	318	255.150300621699	6
1	322	255.636705488328	7
1	324	255.820145690289	6
1	328	256.478318489214	5
1	332	256.580496127135	6
1	334	256.58948335895	5
1	338	256.648327383813	6
1	340	257.564191398046	5
1	344	259.790165286928	6
1	346	260.74407580549	5
1	350	261.412583332919	6
1	352	263.345445464647	7
1	354	263.581162116549	6
1	358	264.650978753847	5
1	362	264.88631179662	6
1	364	265.983346130443	5
1	368	266.935307119513	4
1	372	268.349710410093	3
1	376	268.517173441755	4
1	378	269.015433790477	5
1	380	269.383617284336	6
1	382	271.902234495776	5
1	386	272.266094583045	6
1	388	273.839280479993	7
1	390	274.918333324014	6
1	394	275.491903343418	7
1	396	277.247303678129	6
1	400	281.999357030683	5
1	404	282.125249825883	6
1	406	286.418095097274	7
1	408	295.294373278124	6
1	412	296.341754068634	5
1	416	298.363772041924	4
1	420	301.01393497805	5
1	422	301.82830999183	6
1	424	302.609456101763	5
1	428	302.895763651926	6
1	430	308.114877453782	7
1	432	312.766709286096	6
1	436	317.226569345975	5
1	440	317.583315417567	6
1	442	322.682456831628	7
1	444	328.174745952856	6
1	448	328.311171498285	7
1	450	354.205996991603	6
1	454	355.203999795076	5
1	458	356.072024388528	4
1	462	358.302909155813	5
1	464	358.553135747193	4
1	468	359.871968591837	3
1	472	359.945245994253	2
1	476	361.079604822002	3
1	478	361.219979849519	4
1	480	361.53530022058	5
1	482	361.853959045339	6
1	484	364.309310343668	7
1	486	372.429626400048	6
1	490	376.185127601178	5
1	494	377.290050820479	6
1	496	384.768943744361	7
1	498	385.06024280741	6
1	502	385.596998168075	7
1	504	387.222607458111	6
1	508	390.114972264905	7
1	510	402.379197422805	6
1	514	402.450006723303	7
1	516	404.33854480255	6
1	520	404.584564640696	7
1	522	411.947033812396	6
1	526	414.398566349142	5
1	530	415.516033918042	4
1	534	417.847749060597	5
1	536	419.134081972009	4
1	540	421.966926150834	5
1	542	422.195322839158	6
1	544	424.34865417555	5
1	548	425.060695186306	6
1	550	425.108932452931	7
1	552	429.620452998476	6
1	556	431.693081504362	7
1	558	435.803612361549	6
1	562	440.082876603723	5
1	566	440.706186827395	6
1	568	441.303627276803	5
1	572	444.014120929495	4
1	576	445.883613768563	5
1	578	446.46192706848	6
1	580	446.86678830611	7
1	582	447.4415638561	6
1	586	450.088424929341	7
1	588	456.660717103196	6
1	592	458.358127104751	5
1	596	458.509176933331	6
1	598	459.332956583824	7
1	600	466.286210870102	6
1	604	469.481165896991	5
1	608	471.005929457251	4
1	612	471.455408842695	5
1	614	471.602139407792	4
1	618	471.700659809979	3
1	622	472.512080915197	4
1	624	474.38822825483	3
1	628	474.604110182853	4
1	630	474.770283924297	5
1	632	477.435393006649	6
1	634	478.416271579476	5
1	638	478.603774340188	6
1	640	480.223750933242	5
1	644	480.493816773016	6
1	646	484.569342876211	7
1	648	485.644585839178	6
1	652	490.070152085845	5
1	656	490.576158634983	6
1	658	492.039080631537	7
1	660	500.566038233476	6
1	664	502.343427178221	5
1	668	502.873287229115	4
1	672	505.775612220827	3
1	676	507.0278646954	4
1	678	507.377812170161	5
1	680	511.10674786128	6
1	682	515.186956845067	5
1	686	518.076494112936	4
1	690	518.572966638424	5
1	692	519.273979309146	6
1	694	520.470460825569	5
1	698	523.24558735362	4
1	702	523.63899066927	5
1	704	524.165304345721	6
1	706	525.032727638168	7
1	708	530.844916020055	6
1	712	534.17978948238	7
1	714	544.441572883342	6
1	718	546.952992047815	7
1	720	548.17887999863	6
1	724	548.268129104445	7
1	726	549.684796274613	6
1	730	556.054604738911	5
1	734	556.275248883297	6
1	736	558.935542390394	5
1	740	559.200454622201	6
1	742	560.101978648702	7
1	744	564.846452359888	6
1	748	564.857875593114	7
1	750	568.773536104586	6
1	754	569.328808205243	7
1	756	577.840275317388	6
1	760	578.200946516665	7
1	762	578.32444640517	6
1	766	578.557676386627	7
1	768	580.696777830092	6
1	772	580.928839344152	7
1	774	583.183567684725	6
1	778	583.702380000797	5
1	782	584.394344283328	6
1	784	585.08452880129	7
1	786	587.662571840546	6
1	790	588.094377180006	5
1	794	588.104002954006	6
1	796	588.566541565872	7
1	798	598.827107888869	6
1	802	599.257789396028	7
1	804	601.375774305589	6
1	808	601.969260180455	7
1	810	609.736887286565	6
1	814	610.113051123532	7
1	816	610.588789292385	6
1	820	612.849494124862	5
1	824	616.801695835988	6
1	826	617.319928181173	5
1	830	618.060467220813	6
1	832	618.076224051892	7
1	834	619.546019449682	6
1	838	619.586486611456	7
1	840	635.168927623593	6
1	844	635.688322744681	7
1	846	636.335874431314	6
1	850	636.373817012237	7
1	852	637.467575000509	6
1	856	638.892026150251	5
1	860	639.045712631791	6
1	862	640.244111677731	5
1	866	641.771124897677	4
1	870	641.881560220324	5
1	872	641.929677995872	4
1	876	642.02795232282	5
1	878	644.565882948877	6
1	880	645.00803613975	5
1	884	647.383300273205	6
1	886	653.608128647235	5
1	890	654.490351676508	4
1	894	656.084225120218	5
1	896	656.27297934141	6
1	898	657.39004339705	5
1	902	658.99878123164	6
1	904	661.020062269283	5
1	908	661.972662503863	6
1	910	667.594135478628	5
1	914	667.97701970159	6
1	916	672.617161366198	7
1	918	674.915183505717	6
1	922	675.570720924658	5
1	926	675.716320170247	4
1	930	676.172834022517	5
1	932	677.423413535389	6
1	934	680.167054646986	5
1	938	681.834938439897	4
1	942	683.121012148966	5
1	944	683.680759685446	4
1	948	684.929252984503	3
1	952	685.102768008373	4
1	954	685.202124292073	3
1	958	685.299149378304	4
1	960	686.593381054511	5
1	962	688.615418120839	6
1	964	691.038880373476	7
1	966	694.090880350359	6
1	970	696.041881102438	7
1	972	705.520657605613	6
1	976	708.296313864725	5
1	980	708.753261071469	6
1	982	709.18265312945	7
1	984	709.437189812568	6
1	988	709.455771252622	7
1	990	711.126246008836	6
1	994	711.147121959341	5
1	998	711.306838760097	6
1	1000	711.65304890862	7
1	1002	713.325739597553	6
1	1006	715.987491364568	5
1	1010	718.47148369447	6
1	1012	720.314449112591	5
1	1016	720.601911944608	6
1	1018	720.819500164052	7
1	1020	721.500278811334	6
1	1024	721.699889567909	5
1	1028	722.394121810008	6
1	1030	723.022548556326	5
1	1034	723.763073305231	4
1	1038	724.378129781001	5
1	1040	725.175936724353	6
1	1042	727.295184816154	5
1	1046	729.699530629449	6
1	1048	731.390402837323	7
1	1050	739.002088666361	6
1	1054	739.753025319426	7
1	1056	745.239022068864	6
1	1060	751.200195568617	5
1	1064	751.408193465518	4
1	1068	751.462933900506	5
1	1070	752.022649886976	4
1	1074	752.695239703853	5
1	1076	753.326118455303	6
1	1078	756.423802089801	5
1	1082	757.013286785867	4
1	1086	757.825619963407	5
1	1088	758.396615751346	6
1	1090	760.27397575323	7
1	1092	763.52016978136	6
1	1096	763.917423668936	7
1	1098	767.757242494856	6
1	1102	770.431798188122	7
1	1104	773.145614014564	6
1	1108	773.24321787032	5
1	1112	774.369046334355	6
1	1114	775.213300110725	7
1	1116	780.010629685248	6
1	1120	781.62500873244	7
1	1122	783.169473770259	6
1	1126	785.015218966874	7
1	1128	790.153073586946	6
1	1132	790.499828998554	5
1	1136	790.654736650437	4
1	1140	790.822774998361	5
1	1142	790.834479959765	6
1	1144	794.337071608536	7
1	1146	794.978061974877	6
1	1150	801.020676879229	7
1	1152	804.708568112538	6
1	1156	804.874808666311	7
1	1158	807.759912087942	6
1	1162	812.014167094534	5
1	1166	812.924831541996	6
1	1168	813.225635367195	5
1	1172	815.652994799678	6
1	1174	818.11709752659	7
1	1176	819.862647165239	6
1	1180	820.276118092146	7
1	1182	831.114775255366	6
1	1186	832.491116710293	7
1	1188	836.807454048116	6
1	1192	837.613152091291	5
1	1196	839.568814564116	6
1	1198	840.24668250781	7
1	1200	840.466740800865	6
1	1204	840.712078740072	7
1	1206	859.962406176961	6
1	1210	861.764903342193	7
1	1212	864.516247769874	6
1	1216	870.930444456789	5
1	1220	872.481753407914	6
1	1222	875.242723199554	7
1	1224	875.791464524187	6
1	1228	876.266238476321	5
1	1232	877.497448871753	4
1	1236	880.399549453802	5
1	1238	882.280820336647	6
1	1240	882.594463265146	5
1	1244	883.819628299939	6
1	1246	884.400844319285	5
1	1250	886.344098377242	6
1	1252	886.628903748022	7
1	1254	894.979480518318	6
1	1258	897.326556604146	5
1	1262	900.567569557507	4
1	1266	900.575145104837	5
1	1268	900.948801653525	4
1	1272	901.998737707757	5
1	1274	902.212758087098	6
1	1276	902.61861566613	5
1	1280	903.082649981182	6
1	1282	903.923516386073	7
1	1284	907.450516954728	6
1	1288	907.656903934831	5
1	1292	908.637155152801	6
1	1294	908.908298064645	5
1	1298	909.997317009931	6
1	1300	910.596001709806	5
1	1304	911.264802796677	4
1	1308	911.282024982877	5
1	1310	915.585542454341	6
1	1312	916.099429653293	5
1	1316	919.179819105154	6
1	1318	923.884197908011	7
1	1320	925.101713029697	6
1	1324	925.459966481672	5
1	1328	927.727072207716	4
1	1332	927.729269282699	5
1	1334	927.755643539516	6
1	1336	928.499957335615	7
1	1338	928.875639984324	6
1	1342	931.293804786795	7
1	1344	931.638718055291	6
1	1348	932.149441185834	5
1	1352	933.842132036935	6
1	1354	935.052606486861	7
1	1356	939.860485256782	6
1	1360	941.421630125082	7
1	1362	944.807299819796	6
1	1366	949.973523697589	7
1	1368	952.617000628684	6
1	1372	954.407861467201	7
1	1374	960.539663794512	6
1	1378	964.307517669084	5
1	1382	964.74236275821	4
1	1386	967.104165103327	5
1	1388	968.440589021133	6
1	1390	969.713904741992	7
1	1392	971.698067632599	6
1	1396	975.669080835357	5
1	1400	975.958817721384	6
1	1402	978.099522482608	7
1	1404	978.730403129808	6
1	1408	980.264992457874	5
1	1412	981.608464028113	6
1	1414	982.627288459677	5
1	1418	982.774690653571	4
1	1422	983.147172596515	3
1	1426	984.932387994091	4
1	1428	985.256560538151	5
1	1430	988.85973990668	6
1	1432	989.388744906159	7
2	161	122.033484382358	1
2	163	122.033484382358	2
2	167	126.900047175871	1
2	169	126.900047175871	2
2	171	126.945050862746	1
2	173	126.945050862746	2
2	179	130.073392826187	1
2	181	130.073392826187	2
2	185	130.99096927664	1
2	187	130.99096927664	2
2	191	138.865972185218	1
2	193	138.865972185218	2
2	197	147.251442858241	1
2	199	147.251442858241	2
2	203	156.116342895432	1
2	205	156.116342895432	2
2	207	157.331694152492	1
2	209	157.331694152492	2
2	215	168.779468851686	1
2	217	168.779468851686	2
2	219	172.590604060514	1
2	221	172.590604060514	2
2	225	179.535691841686	1
2	227	179.535691841686	2
2	233	196.248302923712	1
2	235	196.248302923712	2
2	239	204.598500901938	1
2	241	204.598500901938	2
2	245	209.331133849984	1
2	247	209.331133849984	2
2	251	211.457884654379	1
2	253	211.457884654379	2
2	255	215.347121337431	1
2	257	215.347121337431	2
2	261	222.849620297027	1
2	263	222.849620297027	2
2	265	223.436372466319	1
2	267	223.436372466319	2
2	273	225.911310820158	1
2	275	225.911310820158	2
2	277	226.047239232937	1
2	279	226.047239232937	2
2	287	235.794050405106	1
2	289	235.794050405106	2
2	291	236.143409772857	1
2	293	236.143409772857	2
2	297	240.021577390436	1
2	299	240.021577390436	2
2	305	246.609765390741	1
2	307	246.609765390741	2
2	311	252.274223140725	1
2	313	252.274223140725	2
2	317	255.150300621699	1
2	319	255.150300621699	2
2	323	255.820145690289	1
2	325	255.820145690289	2
2	327	256.478318489214	1
2	329	256.478318489214	2
2	333	256.58948335895	1
2	335	256.58948335895	2
2	339	257.564191398046	1
2	341	257.564191398046	2
2	345	260.74407580549	1
2	347	260.74407580549	2
2	353	263.581162116549	1
2	355	263.581162116549	2
2	357	264.650978753847	1
2	359	264.650978753847	2
2	363	265.983346130443	1
2	365	265.983346130443	2
2	367	266.935307119513	1
2	369	266.935307119513	2
2	371	268.349710410093	1
2	373	268.349710410093	2
2	381	271.902234495776	1
2	383	271.902234495776	2
2	389	274.918333324014	1
2	391	274.918333324014	2
2	395	277.247303678129	1
2	397	277.247303678129	2
2	399	281.999357030683	1
2	401	281.999357030683	2
2	407	295.294373278124	1
2	409	295.294373278124	2
2	411	296.341754068634	1
2	413	296.341754068634	2
2	415	298.363772041924	1
2	417	298.363772041924	2
2	423	302.609456101763	1
2	425	302.609456101763	2
2	431	312.766709286096	1
2	433	312.766709286096	2
2	435	317.226569345975	1
2	437	317.226569345975	2
2	443	328.174745952856	1
2	445	328.174745952856	2
2	449	354.205996991603	1
2	451	354.205996991603	2
2	453	355.203999795076	1
2	455	355.203999795076	2
2	457	356.072024388528	1
2	459	356.072024388528	2
2	463	358.553135747193	1
2	465	358.553135747193	2
2	467	359.871968591837	1
2	469	359.871968591837	2
2	471	359.945245994253	1
2	473	359.945245994253	2
2	485	372.429626400048	1
2	487	372.429626400048	2
2	489	376.185127601178	1
2	491	376.185127601178	2
2	497	385.06024280741	1
2	499	385.06024280741	2
2	503	387.222607458111	1
2	505	387.222607458111	2
2	509	402.379197422805	1
2	511	402.379197422805	2
2	515	404.33854480255	1
2	517	404.33854480255	2
2	521	411.947033812396	1
2	523	411.947033812396	2
2	525	414.398566349142	1
2	527	414.398566349142	2
2	529	415.516033918042	1
2	531	415.516033918042	2
2	535	419.134081972009	1
2	537	419.134081972009	2
2	543	424.34865417555	1
2	545	424.34865417555	2
2	551	429.620452998476	1
2	553	429.620452998476	2
2	557	435.803612361549	1
2	559	435.803612361549	2
2	561	440.082876603723	1
2	563	440.082876603723	2
2	567	441.303627276803	1
2	569	441.303627276803	2
2	571	444.014120929495	1
2	573	444.014120929495	2
2	581	447.4415638561	1
2	583	447.4415638561	2
2	587	456.660717103196	1
2	589	456.660717103196	2
2	591	458.358127104751	1
2	593	458.358127104751	2
2	599	466.286210870102	1
2	601	466.286210870102	2
2	603	469.481165896991	1
2	605	469.481165896991	2
2	607	471.005929457251	1
2	609	471.005929457251	2
2	613	471.602139407792	1
2	615	471.602139407792	2
2	617	471.700659809979	1
2	619	471.700659809979	2
2	623	474.38822825483	1
2	625	474.38822825483	2
2	633	478.416271579476	1
2	635	478.416271579476	2
2	639	480.223750933242	1
2	641	480.223750933242	2
2	647	485.644585839178	1
2	649	485.644585839178	2
2	651	490.070152085845	1
2	653	490.070152085845	2
2	659	500.566038233476	1
2	661	500.566038233476	2
2	663	502.343427178221	1
2	665	502.343427178221	2
2	667	502.873287229115	1
2	669	502.873287229115	2
2	671	505.775612220827	1
2	673	505.775612220827	2
2	681	515.186956845067	1
2	683	515.186956845067	2
2	685	518.076494112936	1
2	687	518.076494112936	2
2	693	520.470460825569	1
2	695	520.470460825569	2
2	697	523.24558735362	1
2	699	523.24558735362	2
2	707	530.844916020055	1
2	709	530.844916020055	2
2	713	544.441572883342	1
2	715	544.441572883342	2
2	719	548.17887999863	1
2	721	548.17887999863	2
2	725	549.684796274613	1
2	727	549.684796274613	2
2	729	556.054604738911	1
2	731	556.054604738911	2
2	735	558.935542390394	1
2	737	558.935542390394	2
2	743	564.846452359888	1
2	745	564.846452359888	2
2	749	568.773536104586	1
2	751	568.773536104586	2
2	755	577.840275317388	1
2	757	577.840275317388	2
2	761	578.32444640517	1
2	763	578.32444640517	2
2	767	580.696777830092	1
2	769	580.696777830092	2
2	773	583.183567684725	1
2	775	583.183567684725	2
2	777	583.702380000797	1
2	779	583.702380000797	2
2	785	587.662571840546	1
2	787	587.662571840546	2
2	789	588.094377180006	1
2	791	588.094377180006	2
2	797	598.827107888869	1
2	799	598.827107888869	2
2	803	601.375774305589	1
2	805	601.375774305589	2
2	809	609.736887286565	1
2	811	609.736887286565	2
2	815	610.588789292385	1
2	817	610.588789292385	2
2	819	612.849494124862	1
2	821	612.849494124862	2
2	825	617.319928181173	1
2	827	617.319928181173	2
2	833	619.546019449682	1
2	835	619.546019449682	2
2	839	635.168927623593	1
2	841	635.168927623593	2
2	845	636.335874431314	1
2	847	636.335874431314	2
2	851	637.467575000509	1
2	853	637.467575000509	2
2	855	638.892026150251	1
2	857	638.892026150251	2
2	861	640.244111677731	1
2	863	640.244111677731	2
2	865	641.771124897677	1
2	867	641.771124897677	2
2	871	641.929677995872	1
2	873	641.929677995872	2
2	879	645.00803613975	1
2	881	645.00803613975	2
2	885	653.608128647235	1
2	887	653.608128647235	2
2	889	654.490351676508	1
2	891	654.490351676508	2
2	897	657.39004339705	1
2	899	657.39004339705	2
2	903	661.020062269283	1
2	905	661.020062269283	2
2	909	667.594135478628	1
2	911	667.594135478628	2
2	917	674.915183505717	1
2	919	674.915183505717	2
2	921	675.570720924658	1
2	923	675.570720924658	2
2	925	675.716320170247	1
2	927	675.716320170247	2
2	933	680.167054646986	1
2	935	680.167054646986	2
2	937	681.834938439897	1
2	939	681.834938439897	2
2	943	683.680759685446	1
2	945	683.680759685446	2
2	947	684.929252984503	1
2	949	684.929252984503	2
2	953	685.202124292073	1
2	955	685.202124292073	2
2	965	694.090880350359	1
2	967	694.090880350359	2
2	971	705.520657605613	1
2	973	705.520657605613	2
2	975	708.296313864725	1
2	977	708.296313864725	2
2	983	709.437189812568	1
2	985	709.437189812568	2
2	989	711.126246008836	1
2	991	711.126246008836	2
2	993	711.147121959341	1
2	995	711.147121959341	2
2	1001	713.325739597553	1
2	1003	713.325739597553	2
2	1005	715.987491364568	1
2	1007	715.987491364568	2
2	1011	720.314449112591	1
2	1013	720.314449112591	2
2	1019	721.500278811334	1
2	1021	721.500278811334	2
2	1023	721.699889567909	1
2	1025	721.699889567909	2
2	1029	723.022548556326	1
2	1031	723.022548556326	2
2	1033	723.763073305231	1
2	1035	723.763073305231	2
2	1041	727.295184816154	1
2	1043	727.295184816154	2
2	1049	739.002088666361	1
2	1051	739.002088666361	2
2	1055	745.239022068864	1
2	1057	745.239022068864	2
2	1059	751.200195568617	1
2	1061	751.200195568617	2
2	1063	751.408193465518	1
2	1065	751.408193465518	2
2	1069	752.022649886976	1
2	1071	752.022649886976	2
2	1077	756.423802089801	1
2	1079	756.423802089801	2
2	1081	757.013286785867	1
2	1083	757.013286785867	2
2	1091	763.52016978136	1
2	1093	763.52016978136	2
2	1097	767.757242494856	1
2	1099	767.757242494856	2
2	1103	773.145614014564	1
2	1105	773.145614014564	2
2	1107	773.24321787032	1
2	1109	773.24321787032	2
2	1115	780.010629685248	1
2	1117	780.010629685248	2
2	1121	783.169473770259	1
2	1123	783.169473770259	2
2	1127	790.153073586946	1
2	1129	790.153073586946	2
2	1131	790.499828998554	1
2	1133	790.499828998554	2
2	1135	790.654736650437	1
2	1137	790.654736650437	2
2	1145	794.978061974877	1
2	1147	794.978061974877	2
2	1151	804.708568112538	1
2	1153	804.708568112538	2
2	1157	807.759912087942	1
2	1159	807.759912087942	2
2	1161	812.014167094534	1
2	1163	812.014167094534	2
2	1167	813.225635367195	1
2	1169	813.225635367195	2
2	1175	819.862647165239	1
2	1177	819.862647165239	2
2	1181	831.114775255366	1
2	1183	831.114775255366	2
2	1187	836.807454048116	1
2	1189	836.807454048116	2
2	1191	837.613152091291	1
2	1193	837.613152091291	2
2	1199	840.466740800865	1
2	1201	840.466740800865	2
2	1205	859.962406176961	1
2	1207	859.962406176961	2
2	1211	864.516247769874	1
2	1213	864.516247769874	2
2	1215	870.930444456789	1
2	1217	870.930444456789	2
2	1223	875.791464524187	1
2	1225	875.791464524187	2
2	1227	876.266238476321	1
2	1229	876.266238476321	2
2	1231	877.497448871753	1
2	1233	877.497448871753	2
2	1239	882.594463265146	1
2	1241	882.594463265146	2
2	1245	884.400844319285	1
2	1247	884.400844319285	2
2	1253	894.979480518318	1
2	1255	894.979480518318	2
2	1257	897.326556604146	1
2	1259	897.326556604146	2
2	1261	900.567569557507	1
2	1263	900.567569557507	2
2	1267	900.948801653525	1
2	1269	900.948801653525	2
2	1275	902.61861566613	1
2	1277	902.61861566613	2
2	1283	907.450516954728	1
2	1285	907.450516954728	2
2	1287	907.656903934831	1
2	1289	907.656903934831	2
2	1293	908.908298064645	1
2	1295	908.908298064645	2
2	1299	910.596001709806	1
2	1301	910.596001709806	2
2	1303	911.264802796677	1
2	1305	911.264802796677	2
2	1311	916.099429653293	1
2	1313	916.099429653293	2
2	1319	925.101713029697	1
2	1321	925.101713029697	2
2	1323	925.459966481672	1
2	1325	925.459966481672	2
2	1327	927.727072207716	1
2	1329	927.727072207716	2
2	1337	928.875639984324	1
2	1339	928.875639984324	2
2	1343	931.638718055291	1
2	1345	931.638718055291	2
2	1347	932.149441185834	1
2	1349	932.149441185834	2
2	1355	939.860485256782	1
2	1357	939.860485256782	2
2	1361	944.807299819796	1
2	1363	944.807299819796	2
2	1367	952.617000628684	1
2	1369	952.617000628684	2
2	1373	960.539663794512	1
2	1375	960.539663794512	2
2	1377	964.307517669084	1
2	1379	964.307517669084	2
2	1381	964.74236275821	1
2	1383	964.74236275821	2
2	1391	971.698067632599	1
2	1393	971.698067632599	2
2	1395	975.669080835357	1
2	1397	975.669080835357	2
2	1403	978.730403129808	1
2	1405	978.730403129808	2
2	1407	980.264992457874	1
2	1409	980.264992457874	2
2	1413	982.627288459677	1
2	1415	982.627288459677	2
2	1417	982.774690653571	1
2	1419	982.774690653571	2
2	1421	983.147172596515	1
2	1423	983.147172596515	2
3	161	122.033484382358	27.266448453772
3	167	126.900047175871	29.901278355414
3	171	126.945050862746	4.911566480388
3	179	130.073392826187	3.173345650316
3	185	130.99096927664	4.045918413894
3	191	138.865972185218	8.792579359031
3	197	147.251442858241	16.260473581601
3	203	156.116342895432	17.250370710214
3	207	157.331694152492	10.080251294251
3	215	168.779468851686	12.663125956254
3	219	172.590604060514	15.258909908022
3	225	179.535691841686	10.75622299
3	233	196.248302923712	23.657698863198
3	239	204.598500901938	25.062809060252
3	245	209.331133849984	13.082830926272
3	251	211.457884654379	6.859383752441
3	255	215.347121337431	6.015987487447
3	261	222.849620297027	11.391735642648
3	265	223.436372466319	8.089251128888
3	273	225.911310820158	3.061690523131
3	277	226.047239232937	2.610866766618
3	287	235.794050405106	9.882739584948
3	291	236.143409772857	10.09617053992
3	297	240.021577390436	4.22752698533
3	305	246.609765390741	10.466355617884
3	311	252.274223140725	12.252645750289
3	317	255.150300621699	8.540535230958
3	323	255.820145690289	3.545922549564
3	327	256.478318489214	1.328017867515
3	333	256.58948335895	0.769337668661
3	339	257.564191398046	1.085872908832
3	345	260.74407580549	4.15459244654
3	353	263.581162116549	6.016970718503
3	357	264.650978753847	3.906902948357
3	363	265.983346130443	2.402184013894
3	367	266.935307119513	2.284328365666
3	371	268.349710410093	2.36636427965
3	381	271.902234495776	4.966927376263
3	389	274.918333324014	6.568622913921
3	395	277.247303678129	5.345069182353
3	399	281.999357030683	7.081023706669
3	407	295.294373278124	18.047069599995
3	411	296.341754068634	14.342397037951
3	415	298.363772041924	3.0693987638
3	423	302.609456101763	6.267702033129
3	431	312.766709286096	14.402937244172
3	435	317.226569345975	14.617113244212
3	443	328.174745952856	15.40803666676
3	449	354.205996991603	36.979427645628
3	453	355.203999795076	27.02925384222
3	457	356.072024388528	1.866027396925
3	463	358.553135747193	3.349135952117
3	467	359.871968591837	3.799944203309
3	471	359.945245994253	1.39211024706
3	485	372.429626400048	12.557657808211
3	489	376.185127601178	16.239881606925
3	497	385.06024280741	12.630616407362
3	503	387.222607458111	11.037479856933
3	509	402.379197422805	17.318954615395
3	515	404.33854480255	17.115937344439
3	521	411.947033812396	9.567836389591
3	525	414.398566349142	10.060021546592
3	529	415.516033918042	3.569000105646
3	535	419.134081972009	4.735515622867
3	543	424.34865417555	8.832620257508
3	551	429.620452998476	10.486371026467
3	557	435.803612361549	11.454958185999
3	561	440.082876603723	10.462423605247
3	567	441.303627276803	5.500014915254
3	571	444.014120929495	3.931244325772
3	581	447.4415638561	6.137936579297
3	587	456.660717103196	12.646596173701
3	591	458.358127104751	10.916563248651
3	599	466.286210870102	9.625493766906
3	603	469.481165896991	11.12303879224
3	607	471.005929457251	4.719718587149
3	613	471.602139407792	2.120973510801
3	617	471.700659809979	0.694730352728
3	623	474.38822825483	2.786088847038
3	633	478.416271579476	6.715611769497
3	639	480.223750933242	5.835522678412
3	647	485.644585839178	7.228314259702
3	651	490.070152085845	9.846401152603
3	659	500.566038233476	14.921452394298
3	663	502.343427178221	12.273275092376
3	667	502.873287229115	2.307248995639
3	671	505.775612220827	3.432185042606
3	681	515.186956845067	12.313669615952
3	685	518.076494112936	12.300881892109
3	693	520.470460825569	5.283503980502
3	697	523.24558735362	5.169093240684
3	707	530.844916020055	10.374455194486
3	713	544.441572883342	21.195985529722
3	719	548.17887999863	17.333963978575
3	725	549.684796274613	5.243223391271
3	729	556.054604738911	7.875724740281
3	735	558.935542390394	9.250746115781
3	743	564.846452359888	8.791847620977
3	749	568.773536104586	9.837993714192
3	755	577.840275317388	12.9938229575
3	761	578.32444640517	9.550910300584
3	767	580.696777830092	2.856502512704
3	773	583.183567684725	4.859121279555
3	777	583.702380000797	3.005602170705
3	785	587.662571840546	4.479004155821
3	789	588.094377180006	4.391997179209
3	797	598.827107888869	11.164536048323
3	803	601.375774305589	13.281397125583
3	809	609.736887286565	10.909779397696
3	815	610.588789292385	9.213014986796
3	819	612.849494124862	3.112606838297
3	825	617.319928181173	6.731138888788
3	833	619.546019449682	6.69652532482
3	839	635.168927623593	17.84899944242
3	845	636.335874431314	16.789854981632
3	851	637.467575000509	2.298647376916
3	855	638.892026150251	2.556151718937
3	861	640.244111677731	2.776536677222
3	865	641.771124897677	2.879098747426
3	871	641.929677995872	1.685566318141
3	879	645.00803613975	3.236911242073
3	885	653.608128647235	11.678450651363
3	889	654.490351676508	9.482315536758
3	897	657.39004339705	3.781914749815
3	903	661.020062269283	6.529710592775
3	909	667.594135478628	10.204092081578
3	917	674.915183505717	13.895121236434
3	921	675.570720924658	7.97658544603
3	925	675.716320170247	0.80113666453
3	933	680.167054646986	4.596333722328
3	937	681.834938439897	6.11861826965
3	943	683.680759685446	3.51370503846
3	947	684.929252984503	3.094314544606
3	953	685.202124292073	1.521364606627
3	965	694.090880350359	9.161627365856
3	971	705.520657605613	20.31853331354
3	975	708.296313864725	14.205433514366
3	983	709.437189812568	3.916532206955
3	989	711.126246008836	2.829932144111
3	993	711.147121959341	1.709932146773
3	1001	713.325739597553	2.199493588717
3	1005	715.987491364568	4.840369405227
3	1011	720.314449112591	6.988709515038
3	1019	721.500278811334	5.512787446766
3	1023	721.699889567909	1.385440455318
3	1029	723.022548556326	1.522269744992
3	1033	723.763073305231	2.063183737322
3	1041	727.295184816154	4.272636259828
3	1049	739.002088666361	15.23901536113
3	1055	745.239022068864	17.94383725271
3	1059	751.200195568617	12.198106902256
3	1063	751.408193465518	6.169171396654
3	1069	752.022649886976	0.822454318359
3	1077	756.423802089801	5.015608624283
3	1081	757.013286785867	4.990636898891
3	1091	763.52016978136	7.096367691559
3	1097	767.757242494856	10.743955708989
3	1103	773.145614014564	9.625444233204
3	1107	773.24321787032	5.485975375464
3	1115	780.010629685248	6.865015670684
3	1121	783.169473770259	9.926255899939
3	1127	790.153073586946	10.142443901698
3	1131	790.499828998554	7.330355228295
3	1135	790.654736650437	0.501663063491
3	1145	794.978061974877	4.478232976323
3	1151	804.708568112538	14.053831462101
3	1157	807.759912087942	12.781850113065
3	1161	812.014167094534	7.305598981996
3	1167	813.225635367195	5.465723279253
3	1175	819.862647165239	7.848480070705
3	1181	831.114775255366	17.889139888171
3	1187	836.807454048116	16.944806882877
3	1191	837.613152091291	6.498376835925
3	1199	840.466740800865	3.659286752749
3	1205	859.962406176961	22.34925408567
3	1211	864.516247769874	24.049506969009
3	1215	870.930444456789	10.968038279828
3	1223	875.791464524187	11.275216754313
3	1227	876.266238476321	5.335794019532
3	1231	877.497448871753	1.705984347566
3	1239	882.594463265146	6.328224788825
3	1245	884.400844319285	6.903395447532
3	1253	894.979480518318	12.385017253172
3	1257	897.326556604146	12.925712284861
3	1261	900.567569557507	5.588089039189
3	1267	900.948801653525	3.622245049379
3	1275	902.61861566613	2.051046108623
3	1283	907.450516954728	6.501715301203
3	1287	907.656903934831	5.038288268701
3	1293	908.908298064645	1.457781109917
3	1299	910.596001709806	2.939097774975
3	1303	911.264802796677	2.356504732032
3	1311	916.099429653293	5.503427943487
3	1319	925.101713029697	13.83691023302
3	1323	925.459966481672	9.360536828379
3	1327	927.727072207716	2.625359178019
3	1337	928.875639984324	3.415673502652
3	1343	931.638718055291	3.911645847575
3	1347	932.149441185834	3.27380120151
3	1355	939.860485256782	8.221767201491
3	1361	944.807299819796	12.657858633962
3	1367	952.617000628684	12.756515371902
3	1373	960.539663794512	15.732363974716
3	1377	964.307517669084	11.6905170404
3	1381	964.74236275821	4.202698963698
3	1391	971.698067632599	7.390549963515
3	1395	975.669080835357	10.926718077147
3	1403	978.730403129808	7.032335497209
3	1407	980.264992457874	4.595911622517
3	1413	982.627288459677	3.896885329869
3	1417	982.774690653571	2.509698195697
3	1421	983.147172596515	0.519884136838
4	162	122.033484382358	38.808045026065
4	168	126.900047175871	43.422444829635
4	172	126.945050862746	41.414699828108
4	180	130.073392826187	37.614954954653
4	186	130.99096927664	35.969903386583
4	192	138.865972185218	37.746803181436
4	198	147.251442858241	42.776246243543
4	204	156.116342895432	33.570726883327
4	208	157.331694152492	29.671467983493
4	216	168.779468851686	40.117664839558
4	220	172.590604060514	41.941211140945
4	226	179.535691841686	46.375152301477
4	234	196.248302923712	50.680422851412
4	240	204.598500901938	49.628555178561
4	246	209.331133849984	49.922053685967
4	252	211.457884654379	49.918267517014
4	256	215.347121337431	41.407148911125
4	262	222.849620297027	42.087018965525
4	266	223.436372466319	39.149196591771
4	274	225.911310820158	27.805630415587
4	278	226.047239232937	20.143949326539
4	288	235.794050405106	26.118055997103
4	292	236.143409772857	20.304994219207
4	298	240.021577390436	16.193053745422
4	306	246.609765390741	22.597130132536
4	312	252.274223140725	25.467966794359
4	318	255.150300621699	28.110701673354
4	324	255.820145690289	26.778995000029
4	328	256.478318489214	18.181898607695
4	334	256.58948335895	16.322119796819
4	340	257.564191398046	16.913970341414
4	346	260.74407580549	14.030039887476
4	354	263.581162116549	8.801760621113
4	358	264.650978753847	9.014273265519
4	364	265.983346130443	9.402850003308
4	368	266.935307119513	10.2869797357
4	372	268.349710410093	8.559545123165
4	382	271.902234495776	10.489651162857
4	390	274.918333324014	11.572887859367
4	396	277.247303678129	12.360991881509
4	400	281.999357030683	13.482183588928
4	408	295.294373278124	26.278939487647
4	412	296.341754068634	26.958136784298
4	416	298.363772041924	26.097677458879
4	424	302.609456101763	28.77017562177
4	432	312.766709286096	37.274805942678
4	436	317.226569345975	35.101319520092
4	444	328.174745952856	41.756650855582
4	450	354.205996991603	53.192062013553
4	454	355.203999795076	53.375689803246
4	458	356.072024388528	53.176260736602
4	464	358.553135747193	50.438258293411
4	468	359.871968591837	42.28865317427
4	472	359.945245994253	37.262789162625
4	486	372.429626400048	44.118454901763
4	490	376.185127601178	17.882218445365
4	498	385.06024280741	23.980637985408
4	504	387.222607458111	26.002627608592
4	510	402.379197422805	40.843897202225
4	516	404.33854480255	42.484585757211
4	522	411.947033812396	47.637723468728
4	526	414.398566349142	37.108515528663
4	530	415.516033918042	30.747090173681
4	536	419.134081972009	33.537083803934
4	544	424.34865417555	34.233681910645
4	552	429.620452998476	27.170446275173
4	558	435.803612361549	31.219047720853
4	562	440.082876603723	22.235127543126
4	568	441.303627276803	19.336701125969
4	572	444.014120929495	21.818798090337
4	582	447.4415638561	22.380868669794
4	588	456.660717103196	31.551784650265
4	592	458.358127104751	26.665045600389
4	600	466.286210870102	25.580024042707
4	604	469.481165896991	23.597552128428
4	608	471.005929457251	24.544002388771
4	614	471.602139407792	24.735351101682
4	618	471.700659809979	21.612234880638
4	624	474.38822825483	15.879051321499
4	634	478.416271579476	19.083314995652
4	640	480.223750933242	8.768342090547
4	648	485.644585839178	13.132504923981
4	652	490.070152085845	15.466041902992
4	660	500.566038233476	25.795754309179
4	664	502.343427178221	24.908034171572
4	668	502.873287229115	24.269512888927
4	672	505.775612220827	25.281795447811
4	682	515.186956845067	30.617613968856
4	686	518.076494112936	27.500335477953
4	694	520.470460825569	28.431380194032
4	698	523.24558735362	16.21772265822
4	708	530.844916020055	23.467103849894
4	714	544.441572883342	33.334825022062
4	720	548.17887999863	29.605913360206
4	726	549.684796274613	30.410816965467
4	730	556.054604738911	32.415614069641
4	736	558.935542390394	34.770238044673
4	744	564.846452359888	39.81372472172
4	750	568.773536104586	34.593746622206
4	756	577.840275317388	30.887283269573
4	762	578.32444640517	30.056317300725
4	768	580.696777830092	24.421528946795
4	774	583.183567684725	23.983113062524
4	778	583.702380000797	23.600401352095
4	786	587.662571840546	22.804696247432
4	790	588.094377180006	18.765568974763
4	798	598.827107888869	20.626161372204
4	804	601.375774305589	22.818097918962
4	810	609.736887286565	28.808047942413
4	816	610.588789292385	26.194445009057
4	820	612.849494124862	27.764965323572
4	826	617.319928181173	29.215925227167
4	834	619.546019449682	30.97947788381
4	840	635.168927623593	35.911138227565
4	846	636.335874431314	34.366614250859
4	852	637.467575000509	27.354523876977
4	856	638.892026150251	22.090330314263
4	862	640.244111677731	22.183644456918
4	866	641.771124897677	23.694900845785
4	872	641.929677995872	22.343191384416
4	880	645.00803613975	9.319713395069
4	886	653.608128647235	17.234311634998
4	890	654.490351676508	15.444639044717
4	898	657.39004339705	15.508483176726
4	904	661.020062269283	18.992109946463
4	910	667.594135478628	23.028252529751
4	918	674.915183505717	27.531883232512
4	922	675.570720924658	19.48649580444
4	926	675.716320170247	19.443340828837
4	934	680.167054646986	21.168273415346
4	938	681.834938439897	19.862275936034
4	944	683.680759685446	15.703739983856
4	948	684.929252984503	12.312091618305
4	954	685.202124292073	9.029290269556
4	966	694.090880350359	16.66746681497
4	972	705.520657605613	22.399645456647
4	976	708.296313864725	23.193545856352
4	984	709.437189812568	24.138040434264
4	990	711.126246008836	24.532864954325
4	994	711.147121959341	22.531703838502
4	1002	713.325739597553	22.286859224077
4	1006	715.987491364568	19.94561026213
4	1012	720.314449112591	11.561188041122
4	1020	721.500278811334	12.317625681884
4	1024	721.699889567909	12.244118315287
4	1030	723.022548556326	11.715709796229
4	1034	723.763073305231	12.110024396611
4	1042	727.295184816154	8.823701121684
4	1050	739.002088666361	18.400176721753
4	1056	745.239022068864	24.419521904812
4	1060	751.200195568617	28.806073758609
4	1064	751.408193465518	27.030063684517
4	1070	752.022649886976	26.846713162623
4	1078	756.423802089801	26.724271460352
4	1082	757.013286785867	25.622883948544
4	1092	763.52016978136	23.767144461934
4	1098	767.757242494856	16.29430859435
4	1104	773.145614014564	20.450374310711
4	1108	773.24321787032	19.917099415017
4	1116	780.010629685248	22.185009721841
4	1122	783.169473770259	24.772858018913
4	1128	790.153073586946	29.879097833716
4	1132	790.499828998554	26.582405329618
4	1136	790.654736650437	20.222938462315
4	1146	794.978061974877	20.609015640522
4	1152	804.708568112538	29.495268001813
4	1158	807.759912087942	26.134903355502
4	1162	812.014167094534	26.99894812766
4	1168	813.225635367195	22.402860368834
4	1176	819.862647165239	29.028167205474
4	1182	831.114775255366	36.77770364683
4	1188	836.807454048116	35.786777168887
4	1192	837.613152091291	32.73834342498
4	1200	840.466740800865	27.541909258869
4	1206	859.962406176961	44.309411377283
4	1212	864.516247769874	46.399150243284
4	1216	870.930444456789	50.654326364643
4	1224	875.791464524187	43.300347813894
4	1228	876.266238476321	36.697423912205
4	1232	877.497448871753	37.250766363943
4	1240	882.594463265146	41.882384525074
4	1246	884.400844319285	22.635940977092
4	1254	894.979480518318	22.497727110404
4	1258	897.326556604146	22.083833404592
4	1262	900.567569557507	20.168020103705
4	1268	900.948801653525	18.667981316878
4	1276	902.61861566613	18.798987366191
4	1284	907.450516954728	21.106418577486
4	1288	907.656903934831	21.028000186809
4	1294	908.908298064645	8.333152959808
4	1300	910.596001709806	8.597264002049
4	1304	911.264802796677	9.052044709579
4	1312	916.099429653293	13.016779672111
4	1320	925.101713029697	21.178196643624
4	1324	925.459966481672	16.822811328871
4	1328	927.727072207716	17.729755197785
4	1338	928.875639984324	17.593615001447
4	1344	931.638718055291	16.05317560095
4	1348	932.149441185834	12.96962208068
4	1356	939.860485256782	15.976287348771
4	1362	944.807299819796	17.078030537097
4	1368	952.617000628684	24.861357089168
4	1374	960.539663794512	32.039706458897
4	1378	964.307517669084	33.013712882289
4	1382	964.74236275821	30.900230721275
4	1392	971.698067632599	36.645461145738
4	1396	975.669080835357	34.247450710275
4	1404	978.730403129808	28.756879432219
4	1408	980.264992457874	25.857130990673
4	1414	982.627288459677	15.52312335635
4	1418	982.774690653571	14.334101632438
4	1422	983.147172596515	13.433267854523
5	162	122.033484382358	0
5	168	126.900047175871	0
5	172	126.945050862746	0
5	180	130.073392826187	0
5	186	130.99096927664	0
5	192	138.865972185218	0
5	198	147.251442858241	0
5	204	156.116342895432	0
5	208	157.331694152492	0
5	216	168.779468851686	0
5	220	172.590604060514	0
5	226	179.535691841686	0
5	234	196.248302923712	0
5	240	204.598500901938	0
5	246	209.331133849984	0
5	252	211.457884654379	0
5	256	215.347121337431	0
5	262	222.849620297027	0
5	266	223.436372466319	0
5	274	225.911310820158	0
5	278	226.047239232937	0
5	288	235.794050405106	0
5	292	236.143409772857	0
5	298	240.021577390436	0
5	306	246.609765390741	0
5	312	252.274223140725	0
5	318	255.150300621699	0
5	324	255.820145690289	0
5	328	256.478318489214	0
5	334	256.58948335895	0
5	340	257.564191398046	0
5	346	260.74407580549	0
5	354	263.581162116549	0
5	358	264.650978753847	0
5	364	265.983346130443	0
5	368	266.935307119513	0
5	372	268.349710410093	0
5	382	271.902234495776	0
5	390	274.918333324014	0
5	396	277.247303678129	0
5	400	281.999357030683	0
5	408	295.294373278124	0
5	412	296.341754068634	0
5	416	298.363772041924	0
5	424	302.609456101763	0
5	432	312.766709286096	0
5	436	317.226569345975	0
5	444	328.174745952856	0
5	450	354.205996991603	0
5	454	355.203999795076	0
5	458	356.072024388528	0
5	464	358.553135747193	0
5	468	359.871968591837	0
5	472	359.945245994253	0
5	486	372.429626400048	0
5	490	376.185127601178	0
5	498	385.06024280741	0
5	504	387.222607458111	0
5	510	402.379197422805	0
5	516	404.33854480255	0
5	522	411.947033812396	0
5	526	414.398566349142	0
5	530	415.516033918042	0
5	536	419.134081972009	0
5	544	424.34865417555	0
5	552	429.620452998476	0
5	558	435.803612361549	0
5	562	440.082876603723	0
5	568	441.303627276803	0
5	572	444.014120929495	0
5	582	447.4415638561	0
5	588	456.660717103196	0
5	592	458.358127104751	0
5	600	466.286210870102	0
5	604	469.481165896991	0
5	608	471.005929457251	0
5	614	471.602139407792	0
5	618	471.700659809979	0
5	624	474.38822825483	0
5	634	478.416271579476	0
5	640	480.223750933242	0
5	648	485.644585839178	0
5	652	490.070152085845	0
5	660	500.566038233476	0
5	664	502.343427178221	0
5	668	502.873287229115	0
5	672	505.775612220827	0
5	682	515.186956845067	0
5	686	518.076494112936	0
5	694	520.470460825569	0
5	698	523.24558735362	0
5	708	530.844916020055	0
5	714	544.441572883342	0
5	720	548.17887999863	0
5	726	549.684796274613	0
5	730	556.054604738911	0
5	736	558.935542390394	0
5	744	564.846452359888	0
5	750	568.773536104586	0
5	756	577.840275317388	0
5	762	578.32444640517	0
5	768	580.696777830092	0
5	774	583.183567684725	0
5	778	583.702380000797	0
5	786	587.662571840546	0
5	790	588.094377180006	0
5	798	598.827107888869	0
5	804	601.375774305589	0
5	810	609.736887286565	0
5	816	610.588789292385	0
5	820	612.849494124862	0
5	826	617.319928181173	0
5	834	619.546019449682	0
5	840	635.168927623593	0
5	846	636.335874431314	0
5	852	637.467575000509	0
5	856	638.892026150251	0
5	862	640.244111677731	0
5	866	641.771124897677	0
5	872	641.929677995872	0
5	880	645.00803613975	0
5	886	653.608128647235	0
5	890	654.490351676508	0
5	898	657.39004339705	0
5	904	661.020062269283	0
5	910	667.594135478628	0
5	918	674.915183505717	0
5	922	675.570720924658	0
5	926	675.716320170247	0
5	934	680.167054646986	0
5	938	681.834938439897	0
5	944	683.680759685446	0
5	948	684.929252984503	0
5	954	685.202124292073	0
5	966	694.090880350359	0
5	972	705.520657605613	0
5	976	708.296313864725	0
5	984	709.437189812568	0
5	990	711.126246008836	0
5	994	711.147121959341	0
5	1002	713.325739597553	0
5	1006	715.987491364568	0
5	1012	720.314449112591	0
5	1020	721.500278811334	0
5	1024	721.699889567909	0
5	1030	723.022548556326	0
5	1034	723.763073305231	0
5	1042	727.295184816154	0
5	1050	739.002088666361	0
5	1056	745.239022068864	0
5	1060	751.200195568617	0
5	1064	751.408193465518	0
5	1070	752.022649886976	0
5	1078	756.423802089801	0
5	1082	757.013286785867	0
5	1092	763.52016978136	0
5	1098	767.757242494856	0
5	1104	773.145614014564	0
5	1108	773.24321787032	0
5	1116	780.010629685248	0
5	1122	783.169473770259	0
5	1128	790.153073586946	0
5	1132	790.499828998554	0
5	1136	790.654736650437	0
5	1146	794.978061974877	0
5	1152	804.708568112538	0
5	1158	807.759912087942	0
5	1162	812.014167094534	0
5	1168	813.225635367195	0
5	1176	819.862647165239	0
5	1182	831.114775255366	0
5	1188	836.807454048116	0
5	1192	837.613152091291	0
5	1200	840.466740800865	0
5	1206	859.962406176961	0
5	1212	864.516247769874	0
5	1216	870.930444456789	0
5	1224	875.791464524187	0
5	1228	876.266238476321	0
5	1232	877.497448871753	0
5	1240	882.594463265146	0
5	1246	884.400844319285	0
5	1254	894.979480518318	0
5	1258	897.326556604146	0
5	1262	900.567569557507	0
5	1268	900.948801653525	0
5	1276	902.61861566613	0
5	1284	907.450516954728	0
5	1288	907.656903934831	0
5	1294	908.908298064645	0
5	1300	910.596001709806	0
5	1304	911.264802796677	0
5	1312	916.099429653293	0
5	1320	925.101713029697	0
5	1324	925.459966481672	0
5	1328	927.727072207716	0
5	1338	928.875639984324	0
5	1344	931.638718055291	0
5	1348	932.149441185834	0
5	1356	939.860485256782	0
5	1362	944.807299819796	0
5	1368	952.617000628684	0
5	1374	960.539663794512	0
5	1378	964.307517669084	0
5	1382	964.74236275821	0
5	1392	971.698067632599	0
5	1396	975.669080835357	0
5	1404	978.730403129808	0
5	1408	980.264992457874	0
5	1414	982.627288459677	0
5	1418	982.774690653571	0
5	1422	983.147172596515	0

