version 3
run General-30-20221103-10:28:22-6760
attr configname General
attr datetime 20221103-10:28:22
attr datetimef 20221103-102822
attr experiment General
attr inifile block.ini
attr iterationvars "$0=4, $1=10"
attr iterationvarsd 4/10
attr iterationvarsf 4,10-
attr measurement "$0=4, $1=10"
attr network Block
attr processid 6760
attr repetition 0
attr replication #0
attr resultdir results
attr runnumber 30
attr seedset 30
config network Block
config repeat 5
config sim-time-limit 1000s
config warmup-period 100s
config **.alloca.resourceModuleName "\"risorse\""
config **.dealloca.resourceModuleName "\"risorse\""
config **.is.delay exponential(3s)
config **.servente.serviceTime exponential(4s)
config **.dealloca.resourceAmount 2
config **.alloca.resourceAmount 2
config **.risorse.amount 6
config **.sorgente.numJobs (10)
config **.result-recording-modes all

vector 0 Block.servente queueLength:vector ETV
attr interpolationmode sample-hold
attr recordingmode vector
attr title "queue length"
vector 1 Block.servente queueingTime:vector ETV
attr interpolationmode none
attr recordingmode vector
attr title "queueing time at dequeue"
attr unit s
vector 2 Block.alloca queueLength:vector ETV
attr interpolationmode sample-hold
attr recordingmode vector
attr title "queue length"
vector 3 Block.alloca queueingTime:vector ETV
attr interpolationmode none
attr recordingmode vector
attr title "queueing time at dequeue"
attr unit s
vector 4 Block.risorse amount:vector ETV
attr interpolationmode sample-hold
attr recordingmode vector
attr title "available resource"
vector 5 Block.is delayedJobs:vector ETV
attr interpolationmode sample-hold
attr recordingmode vector
attr title "number of delayed jobs"
0	167	101.617593189988	1
0	169	101.617593189988	2
0	173	122.054807907084	1
0	175	122.054807907084	2
0	179	127.588651889904	1
0	181	127.588651889904	2
0	183	129.547921075817	1
0	185	129.547921075817	2
0	189	131.434300396538	1
0	191	131.434300396538	2
0	197	135.507177121026	1
0	199	135.507177121026	2
0	201	136.189455943929	1
0	203	136.189455943929	2
0	209	150.111470915086	1
0	211	150.111470915086	2
0	215	164.888339872726	1
0	217	164.888339872726	2
0	219	165.121833702485	1
0	221	165.121833702485	2
0	225	166.341380152895	1
0	227	166.341380152895	2
0	229	167.266845592335	1
0	231	167.266845592335	2
0	237	168.496655294369	1
0	239	168.496655294369	2
0	245	169.483698855533	1
0	247	169.483698855533	2
0	249	169.787945267971	1
0	251	169.787945267971	2
0	255	171.83865024656	1
0	257	171.83865024656	2
0	263	173.51106930709	1
0	265	173.51106930709	2
0	269	179.264772152815	1
0	271	179.264772152815	2
0	275	184.942022190142	1
0	277	184.942022190142	2
0	279	186.504237793068	1
0	281	186.504237793068	2
0	283	186.873061574306	1
0	285	186.873061574306	2
0	289	189.791613416457	1
0	291	189.791613416457	2
0	299	193.720247861935	1
0	301	193.720247861935	2
0	303	195.3238529444	1
0	305	195.3238529444	2
0	307	195.766485522762	1
0	309	195.766485522762	2
0	317	199.939236096852	1
0	319	199.939236096852	2
0	321	201.151909151199	1
0	323	201.151909151199	2
0	325	203.660237084089	1
0	327	203.660237084089	2
0	333	205.878105594805	1
0	335	205.878105594805	2
0	339	208.80660852953	1
0	341	208.80660852953	2
0	347	213.21926442193	1
0	349	213.21926442193	2
0	353	233.17347163949	1
0	355	233.17347163949	2
0	359	236.963587648905	1
0	361	236.963587648905	2
0	363	238.453703026261	1
0	365	238.453703026261	2
0	369	240.025413953718	1
0	371	240.025413953718	2
0	377	246.136876325866	1
0	379	246.136876325866	2
0	383	255.911607770735	1
0	385	255.911607770735	2
0	389	264.116204063939	1
0	391	264.116204063939	2
0	393	266.248118076895	1
0	395	266.248118076895	2
0	397	267.269079563774	1
0	399	267.269079563774	2
0	407	271.206805305525	1
0	409	271.206805305525	2
0	411	271.24295067206	1
0	413	271.24295067206	2
0	415	273.588850544956	1
0	417	273.588850544956	2
0	425	281.449658589602	1
0	427	281.449658589602	2
0	431	285.293632476081	1
0	433	285.293632476081	2
0	435	286.835820736885	1
0	437	286.835820736885	2
0	443	292.039230289743	1
0	445	292.039230289743	2
0	449	292.465289264292	1
0	451	292.465289264292	2
0	453	293.447909034422	1
0	455	293.447909034422	2
0	457	293.533644910584	1
0	459	293.533644910584	2
0	465	297.249871593774	1
0	467	297.249871593774	2
0	473	300.9760329277	1
0	475	300.9760329277	2
0	477	301.032135076555	1
0	479	301.032135076555	2
0	481	301.579270694006	1
0	483	301.579270694006	2
0	487	305.311953125728	1
0	489	305.311953125728	2
0	493	308.811935340921	1
0	495	308.811935340921	2
0	499	311.14700616602	1
0	501	311.14700616602	2
0	503	312.48974593912	1
0	505	312.48974593912	2
0	507	313.268493386391	1
0	509	313.268493386391	2
0	513	313.810127344062	1
0	515	313.810127344062	2
0	519	314.724637280254	1
0	521	314.724637280254	2
0	529	322.811931358299	1
0	531	322.811931358299	2
0	537	324.87199206102	1
0	539	324.87199206102	2
0	543	324.997871077333	1
0	545	324.997871077333	2
0	549	326.567628714174	1
0	551	326.567628714174	2
0	557	330.474087492148	1
0	559	330.474087492148	2
0	561	331.293755140237	1
0	563	331.293755140237	2
0	567	333.667934786506	1
0	569	333.667934786506	2
0	571	335.013715012616	1
0	573	335.013715012616	2
0	581	339.927537573939	1
0	583	339.927537573939	2
0	587	343.903613974749	1
0	589	343.903613974749	2
0	593	346.513336258014	1
0	595	346.513336258014	2
0	599	353.247171390009	1
0	601	353.247171390009	2
0	603	353.751927503504	1
0	605	353.751927503504	2
0	609	356.65981392428	1
0	611	356.65981392428	2
0	615	358.185562471628	1
0	617	358.185562471628	2
0	621	362.743489560047	1
0	623	362.743489560047	2
0	625	362.848662147862	1
0	627	362.848662147862	2
0	635	371.037969383755	1
0	637	371.037969383755	2
0	641	374.208926148167	1
0	643	374.208926148167	2
0	647	383.815184898675	1
0	649	383.815184898675	2
0	653	387.311201969815	1
0	655	387.311201969815	2
0	657	387.59853809996	1
0	659	387.59853809996	2
0	663	388.291418661147	1
0	665	388.291418661147	2
0	671	393.087754479041	1
0	673	393.087754479041	2
0	677	394.31416148485	1
0	679	394.31416148485	2
0	683	405.418823157023	1
0	685	405.418823157023	2
0	687	405.443417824246	1
0	689	405.443417824246	2
0	695	409.710077028464	1
0	697	409.710077028464	2
0	699	417.293838774574	1
0	701	417.293838774574	2
0	707	431.096654213825	1
0	709	431.096654213825	2
0	713	434.161625230345	1
0	715	434.161625230345	2
0	719	445.13176225514	1
0	721	445.13176225514	2
0	725	449.581801855866	1
0	727	449.581801855866	2
0	731	454.732796348694	1
0	733	454.732796348694	2
0	735	460.228617022994	1
0	737	460.228617022994	2
0	741	461.054708268334	1
0	743	461.054708268334	2
0	749	464.921544454364	1
0	751	464.921544454364	2
0	753	465.935883500768	1
0	755	465.935883500768	2
0	757	466.253200810601	1
0	759	466.253200810601	2
0	763	467.7990814023	1
0	765	467.7990814023	2
0	769	469.275563482183	1
0	771	469.275563482183	2
0	775	469.903709584643	1
0	777	469.903709584643	2
0	783	479.153828852823	1
0	785	479.153828852823	2
0	791	483.406584701742	1
0	793	483.406584701742	2
0	795	483.530175771561	1
0	797	483.530175771561	2
0	801	486.816956894214	1
0	803	486.816956894214	2
0	805	487.753635668018	1
0	807	487.753635668018	2
0	809	488.314172704222	1
0	811	488.314172704222	2
0	821	493.087034347073	1
0	823	493.087034347073	2
0	825	494.132903410866	1
0	827	494.132903410866	2
0	829	494.542127182554	1
0	831	494.542127182554	2
0	837	500.84583377592	1
0	839	500.84583377592	2
0	845	504.827966000218	1
0	847	504.827966000218	2
0	849	507.70100418208	1
0	851	507.70100418208	2
0	857	514.765817329024	1
0	859	514.765817329024	2
0	863	515.8886185387	1
0	865	515.8886185387	2
0	869	523.958380527261	1
0	871	523.958380527261	2
0	873	524.352359692758	1
0	875	524.352359692758	2
0	879	524.815212779914	1
0	881	524.815212779914	2
0	883	524.847011303599	1
0	885	524.847011303599	2
0	891	525.48317265386	1
0	893	525.48317265386	2
0	895	527.0369184799	1
0	897	527.0369184799	2
0	899	527.505268256446	1
0	901	527.505268256446	2
0	909	531.475136547933	1
0	911	531.475136547933	2
0	917	533.662725862372	1
0	919	533.662725862372	2
0	923	545.729414156605	1
0	925	545.729414156605	2
0	929	554.713118675982	1
0	931	554.713118675982	2
0	933	557.248917538013	1
0	935	557.248917538013	2
0	937	558.430397405996	1
0	939	558.430397405996	2
0	947	560.493909345956	1
0	949	560.493909345956	2
0	953	569.607992545763	1
0	955	569.607992545763	2
0	957	571.298432157266	1
0	959	571.298432157266	2
0	961	571.73335002086	1
0	963	571.73335002086	2
0	969	572.82495344959	1
0	971	572.82495344959	2
0	975	576.692746160426	1
0	977	576.692746160426	2
0	983	581.688642787275	1
0	985	581.688642787275	2
0	987	581.873481634212	1
0	989	581.873481634212	2
0	991	582.103892216522	1
0	993	582.103892216522	2
0	1001	590.463093001994	1
0	1003	590.463093001994	2
0	1007	597.184958425487	1
0	1009	597.184958425487	2
0	1013	601.87704105994	1
0	1015	601.87704105994	2
0	1017	604.045759416923	1
0	1019	604.045759416923	2
0	1021	604.837765391565	1
0	1023	604.837765391565	2
0	1027	605.964026499256	1
0	1029	605.964026499256	2
0	1037	619.215984541164	1
0	1039	619.215984541164	2
0	1041	619.383942472408	1
0	1043	619.383942472408	2
0	1049	628.969936928236	1
0	1051	628.969936928236	2
0	1053	632.969265568797	1
0	1055	632.969265568797	2
0	1061	637.860986776748	1
0	1063	637.860986776748	2
0	1065	638.929827282015	1
0	1067	638.929827282015	2
0	1071	641.081860244015	1
0	1073	641.081860244015	2
0	1077	642.971386236275	1
0	1079	642.971386236275	2
0	1083	646.445837443167	1
0	1085	646.445837443167	2
0	1089	650.748890201141	1
0	1091	650.748890201141	2
0	1097	656.602188529532	1
0	1099	656.602188529532	2
0	1103	663.037476114951	1
0	1105	663.037476114951	2
0	1107	665.065312858615	1
0	1109	665.065312858615	2
0	1115	671.647864953583	1
0	1117	671.647864953583	2
0	1121	675.984489701563	1
0	1123	675.984489701563	2
0	1127	684.315740302885	1
0	1129	684.315740302885	2
0	1133	685.763071360775	1
0	1135	685.763071360775	2
0	1139	687.230541203848	1
0	1141	687.230541203848	2
0	1143	687.671418652711	1
0	1145	687.671418652711	2
0	1147	688.397488951956	1
0	1149	688.397488951956	2
0	1153	690.308387467823	1
0	1155	690.308387467823	2
0	1161	695.722647853209	1
0	1163	695.722647853209	2
0	1165	697.420199722436	1
0	1167	697.420199722436	2
0	1173	699.117654007359	1
0	1175	699.117654007359	2
0	1179	700.546772050687	1
0	1181	700.546772050687	2
0	1187	700.865605415815	1
0	1189	700.865605415815	2
0	1191	702.244819378534	1
0	1193	702.244819378534	2
0	1197	703.725075281154	1
0	1199	703.725075281154	2
0	1205	713.628228629828	1
0	1207	713.628228629828	2
0	1209	719.110656404903	1
0	1211	719.110656404903	2
0	1213	720.193258441932	1
0	1215	720.193258441932	2
0	1223	736.082008710445	1
0	1225	736.082008710445	2
0	1227	736.116630203992	1
0	1229	736.116630203992	2
0	1233	737.406609948722	1
0	1235	737.406609948722	2
0	1241	742.039048576661	1
0	1243	742.039048576661	2
0	1245	744.346921217557	1
0	1247	744.346921217557	2
0	1251	748.211456285003	1
0	1253	748.211456285003	2
0	1255	748.962113893752	1
0	1257	748.962113893752	2
0	1263	753.996143588154	1
0	1265	753.996143588154	2
0	1271	767.096758368468	1
0	1273	767.096758368468	2
0	1275	767.89834597395	1
0	1277	767.89834597395	2
0	1283	772.227852674834	1
0	1285	772.227852674834	2
0	1289	774.688229541751	1
0	1291	774.688229541751	2
0	1295	784.403877226069	1
0	1297	784.403877226069	2
0	1301	791.388007536317	1
0	1303	791.388007536317	2
0	1307	799.5470135404	1
0	1309	799.5470135404	2
0	1313	803.275660462142	1
0	1315	803.275660462142	2
0	1317	805.47312982573	1
0	1319	805.47312982573	2
0	1325	811.215187733718	1
0	1327	811.215187733718	2
0	1331	814.403618435014	1
0	1333	814.403618435014	2
0	1335	815.143765368427	1
0	1337	815.143765368427	2
0	1343	819.462844630824	1
0	1345	819.462844630824	2
0	1347	820.090125841777	1
0	1349	820.090125841777	2
0	1355	824.754488422636	1
0	1357	824.754488422636	2
0	1359	825.104080765623	1
0	1361	825.104080765623	2
0	1363	827.353469955491	1
0	1365	827.353469955491	2
0	1373	840.369026576195	1
0	1375	840.369026576195	2
0	1379	843.01126894196	1
0	1381	843.01126894196	2
0	1383	849.723309079106	1
0	1385	849.723309079106	2
0	1387	850.946362940188	1
0	1389	850.946362940188	2
0	1395	853.987797992236	1
0	1397	853.987797992236	2
0	1401	855.295757499437	1
0	1403	855.295757499437	2
0	1407	857.970482657382	1
0	1409	857.970482657382	2
0	1413	860.408243499317	1
0	1415	860.408243499317	2
0	1419	864.260744168593	1
0	1421	864.260744168593	2
0	1423	864.342270558109	1
0	1425	864.342270558109	2
0	1427	864.367358459198	1
0	1429	864.367358459198	2
0	1433	864.978062196039	1
0	1435	864.978062196039	2
0	1445	876.782759124659	1
0	1447	876.782759124659	2
0	1449	884.003015028837	1
0	1451	884.003015028837	2
0	1457	892.532609285688	1
0	1459	892.532609285688	2
0	1463	895.488822294789	1
0	1465	895.488822294789	2
0	1469	899.442124468501	1
0	1471	899.442124468501	2
0	1473	900.647416311477	1
0	1475	900.647416311477	2
0	1481	913.690218996008	1
0	1483	913.690218996008	2
0	1487	919.254488835679	1
0	1489	919.254488835679	2
0	1493	923.017674274629	1
0	1495	923.017674274629	2
0	1499	928.086802002006	1
0	1501	928.086802002006	2
0	1505	936.122259668623	1
0	1507	936.122259668623	2
0	1511	943.878578408258	1
0	1513	943.878578408258	2
0	1515	945.207233061355	1
0	1517	945.207233061355	2
0	1523	950.752358832667	1
0	1525	950.752358832667	2
0	1529	952.703752366892	1
0	1531	952.703752366892	2
0	1533	954.701840236693	1
0	1535	954.701840236693	2
0	1537	955.175551871475	1
0	1539	955.175551871475	2
0	1541	955.388925104131	1
0	1543	955.388925104131	2
0	1549	957.404363402712	1
0	1551	957.404363402712	2
0	1555	960.431433279904	1
0	1557	960.431433279904	2
0	1559	960.602467313562	1
0	1561	960.602467313562	2
0	1569	962.575342986085	1
0	1571	962.575342986085	2
0	1575	964.940957330241	1
0	1577	964.940957330241	2
0	1583	971.3808924758	1
0	1585	971.3808924758	2
0	1589	979.156618343852	1
0	1591	979.156618343852	2
0	1595	980.060250770542	1
0	1597	980.060250770542	2
0	1601	981.15267948751	1
0	1603	981.15267948751	2
0	1605	982.301443779872	1
0	1607	982.301443779872	2
0	1611	989.454878909312	1
0	1613	989.454878909312	2
0	1617	992.049746287349	1
0	1619	992.049746287349	2
0	1625	994.864050700177	1
0	1627	994.864050700177	2
0	1629	996.505083897945	1
0	1631	996.505083897945	2
0	1635	998.769659231061	1
0	1637	998.769659231061	2
1	167	101.617593189988	23.827395540378
1	173	122.054807907084	33.550770108419
1	179	127.588651889904	25.971058699916
1	183	129.547921075817	7.493113168733
1	189	131.434300396538	3.845648506634
1	197	135.507177121026	5.959256045209
1	201	136.189455943929	4.755155547391
1	209	150.111470915086	14.60429379406
1	215	164.888339872726	28.698883928797
1	219	165.121833702485	15.010362787399
1	225	166.341380152895	1.453040280169
1	229	167.266845592335	2.14501188985
1	237	168.496655294369	2.155275141474
1	245	169.483698855533	2.216853263198
1	249	169.787945267971	1.291289973602
1	255	171.83865024656	2.354951391027
1	263	173.51106930709	3.723124039119
1	269	179.264772152815	7.426121906255
1	275	184.942022190142	11.430952883052
1	279	186.504237793068	7.239465640253
1	283	186.873061574306	1.931039384164
1	289	189.791613416457	3.287375623389
1	299	193.720247861935	6.847186287629
1	303	195.3238529444	5.532239527943
1	307	195.766485522762	2.046237660827
1	317	199.939236096852	4.615383152452
1	321	201.151909151199	5.385423628437
1	325	203.660237084089	3.721000987237
1	333	205.878105594805	4.726196443606
1	339	208.80660852953	5.146371445441
1	347	213.21926442193	7.341158827125
1	353	233.17347163949	24.36686310996
1	359	236.963587648905	23.744323226975
1	363	238.453703026261	5.280231386771
1	369	240.025413953718	3.061826304813
1	377	246.136876325866	7.683173299605
1	383	255.911607770735	15.886193817017
1	389	264.116204063939	17.979327738073
1	393	266.248118076895	10.33651030616
1	397	267.269079563774	3.152875499835
1	407	271.206805305525	4.95868722863
1	411	271.24295067206	3.973871108286
1	415	273.588850544956	2.382045239431
1	425	281.449658589602	10.206707917542
1	431	285.293632476081	11.704781931125
1	435	286.835820736885	5.386162147283
1	443	292.039230289743	6.745597813662
1	449	292.465289264292	5.629468527407
1	453	293.447909034422	1.408678744679
1	457	293.533644910584	1.068355646292
1	465	297.249871593774	3.801962559352
1	473	300.9760329277	7.442388017116
1	477	301.032135076555	3.782263482781
1	481	301.579270694006	0.603237766306
1	487	305.311953125728	4.279818049173
1	493	308.811935340921	7.232664646915
1	499	311.14700616602	5.835053040292
1	503	312.48974593912	3.677810598199
1	507	313.268493386391	2.121487220371
1	513	313.810127344062	1.320381404942
1	519	314.724637280254	1.456143893863
1	529	322.811931358299	9.001804014237
1	537	324.87199206102	10.147354780766
1	543	324.997871077333	2.185939719034
1	549	326.567628714174	1.695636653154
1	557	330.474087492148	5.476216414815
1	561	331.293755140237	4.726126426063
1	567	333.667934786506	3.193847294358
1	571	335.013715012616	3.719959872379
1	581	339.927537573939	6.259602787433
1	587	343.903613974749	8.889898962133
1	593	346.513336258014	6.585798684075
1	599	353.247171390009	9.34355741526
1	603	353.751927503504	7.23859124549
1	609	356.65981392428	3.412642534271
1	615	358.185562471628	4.433634968124
1	621	362.743489560047	6.083675635767
1	625	362.848662147862	4.663099676234
1	635	371.037969383755	8.294479823708
1	641	374.208926148167	11.360264000305
1	647	383.815184898675	12.77721551492
1	653	387.311201969815	13.102275821648
1	657	387.59853809996	3.783353201285
1	663	388.291418661147	0.980216691332
1	671	393.087754479041	5.489216379081
1	677	394.31416148485	6.022742823703
1	683	405.418823157023	12.331068677982
1	687	405.443417824246	11.129256339396
1	695	409.710077028464	4.291253871441
1	699	417.293838774574	11.850420950328
1	707	431.096654213825	21.386577185361
1	713	434.161625230345	16.867786455771
1	719	445.13176225514	14.035108041315
1	725	449.581801855866	15.420176625521
1	731	454.732796348694	9.601034093554
1	735	460.228617022994	10.646815167128
1	741	461.054708268334	6.32191191964
1	749	464.921544454364	4.69292743137
1	753	465.935883500768	4.881175232434
1	757	466.253200810601	1.331656356237
1	763	467.7990814023	1.863197901532
1	769	469.275563482183	3.022362671582
1	775	469.903709584643	2.104628182343
1	783	479.153828852823	9.87826537064
1	791	483.406584701742	13.502875117099
1	795	483.530175771561	4.376346918738
1	801	486.816956894214	3.410372192472
1	805	487.753635668018	4.223459896457
1	809	488.314172704222	1.497215810008
1	821	493.087034347073	5.333398679055
1	825	494.132903410866	5.818730706644
1	829	494.542127182554	1.455092835481
1	837	500.84583377592	6.712930365054
1	845	504.827966000218	10.285838817664
1	849	507.70100418208	6.85517040616
1	857	514.765817329024	9.937851328806
1	863	515.8886185387	8.18761435662
1	869	523.958380527261	9.192563198237
1	873	524.352359692758	8.463741154058
1	879	524.815212779914	0.856832252653
1	883	524.847011303599	0.494651610841
1	891	525.48317265386	0.667959873946
1	895	527.0369184799	2.189907176301
1	899	527.505268256446	2.022095602586
1	909	531.475136547933	4.438218068033
1	917	533.662725862372	6.157457605926
1	923	545.729414156605	14.254277608672
1	929	554.713118675982	21.05039281361
1	933	557.248917538013	11.519503381408
1	937	558.430397405996	3.717278730014
1	947	560.493909345956	3.244991807943
1	953	569.607992545763	11.177595139767
1	957	571.298432157266	10.80452281131
1	961	571.73335002086	2.125357475097
1	969	572.82495344959	1.526521292324
1	975	576.692746160426	4.959396139566
1	983	581.688642787275	8.863689337685
1	987	581.873481634212	5.180735473786
1	991	582.103892216522	0.415249429247
1	1001	590.463093001994	8.589611367782
1	1007	597.184958425487	15.081066208965
1	1013	601.87704105994	11.413948057946
1	1017	604.045759416923	6.860800991436
1	1021	604.837765391565	2.960724331625
1	1027	605.964026499256	1.918267082333
1	1037	619.215984541164	14.378219149599
1	1041	619.383942472408	13.419915973152
1	1049	628.969936928236	9.753952387072
1	1053	632.969265568797	13.585323096389
1	1061	637.860986776748	8.891049848512
1	1065	638.929827282015	5.960561713218
1	1071	641.081860244015	3.220873467267
1	1077	642.971386236275	4.04155895426
1	1083	646.445837443167	5.363977199152
1	1089	650.748890201141	7.777503964866
1	1097	656.602188529532	10.156351086365
1	1103	663.037476114951	12.28858591381
1	1107	665.065312858615	8.463124329083
1	1115	671.647864953583	8.610388838632
1	1121	675.984489701563	10.919176842948
1	1127	684.315740302885	12.667875349302
1	1133	685.763071360775	9.778581659212
1	1139	687.230541203848	2.914800900963
1	1143	687.671418652711	1.908347291936
1	1147	688.397488951956	1.166947748108
1	1153	690.308387467823	2.636968815112
1	1161	695.722647853209	7.325158901253
1	1165	697.420199722436	7.111812254613
1	1173	699.117654007359	3.39500615415
1	1179	700.546772050687	3.126572328251
1	1187	700.865605415815	1.747951408456
1	1191	702.244819378534	1.698047327847
1	1197	703.725075281154	2.859469865339
1	1205	713.628228629828	11.383409251294
1	1209	719.110656404903	15.385581123749
1	1213	720.193258441932	6.565029812104
1	1223	736.082008710445	16.971352305542
1	1227	736.116630203992	15.92337176206
1	1233	737.406609948722	1.324601238277
1	1241	742.039048576661	5.922418372669
1	1245	744.346921217557	6.940311268835
1	1251	748.211456285003	6.172407708342
1	1255	748.962113893752	4.615192676195
1	1263	753.996143588154	5.784687303151
1	1271	767.096758368468	18.134644474716
1	1275	767.89834597395	13.902202385796
1	1283	772.227852674834	5.131094306366
1	1289	774.688229541751	6.789883567801
1	1295	784.403877226069	12.176024551235
1	1301	791.388007536317	16.699777994566
1	1307	799.5470135404	15.143136314331
1	1313	803.275660462142	11.887652925825
1	1317	805.47312982573	5.92611628533
1	1325	811.215187733718	7.939527271576
1	1331	814.403618435014	8.930488609284
1	1335	815.143765368427	3.928577634709
1	1343	819.462844630824	5.05922619581
1	1347	820.090125841777	4.94636047335
1	1355	824.754488422636	5.291643791812
1	1359	825.104080765623	5.013954923846
1	1363	827.353469955491	2.598981532855
1	1373	840.369026576195	15.264945810572
1	1379	843.01126894196	15.657798986469
1	1383	849.723309079106	9.354282502911
1	1387	850.946362940188	7.935093998228
1	1395	853.987797992236	4.26448891313
1	1401	855.295757499437	4.349394559249
1	1407	857.970482657382	3.982684665146
1	1413	860.408243499317	5.11248599988
1	1419	864.260744168593	6.290261511211
1	1423	864.342270558109	3.934027058792
1	1427	864.367358459198	0.106614290605
1	1433	864.978062196039	0.63579163793
1	1445	876.782759124659	12.415400665461
1	1449	884.003015028837	19.024952832798
1	1457	892.532609285688	15.749850161029
1	1463	895.488822294789	11.485807265952
1	1469	899.442124468501	6.909515182813
1	1473	900.647416311477	5.158594016688
1	1481	913.690218996008	14.248094527507
1	1487	919.254488835679	18.607072524202
1	1493	923.017674274629	9.327455278621
1	1499	928.086802002006	8.832313166327
1	1505	936.122259668623	13.104585393994
1	1511	943.878578408258	15.791776406252
1	1515	945.207233061355	9.084973392732
1	1523	950.752358832667	6.873780424409
1	1529	952.703752366892	7.496519305537
1	1533	954.701840236693	3.949481404026
1	1537	955.175551871475	2.471799504583
1	1541	955.388925104131	0.687084867438
1	1549	957.404363402712	2.228811531237
1	1555	960.431433279904	5.042508175773
1	1559	960.602467313562	3.19810391085
1	1569	962.575342986085	2.143909706181
1	1575	964.940957330241	4.338490016679
1	1583	971.3808924758	8.805549489715
1	1589	979.156618343852	14.215661013611
1	1595	980.060250770542	8.679358294742
1	1601	981.15267948751	1.996061143658
1	1605	982.301443779872	2.24119300933
1	1611	989.454878909312	8.302199421802
1	1617	992.049746287349	9.748302507477
1	1625	994.864050700177	5.409171790865
1	1629	996.505083897945	4.455337610596
1	1635	998.769659231061	3.905608530884
2	168	101.617593189988	6
2	172	101.69854882817	7
2	174	122.054807907084	6
2	178	124.099347981632	7
2	180	127.588651889904	6
2	184	129.547921075817	5
2	188	130.919715584756	6
2	190	131.434300396538	5
2	194	132.988905704554	6
2	196	133.607484097595	7
2	198	135.507177121026	6
2	202	136.189455943929	5
2	206	137.425308994369	6
2	208	137.653480174391	7
2	210	150.111470915086	6
2	214	154.200810377844	7
2	216	164.888339872726	6
2	220	165.121833702485	5
2	224	166.113336893732	6
2	226	166.341380152895	5
2	230	167.266845592335	4
2	234	167.481357313145	5
2	236	167.83668668812	6
2	238	168.496655294369	5
2	242	168.5419383392	6
2	244	169.339099663562	7
2	246	169.483698855533	6
2	250	169.787945267971	5
2	254	170.50302458491	6
2	256	171.83865024656	5
2	260	172.771679075446	6
2	262	173.075188668729	7
2	264	173.51106930709	6
2	268	174.915776467869	7
2	270	179.264772152815	6
2	274	181.818307856203	7
2	276	184.942022190142	6
2	280	186.504237793068	5
2	284	186.873061574306	4
2	288	187.407503620372	5
2	290	189.791613416457	4
2	294	189.864967271377	5
2	296	191.631613687471	6
2	298	192.421736986077	7
2	300	193.720247861935	6
2	304	195.3238529444	5
2	308	195.766485522762	4
2	312	196.246925223236	5
2	314	197.010156240646	6
2	316	198.326770389738	7
2	318	199.939236096852	6
2	322	201.151909151199	5
2	326	203.660237084089	4
2	330	204.991228878338	5
2	332	205.701295042024	6
2	334	205.878105594805	5
2	338	206.094180928012	6
2	340	208.80660852953	5
2	344	210.16989705848	6
2	346	211.477149415688	7
2	348	213.21926442193	6
2	352	213.366302318362	7
2	354	233.17347163949	6
2	358	234.093641428579	7
2	360	236.963587648905	6
2	364	238.453703026261	5
2	368	238.8337076148	6
2	370	240.025413953718	5
2	374	241.153584740369	6
2	376	241.999897260487	7
2	378	246.136876325866	6
2	382	247.999561222551	7
2	384	255.911607770735	6
2	388	261.0508017732	7
2	390	264.116204063939	6
2	394	266.248118076895	5
2	398	267.269079563774	4
2	402	267.422954803336	5
2	404	267.576908546906	6
2	406	269.848895857916	7
2	408	271.206805305525	6
2	412	271.24295067206	5
2	416	273.588850544956	4
2	420	273.965402024396	5
2	422	274.033748114794	6
2	424	274.211125803032	7
2	426	281.449658589602	6
2	430	284.336670644499	7
2	432	285.293632476081	6
2	436	286.835820736885	5
2	440	287.300916387118	6
2	442	287.33411027404	7
2	444	292.039230289743	6
2	448	292.133150925792	7
2	450	292.465289264292	6
2	454	293.447909034422	5
2	458	293.533644910584	4
2	462	293.710140147323	5
2	464	294.338431559338	6
2	466	297.249871593774	5
2	470	298.72151065468	6
2	472	300.863602209278	7
2	474	300.9760329277	6
2	478	301.032135076555	5
2	482	301.579270694006	4
2	486	302.301316016071	5
2	488	305.311953125728	4
2	492	307.934343657845	5
2	494	308.811935340921	4
2	498	309.99910425404	5
2	500	311.14700616602	4
2	504	312.48974593912	3
2	508	313.268493386391	2
2	512	313.797696377441	3
2	514	313.810127344062	2
2	518	313.921695321604	3
2	520	314.724637280254	2
2	524	315.189052981688	3
2	526	315.823630070434	4
2	528	318.498440439693	5
2	530	322.811931358299	4
2	534	323.742000055232	5
2	536	324.062404098696	6
2	538	324.87199206102	5
2	542	324.936976148947	6
2	544	324.997871077333	5
2	548	325.90148231014	6
2	550	326.567628714174	5
2	554	326.723574594212	6
2	556	328.045077990928	7
2	558	330.474087492148	6
2	562	331.293755140237	5
2	566	331.372309203383	6
2	568	333.667934786506	5
2	572	335.013715012616	4
2	576	335.236605074527	5
2	578	335.943482826027	6
2	580	338.682710162209	7
2	582	339.927537573939	6
2	586	343.455583815154	7
2	588	343.903613974749	6
2	592	344.27720153962	7
2	594	346.513336258014	6
2	598	347.158536933728	7
2	600	353.247171390009	6
2	604	353.751927503504	5
2	608	354.868217599388	6
2	610	356.65981392428	5
2	614	357.797638434779	6
2	616	358.185562471628	5
2	620	360.551460730599	6
2	622	362.743489560047	5
2	626	362.848662147862	4
2	630	363.121225866155	5
2	632	364.326187299338	6
2	634	365.000633599886	7
2	636	371.037969383755	6
2	640	371.531200802468	7
2	642	374.208926148167	6
2	646	374.641750921148	7
2	648	383.815184898675	6
2	652	383.861915136064	7
2	654	387.311201969815	6
2	658	387.59853809996	5
2	662	387.903472024723	6
2	664	388.291418661147	5
2	668	388.740538524625	6
2	670	390.04261099611	7
2	672	393.087754479041	6
2	676	393.820351650162	7
2	678	394.31416148485	6
2	682	399.575859856171	7
2	684	405.418823157023	6
2	688	405.443417824246	5
2	692	406.385208042819	6
2	694	408.835117891818	7
2	696	409.710077028464	6
2	700	417.293838774574	5
2	704	419.143662945497	6
2	706	429.587497053608	7
2	708	431.096654213825	6
2	712	432.152900574016	7
2	714	434.161625230345	6
2	718	437.060325671013	7
2	720	445.13176225514	6
2	724	445.693973996595	7
2	726	449.581801855866	6
2	730	449.903360313143	7
2	732	454.732796348694	6
2	736	460.228617022994	5
2	740	460.379527344753	6
2	742	461.054708268334	5
2	746	461.527381621603	6
2	748	461.733361966635	7
2	750	464.921544454364	6
2	754	465.935883500768	5
2	758	466.253200810601	4
2	762	466.450395965132	5
2	764	467.7990814023	4
2	768	468.620069561953	5
2	770	469.275563482183	4
2	774	469.646743837083	5
2	776	469.903709584643	4
2	780	470.552953507767	5
2	782	470.915990127867	6
2	784	479.153828852823	5
2	788	481.236952605521	6
2	790	482.817916387963	7
2	792	483.406584701742	6
2	796	483.530175771561	5
2	800	485.086675443761	6
2	802	486.816956894214	5
2	806	487.753635668018	4
2	810	488.314172704222	3
2	814	488.676110252717	4
2	816	489.008016087876	5
2	818	492.300765872317	6
2	820	492.924254330462	7
2	822	493.087034347073	6
2	826	494.132903410866	5
2	830	494.542127182554	4
2	834	495.511090342182	5
2	836	498.80889064973	6
2	838	500.84583377592	5
2	842	501.457578001871	6
2	844	501.889876063767	7
2	846	504.827966000218	6
2	850	507.70100418208	5
2	854	507.877362576178	6
2	856	512.374539217177	7
2	858	514.765817329024	6
2	862	515.546523521712	7
2	864	515.8886185387	6
2	868	519.735193934825	7
2	870	523.958380527261	6
2	874	524.352359692758	5
2	878	524.507600161561	6
2	880	524.815212779914	5
2	884	524.847011303599	4
2	888	524.909891378877	5
2	890	524.926406611553	6
2	892	525.48317265386	5
2	896	527.0369184799	4
2	900	527.505268256446	3
2	904	528.347336999687	4
2	906	528.428895403583	5
2	908	529.922716068176	6
2	910	531.475136547933	5
2	914	531.609953984702	6
2	916	532.930019070479	7
2	918	533.662725862372	6
2	922	542.708894335623	7
2	924	545.729414156605	6
2	928	551.410355535724	7
2	930	554.713118675982	6
2	934	557.248917538013	5
2	938	558.430397405996	4
2	942	558.782355098485	5
2	944	559.244515823051	6
2	946	559.308327007648	7
2	948	560.493909345956	6
2	952	562.541474387365	7
2	954	569.607992545763	6
2	958	571.298432157266	5
2	962	571.73335002086	4
2	966	571.872622272953	5
2	968	571.999988274538	6
2	970	572.82495344959	5
2	974	573.422465138572	6
2	976	576.692746160426	5
2	980	577.660836375278	6
2	982	579.690968674178	7
2	984	581.688642787275	6
2	988	581.873481634212	5
2	992	582.103892216522	4
2	996	582.620520213248	5
2	998	587.596067632489	6
2	1000	588.110038969472	7
2	1002	590.463093001994	6
2	1006	595.133822126539	7
2	1008	597.184958425487	6
2	1012	600.753918802287	7
2	1014	601.87704105994	6
2	1018	604.045759416923	5
2	1022	604.837765391565	4
2	1026	605.92718674916	5
2	1028	605.964026499256	4
2	1032	606.361102353732	5
2	1034	607.924310754623	6
2	1036	612.065931634186	7
2	1038	619.215984541164	6
2	1042	619.383942472408	5
2	1046	620.042543255362	6
2	1048	622.585121430794	7
2	1050	628.969936928236	6
2	1054	632.969265568797	5
2	1058	633.620755693219	6
2	1060	633.652044423447	7
2	1062	637.860986776748	6
2	1066	638.929827282015	5
2	1070	640.263722353895	6
2	1072	641.081860244015	5
2	1076	641.316115069664	6
2	1078	642.971386236275	5
2	1082	644.825343362733	6
2	1084	646.445837443167	5
2	1088	648.571773385461	6
2	1090	650.748890201141	5
2	1094	651.322633399993	6
2	1096	652.199639747689	7
2	1098	656.602188529532	6
2	1102	657.632128503997	7
2	1104	663.037476114951	6
2	1108	665.065312858615	5
2	1112	667.656698307744	6
2	1114	670.869089725745	7
2	1116	671.647864953583	6
2	1120	672.625410810927	7
2	1122	675.984489701563	6
2	1126	677.095890914594	7
2	1128	684.315740302885	6
2	1132	685.478345223066	7
2	1134	685.763071360775	6
2	1138	685.949887848225	7
2	1140	687.230541203848	6
2	1144	687.671418652711	5
2	1148	688.397488951956	4
2	1152	689.631805606862	5
2	1154	690.308387467823	4
2	1158	690.379702170437	5
2	1160	692.082785418202	6
2	1162	695.722647853209	5
2	1166	697.420199722436	4
2	1170	698.063732469216	5
2	1172	698.635137910201	6
2	1174	699.117654007359	5
2	1178	700.530014451016	6
2	1180	700.546772050687	5
2	1184	700.556805180538	6
2	1186	700.65761161259	7
2	1188	700.865605415815	6
2	1192	702.244819378534	5
2	1196	702.391464440878	6
2	1198	703.725075281154	5
2	1202	705.40567936699	6
2	1204	706.805108389406	7
2	1206	713.628228629828	6
2	1210	719.110656404903	5
2	1214	720.193258441932	4
2	1218	722.412414270414	5
2	1220	722.648516575473	6
2	1222	731.49763844519	7
2	1224	736.082008710445	6
2	1228	736.116630203992	5
2	1232	736.558834065486	6
2	1234	737.406609948722	5
2	1238	739.18008147742	6
2	1240	740.556280200181	7
2	1242	742.039048576661	6
2	1246	744.346921217557	5
2	1250	744.38844633011	6
2	1252	748.211456285003	5
2	1256	748.962113893752	4
2	1260	749.807412081614	5
2	1262	749.95380161436	6
2	1264	753.996143588154	5
2	1268	754.080691263677	6
2	1270	754.410791080416	7
2	1272	767.096758368468	6
2	1276	767.89834597395	5
2	1280	768.321918907395	6
2	1282	771.018721364698	7
2	1284	772.227852674834	6
2	1288	773.443985668235	7
2	1290	774.688229541751	6
2	1294	774.889858891659	7
2	1296	784.403877226069	6
2	1300	785.814897947687	7
2	1302	791.388007536317	6
2	1306	791.693195052024	7
2	1308	799.5470135404	6
2	1312	801.339804209402	7
2	1314	803.275660462142	6
2	1318	805.47312982573	5
2	1322	805.861824640295	6
2	1324	811.023330299461	7
2	1326	811.215187733718	6
2	1330	812.58030531727	7
2	1332	814.403618435014	6
2	1336	815.143765368427	5
2	1340	815.428920149436	6
2	1342	816.575579765951	7
2	1344	819.462844630824	6
2	1348	820.090125841777	5
2	1352	822.202505672745	6
2	1354	822.927889566714	7
2	1356	824.754488422636	6
2	1360	825.104080765623	5
2	1364	827.353469955491	4
2	1368	828.04118319135	5
2	1370	829.399182941632	6
2	1372	830.471791049895	7
2	1374	840.369026576195	6
2	1378	840.603816879456	7
2	1380	843.01126894196	6
2	1384	849.723309079106	5
2	1388	850.946362940188	4
2	1392	851.305202477899	5
2	1394	853.355505298831	6
2	1396	853.987797992236	5
2	1400	854.583560165339	6
2	1402	855.295757499437	5
2	1406	857.397134319029	6
2	1408	857.970482657382	5
2	1412	858.132508923122	6
2	1414	860.408243499317	5
2	1418	863.030174880599	6
2	1420	864.260744168593	5
2	1424	864.342270558109	4
2	1428	864.367358459198	3
2	1432	864.419629377132	4
2	1434	864.978062196039	3
2	1438	865.838433821076	4
2	1440	865.868107768764	5
2	1442	866.478494306895	6
2	1444	870.053346816265	7
2	1446	876.782759124659	6
2	1450	884.003015028837	5
2	1454	885.082966665654	6
2	1456	887.855364315168	7
2	1458	892.532609285688	6
2	1462	892.924244395829	7
2	1464	895.488822294789	6
2	1468	897.346862010881	7
2	1470	899.442124468501	6
2	1474	900.647416311477	5
2	1478	902.47982975747	6
2	1480	902.583021921642	7
2	1482	913.690218996008	6
2	1486	916.626081652733	7
2	1488	919.254488835679	6
2	1492	921.441289569596	7
2	1494	923.017674274629	6
2	1498	923.66216888828	7
2	1500	928.086802002006	6
2	1504	931.245195924811	7
2	1506	936.122259668623	6
2	1510	937.860567742562	7
2	1512	943.878578408258	6
2	1516	945.207233061355	5
2	1520	945.265515856401	6
2	1522	945.604168146162	7
2	1524	950.752358832667	6
2	1528	951.424921509298	7
2	1530	952.703752366892	6
2	1534	954.701840236693	5
2	1538	955.175551871475	4
2	1542	955.388925104131	3
2	1546	956.034652012811	4
2	1548	956.66548674579	5
2	1550	957.404363402712	4
2	1554	958.205707385331	5
2	1556	960.431433279904	4
2	1560	960.602467313562	3
2	1564	960.613639402977	4
2	1566	960.986794354472	5
2	1568	961.235259702361	6
2	1570	962.575342986085	5
2	1574	964.023960287768	6
2	1576	964.940957330241	5
2	1580	965.668441435132	6
2	1582	970.165296437121	7
2	1584	971.3808924758	6
2	1588	975.383675313923	7
2	1590	979.156618343852	6
2	1594	979.703242892811	7
2	1596	980.060250770542	6
2	1600	980.986348299808	7
2	1602	981.15267948751	6
2	1606	982.301443779872	5
2	1610	983.510731727604	6
2	1612	989.454878909312	5
2	1616	991.800893186747	6
2	1618	992.049746287349	5
2	1622	992.328520888823	6
2	1624	993.400035042001	7
2	1626	994.864050700177	6
2	1630	996.505083897945	5
2	1634	998.241846768706	6
2	1636	998.769659231061	5
2	1640	998.892447829127	6
3	168	101.617593189988	40.718167402765
3	174	122.054807907084	49.526471235333
3	180	127.588651889904	51.800710268293
3	184	129.547921075817	53.717293557329
3	190	131.434300396538	51.238278430713
3	198	135.507177121026	55.283804020363
3	202	136.189455943929	46.268582356415
3	210	150.111470915086	48.412922086916
3	216	164.888339872726	40.788991891094
3	220	165.121833702485	34.202118117729
3	226	166.341380152895	33.352474448341
3	230	167.266845592335	33.65936149474
3	238	168.496655294369	31.0713463
3	246	169.483698855533	31.830218681142
3	250	169.787945267971	15.587134890127
3	256	171.83865024656	5.725313352828
3	264	173.51106930709	6.029711993945
3	270	179.264772152815	11.428085464695
3	276	184.942022190142	16.400083850942
3	280	186.504237793068	17.165138129506
3	284	186.873061574306	16.370036989396
3	290	189.791613416457	17.019934341011
3	300	193.720247861935	20.645059193206
3	304	195.3238529444	20.408076476531
3	308	195.766485522762	13.948177666559
3	318	199.939236096852	12.53173247648
3	322	201.151909151199	11.286941879822
3	326	203.660237084089	12.028623396618
3	334	205.878105594805	13.456368608728
3	340	208.80660852953	12.559683306294
3	348	213.21926442193	16.209108181284
3	354	233.17347163949	34.846701249752
3	360	236.963587648905	31.972358770567
3	364	238.453703026261	32.752407984237
3	370	240.025413953718	33.931233025706
3	378	246.136876325866	35.966979267386
3	384	255.911607770735	44.434458355047
3	390	264.116204063939	50.749901745577
3	394	266.248118076895	32.154476648316
3	398	267.269079563774	28.435371948974
3	408	271.206805305525	30.053220565156
3	412	271.24295067206	29.243053411573
3	416	273.588850544956	25.589289322405
3	426	281.449658589602	20.398856816402
3	432	285.293632476081	17.870677672745
3	436	286.835820736885	19.258912189979
3	444	292.039230289743	22.190334431827
3	450	292.465289264292	18.499887239896
3	454	293.447909034422	19.414160919628
3	458	293.533644910584	19.322519107552
3	466	297.249871593774	12.913200949275
3	474	300.9760329277	13.675116540582
3	478	301.032135076555	13.698024802515
3	482	301.579270694006	9.446119768214
3	488	305.311953125728	11.601812978405
3	494	308.811935340921	14.473503781583
3	500	311.14700616602	12.42549551134
3	504	312.48974593912	11.626143729842
3	508	313.268493386391	10.96717737032
3	514	313.810127344062	5.875783686217
3	520	314.724637280254	4.725533026214
3	530	322.811931358299	9.014234980858
3	538	324.87199206102	10.950296739416
3	544	324.997871077333	9.808818095645
3	550	326.567628714174	10.74399864374
3	558	330.474087492148	11.975647052455
3	562	331.293755140237	7.551755085005
3	568	333.667934786506	9.60553068781
3	572	335.013715012616	10.076738863669
3	582	339.927537573939	14.026055263799
3	588	343.903613974749	17.180039380537
3	594	346.513336258014	18.468258267086
3	600	353.247171390009	21.874862186626
3	604	353.751927503504	18.515322428977
3	610	356.65981392428	20.716331098253
3	616	358.185562471628	19.502852309419
3	622	362.743489560047	19.287905744893
3	626	362.848662147862	18.571460608242
3	636	371.037969383755	23.879432450027
3	642	374.208926148167	19.340708548779
3	648	383.815184898675	26.017546463896
3	654	387.311201969815	26.759741239216
3	658	387.59853809996	24.477312233805
3	664	388.291418661147	23.965231361809
3	672	393.087754479041	28.087120879155
3	678	394.31416148485	22.782960682382
3	684	405.418823157023	30.777072235875
3	688	405.443417824246	21.581502688182
3	696	409.710077028464	21.806605003741
3	700	417.293838774574	28.553300249949
3	708	431.096654213825	41.054043217715
3	714	434.161625230345	40.341273580183
3	720	445.13176225514	45.555902398969
3	726	449.581801855866	43.196593813047
3	732	454.732796348694	45.897678456876
3	736	460.228617022994	41.084954077497
3	742	461.054708268334	31.467211214726
3	750	464.921544454364	32.768643880348
3	754	465.935883500768	28.875557829755
3	758	466.253200810601	20.559226814006
3	764	467.7990814023	17.895721089157
3	770	469.275563482183	8.89603613743
3	776	469.903709584643	8.37632796304
3	784	479.153828852823	17.420466886188
3	792	483.406584701742	16.95618873661
3	796	483.530175771561	14.910106209608
3	802	486.816956894214	17.170213057131
3	806	487.753635668018	17.200682160251
3	810	488.314172704222	17.398182576355
3	822	493.087034347073	11.850081741552
3	826	494.132903410866	11.314987022903
3	830	494.542127182554	9.455451738793
3	838	500.84583377592	12.169723523203
3	846	504.827966000218	15.819949912342
3	850	507.70100418208	15.400238309763
3	858	514.765817329024	21.841562998562
3	864	515.8886185387	20.377528196518
3	870	523.958380527261	25.149489877531
3	874	524.352359692758	22.894781690887
3	880	524.815212779914	22.925336716147
3	884	524.847011303599	16.969648727421
3	892	525.48317265386	13.108633436683
3	896	527.0369184799	11.490394958188
3	900	527.505268256446	7.770074321621
3	910	531.475136547933	6.967536386372
3	918	533.662725862372	8.752834483495
3	924	545.729414156605	20.803007545052
3	930	554.713118675982	26.365781676295
3	934	557.248917538013	28.82002213443
3	938	558.430397405996	28.50768133782
3	948	560.493909345956	28.883955361254
3	954	569.607992545763	36.677973475284
3	958	571.298432157266	28.589537821643
3	962	571.73335002086	20.322994485136
3	970	572.82495344959	14.042598351105
3	976	576.692746160426	17.448230337375
3	984	581.688642787275	22.380315779627
3	988	581.873481634212	19.332007246847
3	992	582.103892216522	10.231269943569
3	1002	590.463093001994	18.463104727456
3	1008	597.184958425487	23.762493286915
3	1014	601.87704105994	24.216204684662
3	1018	604.045759416923	24.354790742745
3	1022	604.837765391565	22.217245178317
3	1028	605.964026499256	18.367958866767
3	1038	619.215984541164	31.105945571692
3	1042	619.383942472408	24.250120345869
3	1050	628.969936928236	28.216018125949
3	1054	632.969265568797	27.042078819637
3	1062	637.860986776748	31.499884423016
3	1066	638.929827282015	31.005516527392
3	1072	641.081860244015	29.015928609829
3	1078	642.971386236275	22.928842980913
3	1084	646.445837443167	23.860716012373
3	1090	650.748890201141	17.128134507922
3	1098	656.602188529532	22.950144106085
3	1104	663.037476114951	22.773753761056
3	1108	665.065312858615	23.749197788951
3	1116	671.647864953583	26.82252159085
3	1122	675.984489701563	27.412716316102
3	1128	684.315740302885	32.993106902892
3	1134	685.763071360775	33.563431613086
3	1140	687.230541203848	29.598412699851
3	1144	687.671418652711	20.014720344967
3	1148	688.397488951956	17.528399226211
3	1154	690.308387467823	17.682976656896
3	1162	695.722647853209	18.626756938615
3	1166	697.420199722436	11.94185449937
3	1174	699.117654007359	13.167766159134
3	1180	700.546772050687	10.914966443825
3	1188	700.865605415815	10.485903245378
3	1192	702.244819378534	10.162033960332
3	1198	703.725075281154	5.661342811938
3	1206	713.628228629828	14.993090719627
3	1210	719.110656404903	18.580641953887
3	1214	720.193258441932	19.636453261394
3	1224	736.082008710445	35.424397097855
3	1228	736.116630203992	33.725165763114
3	1234	737.406609948722	32.000930581732
3	1242	742.039048576661	35.233940187255
3	1246	744.346921217557	21.934506947143
3	1252	748.211456285003	25.56293970953
3	1256	748.962113893752	17.464475448562
3	1264	753.996143588154	17.437309522668
3	1272	767.096758368468	27.916676891048
3	1276	767.89834597395	27.342065773769
3	1284	772.227852674834	27.839406344724
3	1290	774.688229541751	24.880817460137
3	1296	784.403877226069	34.450075611709
3	1302	791.388007536317	37.30731627264
3	1308	799.5470135404	45.136222459984
3	1314	803.275660462142	34.953741554747
3	1318	805.47312982573	34.454408461032
3	1326	811.215187733718	37.771202065483
3	1332	814.403618435014	39.513759543355
3	1336	815.143765368427	29.32886742074
3	1344	819.462844630824	27.7696495788
3	1348	820.090125841777	18.750321632375
3	1356	824.754488422636	18.892663782341
3	1360	825.104080765623	14.080750466162
3	1364	827.353469955491	14.773164638221
3	1374	840.369026576195	24.940106426759
3	1380	843.01126894196	26.435689176009
3	1384	849.723309079106	27.520803406361
3	1388	850.946362940188	28.018473373474
3	1396	853.987797992236	25.946614800886
3	1402	855.295757499437	25.896574557805
3	1408	857.970482657382	27.498691607487
3	1414	860.408243499317	19.804426619861
3	1420	864.260744168593	12.955541690694
3	1424	864.342270558109	10.986765259278
3	1428	864.367358459198	9.783798293859
3	1434	864.978062196039	7.58092787701
3	1446	876.782759124659	18.650250201537
3	1450	884.003015028837	20.972840148238
3	1458	892.532609285688	28.112979908556
3	1464	895.488822294789	29.650388473713
3	1470	899.442124468501	33.574016699737
3	1474	900.647416311477	34.168922004582
3	1482	913.690218996008	43.636872179743
3	1488	919.254488835679	34.171522170025
3	1494	923.017674274629	35.162309959461
3	1500	928.086802002006	35.162557606177
3	1506	936.122259668623	38.775397657742
3	1512	943.878578408258	41.398748650788
3	1516	945.207233061355	42.624211139713
3	1524	950.752358832667	34.126277179934
3	1530	952.703752366892	31.262462797296
3	1534	954.701840236693	31.039671348413
3	1538	955.175551871475	23.930355946664
3	1542	955.388925104131	17.528357361569
3	1550	957.404363402712	12.138847546311
3	1556	960.431433279904	14.827265133742
3	1560	960.602467313562	9.177545804264
3	1570	962.575342986085	6.540690973274
3	1576	964.940957330241	8.275470584451
3	1584	971.3808924758	13.175185090469
3	1590	979.156618343852	18.542978940875
3	1596	980.060250770542	19.07345641607
3	1602	981.15267948751	19.917419785149
3	1606	982.301443779872	18.277483492104
3	1612	989.454878909312	23.78643747418
3	1618	992.049746287349	21.884449850228
3	1626	994.864050700177	19.480375386254
3	1630	996.505083897945	16.801841005134
3	1636	998.769659231061	17.783310931253
4	168	101.617593189988	0
4	174	122.054807907084	0
4	180	127.588651889904	0
4	184	129.547921075817	0
4	190	131.434300396538	0
4	198	135.507177121026	0
4	202	136.189455943929	0
4	210	150.111470915086	0
4	216	164.888339872726	0
4	220	165.121833702485	0
4	226	166.341380152895	0
4	230	167.266845592335	0
4	238	168.496655294369	0
4	246	169.483698855533	0
4	250	169.787945267971	0
4	256	171.83865024656	0
4	264	173.51106930709	0
4	270	179.264772152815	0
4	276	184.942022190142	0
4	280	186.504237793068	0
4	284	186.873061574306	0
4	290	189.791613416457	0
4	300	193.720247861935	0
4	304	195.3238529444	0
4	308	195.766485522762	0
4	318	199.939236096852	0
4	322	201.151909151199	0
4	326	203.660237084089	0
4	334	205.878105594805	0
4	340	208.80660852953	0
4	348	213.21926442193	0
4	354	233.17347163949	0
4	360	236.963587648905	0
4	364	238.453703026261	0
4	370	240.025413953718	0
4	378	246.136876325866	0
4	384	255.911607770735	0
4	390	264.116204063939	0
4	394	266.248118076895	0
4	398	267.269079563774	0
4	408	271.206805305525	0
4	412	271.24295067206	0
4	416	273.588850544956	0
4	426	281.449658589602	0
4	432	285.293632476081	0
4	436	286.835820736885	0
4	444	292.039230289743	0
4	450	292.465289264292	0
4	454	293.447909034422	0
4	458	293.533644910584	0
4	466	297.249871593774	0
4	474	300.9760329277	0
4	478	301.032135076555	0
4	482	301.579270694006	0
4	488	305.311953125728	0
4	494	308.811935340921	0
4	500	311.14700616602	0
4	504	312.48974593912	0
4	508	313.268493386391	0
4	514	313.810127344062	0
4	520	314.724637280254	0
4	530	322.811931358299	0
4	538	324.87199206102	0
4	544	324.997871077333	0
4	550	326.567628714174	0
4	558	330.474087492148	0
4	562	331.293755140237	0
4	568	333.667934786506	0
4	572	335.013715012616	0
4	582	339.927537573939	0
4	588	343.903613974749	0
4	594	346.513336258014	0
4	600	353.247171390009	0
4	604	353.751927503504	0
4	610	356.65981392428	0
4	616	358.185562471628	0
4	622	362.743489560047	0
4	626	362.848662147862	0
4	636	371.037969383755	0
4	642	374.208926148167	0
4	648	383.815184898675	0
4	654	387.311201969815	0
4	658	387.59853809996	0
4	664	388.291418661147	0
4	672	393.087754479041	0
4	678	394.31416148485	0
4	684	405.418823157023	0
4	688	405.443417824246	0
4	696	409.710077028464	0
4	700	417.293838774574	0
4	708	431.096654213825	0
4	714	434.161625230345	0
4	720	445.13176225514	0
4	726	449.581801855866	0
4	732	454.732796348694	0
4	736	460.228617022994	0
4	742	461.054708268334	0
4	750	464.921544454364	0
4	754	465.935883500768	0
4	758	466.253200810601	0
4	764	467.7990814023	0
4	770	469.275563482183	0
4	776	469.903709584643	0
4	784	479.153828852823	0
4	792	483.406584701742	0
4	796	483.530175771561	0
4	802	486.816956894214	0
4	806	487.753635668018	0
4	810	488.314172704222	0
4	822	493.087034347073	0
4	826	494.132903410866	0
4	830	494.542127182554	0
4	838	500.84583377592	0
4	846	504.827966000218	0
4	850	507.70100418208	0
4	858	514.765817329024	0
4	864	515.8886185387	0
4	870	523.958380527261	0
4	874	524.352359692758	0
4	880	524.815212779914	0
4	884	524.847011303599	0
4	892	525.48317265386	0
4	896	527.0369184799	0
4	900	527.505268256446	0
4	910	531.475136547933	0
4	918	533.662725862372	0
4	924	545.729414156605	0
4	930	554.713118675982	0
4	934	557.248917538013	0
4	938	558.430397405996	0
4	948	560.493909345956	0
4	954	569.607992545763	0
4	958	571.298432157266	0
4	962	571.73335002086	0
4	970	572.82495344959	0
4	976	576.692746160426	0
4	984	581.688642787275	0
4	988	581.873481634212	0
4	992	582.103892216522	0
4	1002	590.463093001994	0
4	1008	597.184958425487	0
4	1014	601.87704105994	0
4	1018	604.045759416923	0
4	1022	604.837765391565	0
4	1028	605.964026499256	0
4	1038	619.215984541164	0
4	1042	619.383942472408	0
4	1050	628.969936928236	0
4	1054	632.969265568797	0
4	1062	637.860986776748	0
4	1066	638.929827282015	0
4	1072	641.081860244015	0
4	1078	642.971386236275	0
4	1084	646.445837443167	0
4	1090	650.748890201141	0
4	1098	656.602188529532	0
4	1104	663.037476114951	0
4	1108	665.065312858615	0
4	1116	671.647864953583	0
4	1122	675.984489701563	0
4	1128	684.315740302885	0
4	1134	685.763071360775	0
4	1140	687.230541203848	0
4	1144	687.671418652711	0
4	1148	688.397488951956	0
4	1154	690.308387467823	0
4	1162	695.722647853209	0
4	1166	697.420199722436	0
4	1174	699.117654007359	0
4	1180	700.546772050687	0
4	1188	700.865605415815	0
4	1192	702.244819378534	0
4	1198	703.725075281154	0
4	1206	713.628228629828	0
4	1210	719.110656404903	0
4	1214	720.193258441932	0
4	1224	736.082008710445	0
4	1228	736.116630203992	0
4	1234	737.406609948722	0
4	1242	742.039048576661	0
4	1246	744.346921217557	0
4	1252	748.211456285003	0
4	1256	748.962113893752	0
4	1264	753.996143588154	0
4	1272	767.096758368468	0
4	1276	767.89834597395	0
4	1284	772.227852674834	0
4	1290	774.688229541751	0
4	1296	784.403877226069	0
4	1302	791.388007536317	0
4	1308	799.5470135404	0
4	1314	803.275660462142	0
4	1318	805.47312982573	0
4	1326	811.215187733718	0
4	1332	814.403618435014	0
4	1336	815.143765368427	0
4	1344	819.462844630824	0
4	1348	820.090125841777	0
4	1356	824.754488422636	0
4	1360	825.104080765623	0
4	1364	827.353469955491	0
4	1374	840.369026576195	0
4	1380	843.01126894196	0
4	1384	849.723309079106	0
4	1388	850.946362940188	0
4	1396	853.987797992236	0
4	1402	855.295757499437	0
4	1408	857.970482657382	0
4	1414	860.408243499317	0
4	1420	864.260744168593	0
4	1424	864.342270558109	0
4	1428	864.367358459198	0
4	1434	864.978062196039	0
4	1446	876.782759124659	0
4	1450	884.003015028837	0
4	1458	892.532609285688	0
4	1464	895.488822294789	0
4	1470	899.442124468501	0
4	1474	900.647416311477	0
4	1482	913.690218996008	0
4	1488	919.254488835679	0
4	1494	923.017674274629	0
4	1500	928.086802002006	0
4	1506	936.122259668623	0
4	1512	943.878578408258	0
4	1516	945.207233061355	0
4	1524	950.752358832667	0
4	1530	952.703752366892	0
4	1534	954.701840236693	0
4	1538	955.175551871475	0
4	1542	955.388925104131	0
4	1550	957.404363402712	0
4	1556	960.431433279904	0
4	1560	960.602467313562	0
4	1570	962.575342986085	0
4	1576	964.940957330241	0
4	1584	971.3808924758	0
4	1590	979.156618343852	0
4	1596	980.060250770542	0
4	1602	981.15267948751	0
4	1606	982.301443779872	0
4	1612	989.454878909312	0
4	1618	992.049746287349	0
4	1626	994.864050700177	0
4	1630	996.505083897945	0
4	1636	998.769659231061	0
5	170	101.617593189988	1
5	171	101.69854882817	0
5	176	122.054807907084	1
5	177	124.099347981632	0
5	182	127.588651889904	1
5	186	129.547921075817	2
5	187	130.919715584756	1
5	192	131.434300396538	2
5	193	132.988905704554	1
5	195	133.607484097595	0
5	200	135.507177121026	1
5	204	136.189455943929	2
5	205	137.425308994369	1
5	207	137.653480174391	0
5	212	150.111470915086	1
5	213	154.200810377844	0
5	218	164.888339872726	1
5	222	165.121833702485	2
5	223	166.113336893732	1
5	228	166.341380152895	2
5	232	167.266845592335	3
5	233	167.481357313145	2
5	235	167.83668668812	1
5	240	168.496655294369	2
5	241	168.5419383392	1
5	243	169.339099663562	0
5	248	169.483698855533	1
5	252	169.787945267971	2
5	253	170.50302458491	1
5	258	171.83865024656	2
5	259	172.771679075446	1
5	261	173.075188668729	0
5	266	173.51106930709	1
5	267	174.915776467869	0
5	272	179.264772152815	1
5	273	181.818307856203	0
5	278	184.942022190142	1
5	282	186.504237793068	2
5	286	186.873061574306	3
5	287	187.407503620372	2
5	292	189.791613416457	3
5	293	189.864967271377	2
5	295	191.631613687471	1
5	297	192.421736986077	0
5	302	193.720247861935	1
5	306	195.3238529444	2
5	310	195.766485522762	3
5	311	196.246925223236	2
5	313	197.010156240646	1
5	315	198.326770389738	0
5	320	199.939236096852	1
5	324	201.151909151199	2
5	328	203.660237084089	3
5	329	204.991228878338	2
5	331	205.701295042024	1
5	336	205.878105594805	2
5	337	206.094180928012	1
5	342	208.80660852953	2
5	343	210.16989705848	1
5	345	211.477149415688	0
5	350	213.21926442193	1
5	351	213.366302318362	0
5	356	233.17347163949	1
5	357	234.093641428579	0
5	362	236.963587648905	1
5	366	238.453703026261	2
5	367	238.8337076148	1
5	372	240.025413953718	2
5	373	241.153584740369	1
5	375	241.999897260487	0
5	380	246.136876325866	1
5	381	247.999561222551	0
5	386	255.911607770735	1
5	387	261.0508017732	0
5	392	264.116204063939	1
5	396	266.248118076895	2
5	400	267.269079563774	3
5	401	267.422954803336	2
5	403	267.576908546906	1
5	405	269.848895857916	0
5	410	271.206805305525	1
5	414	271.24295067206	2
5	418	273.588850544956	3
5	419	273.965402024396	2
5	421	274.033748114794	1
5	423	274.211125803032	0
5	428	281.449658589602	1
5	429	284.336670644499	0
5	434	285.293632476081	1
5	438	286.835820736885	2
5	439	287.300916387118	1
5	441	287.33411027404	0
5	446	292.039230289743	1
5	447	292.133150925792	0
5	452	292.465289264292	1
5	456	293.447909034422	2
5	460	293.533644910584	3
5	461	293.710140147323	2
5	463	294.338431559338	1
5	468	297.249871593774	2
5	469	298.72151065468	1
5	471	300.863602209278	0
5	476	300.9760329277	1
5	480	301.032135076555	2
5	484	301.579270694006	3
5	485	302.301316016071	2
5	490	305.311953125728	3
5	491	307.934343657845	2
5	496	308.811935340921	3
5	497	309.99910425404	2
5	502	311.14700616602	3
5	506	312.48974593912	4
5	510	313.268493386391	5
5	511	313.797696377441	4
5	516	313.810127344062	5
5	517	313.921695321604	4
5	522	314.724637280254	5
5	523	315.189052981688	4
5	525	315.823630070434	3
5	527	318.498440439693	2
5	532	322.811931358299	3
5	533	323.742000055232	2
5	535	324.062404098696	1
5	540	324.87199206102	2
5	541	324.936976148947	1
5	546	324.997871077333	2
5	547	325.90148231014	1
5	552	326.567628714174	2
5	553	326.723574594212	1
5	555	328.045077990928	0
5	560	330.474087492148	1
5	564	331.293755140237	2
5	565	331.372309203383	1
5	570	333.667934786506	2
5	574	335.013715012616	3
5	575	335.236605074527	2
5	577	335.943482826027	1
5	579	338.682710162209	0
5	584	339.927537573939	1
5	585	343.455583815154	0
5	590	343.903613974749	1
5	591	344.27720153962	0
5	596	346.513336258014	1
5	597	347.158536933728	0
5	602	353.247171390009	1
5	606	353.751927503504	2
5	607	354.868217599388	1
5	612	356.65981392428	2
5	613	357.797638434779	1
5	618	358.185562471628	2
5	619	360.551460730599	1
5	624	362.743489560047	2
5	628	362.848662147862	3
5	629	363.121225866155	2
5	631	364.326187299338	1
5	633	365.000633599886	0
5	638	371.037969383755	1
5	639	371.531200802468	0
5	644	374.208926148167	1
5	645	374.641750921148	0
5	650	383.815184898675	1
5	651	383.861915136064	0
5	656	387.311201969815	1
5	660	387.59853809996	2
5	661	387.903472024723	1
5	666	388.291418661147	2
5	667	388.740538524625	1
5	669	390.04261099611	0
5	674	393.087754479041	1
5	675	393.820351650162	0
5	680	394.31416148485	1
5	681	399.575859856171	0
5	686	405.418823157023	1
5	690	405.443417824246	2
5	691	406.385208042819	1
5	693	408.835117891818	0
5	698	409.710077028464	1
5	702	417.293838774574	2
5	703	419.143662945497	1
5	705	429.587497053608	0
5	710	431.096654213825	1
5	711	432.152900574016	0
5	716	434.161625230345	1
5	717	437.060325671013	0
5	722	445.13176225514	1
5	723	445.693973996595	0
5	728	449.581801855866	1
5	729	449.903360313143	0
5	734	454.732796348694	1
5	738	460.228617022994	2
5	739	460.379527344753	1
5	744	461.054708268334	2
5	745	461.527381621603	1
5	747	461.733361966635	0
5	752	464.921544454364	1
5	756	465.935883500768	2
5	760	466.253200810601	3
5	761	466.450395965132	2
5	766	467.7990814023	3
5	767	468.620069561953	2
5	772	469.275563482183	3
5	773	469.646743837083	2
5	778	469.903709584643	3
5	779	470.552953507767	2
5	781	470.915990127867	1
5	786	479.153828852823	2
5	787	481.236952605521	1
5	789	482.817916387963	0
5	794	483.406584701742	1
5	798	483.530175771561	2
5	799	485.086675443761	1
5	804	486.816956894214	2
5	808	487.753635668018	3
5	812	488.314172704222	4
5	813	488.676110252717	3
5	815	489.008016087876	2
5	817	492.300765872317	1
5	819	492.924254330462	0
5	824	493.087034347073	1
5	828	494.132903410866	2
5	832	494.542127182554	3
5	833	495.511090342182	2
5	835	498.80889064973	1
5	840	500.84583377592	2
5	841	501.457578001871	1
5	843	501.889876063767	0
5	848	504.827966000218	1
5	852	507.70100418208	2
5	853	507.877362576178	1
5	855	512.374539217177	0
5	860	514.765817329024	1
5	861	515.546523521712	0
5	866	515.8886185387	1
5	867	519.735193934825	0
5	872	523.958380527261	1
5	876	524.352359692758	2
5	877	524.507600161561	1
5	882	524.815212779914	2
5	886	524.847011303599	3
5	887	524.909891378877	2
5	889	524.926406611553	1
5	894	525.48317265386	2
5	898	527.0369184799	3
5	902	527.505268256446	4
5	903	528.347336999687	3
5	905	528.428895403583	2
5	907	529.922716068176	1
5	912	531.475136547933	2
5	913	531.609953984702	1
5	915	532.930019070479	0
5	920	533.662725862372	1
5	921	542.708894335623	0
5	926	545.729414156605	1
5	927	551.410355535724	0
5	932	554.713118675982	1
5	936	557.248917538013	2
5	940	558.430397405996	3
5	941	558.782355098485	2
5	943	559.244515823051	1
5	945	559.308327007648	0
5	950	560.493909345956	1
5	951	562.541474387365	0
5	956	569.607992545763	1
5	960	571.298432157266	2
5	964	571.73335002086	3
5	965	571.872622272953	2
5	967	571.999988274538	1
5	972	572.82495344959	2
5	973	573.422465138572	1
5	978	576.692746160426	2
5	979	577.660836375278	1
5	981	579.690968674178	0
5	986	581.688642787275	1
5	990	581.873481634212	2
5	994	582.103892216522	3
5	995	582.620520213248	2
5	997	587.596067632489	1
5	999	588.110038969472	0
5	1004	590.463093001994	1
5	1005	595.133822126539	0
5	1010	597.184958425487	1
5	1011	600.753918802287	0
5	1016	601.87704105994	1
5	1020	604.045759416923	2
5	1024	604.837765391565	3
5	1025	605.92718674916	2
5	1030	605.964026499256	3
5	1031	606.361102353732	2
5	1033	607.924310754623	1
5	1035	612.065931634186	0
5	1040	619.215984541164	1
5	1044	619.383942472408	2
5	1045	620.042543255362	1
5	1047	622.585121430794	0
5	1052	628.969936928236	1
5	1056	632.969265568797	2
5	1057	633.620755693219	1
5	1059	633.652044423447	0
5	1064	637.860986776748	1
5	1068	638.929827282015	2
5	1069	640.263722353895	1
5	1074	641.081860244015	2
5	1075	641.316115069664	1
5	1080	642.971386236275	2
5	1081	644.825343362733	1
5	1086	646.445837443167	2
5	1087	648.571773385461	1
5	1092	650.748890201141	2
5	1093	651.322633399993	1
5	1095	652.199639747689	0
5	1100	656.602188529532	1
5	1101	657.632128503997	0
5	1106	663.037476114951	1
5	1110	665.065312858615	2
5	1111	667.656698307744	1
5	1113	670.869089725745	0
5	1118	671.647864953583	1
5	1119	672.625410810927	0
5	1124	675.984489701563	1
5	1125	677.095890914594	0
5	1130	684.315740302885	1
5	1131	685.478345223066	0
5	1136	685.763071360775	1
5	1137	685.949887848225	0
5	1142	687.230541203848	1
5	1146	687.671418652711	2
5	1150	688.397488951956	3
5	1151	689.631805606862	2
5	1156	690.308387467823	3
5	1157	690.379702170437	2
5	1159	692.082785418202	1
5	1164	695.722647853209	2
5	1168	697.420199722436	3
5	1169	698.063732469216	2
5	1171	698.635137910201	1
5	1176	699.117654007359	2
5	1177	700.530014451016	1
5	1182	700.546772050687	2
5	1183	700.556805180538	1
5	1185	700.65761161259	0
5	1190	700.865605415815	1
5	1194	702.244819378534	2
5	1195	702.391464440878	1
5	1200	703.725075281154	2
5	1201	705.40567936699	1
5	1203	706.805108389406	0
5	1208	713.628228629828	1
5	1212	719.110656404903	2
5	1216	720.193258441932	3
5	1217	722.412414270414	2
5	1219	722.648516575473	1
5	1221	731.49763844519	0
5	1226	736.082008710445	1
5	1230	736.116630203992	2
5	1231	736.558834065486	1
5	1236	737.406609948722	2
5	1237	739.18008147742	1
5	1239	740.556280200181	0
5	1244	742.039048576661	1
5	1248	744.346921217557	2
5	1249	744.38844633011	1
5	1254	748.211456285003	2
5	1258	748.962113893752	3
5	1259	749.807412081614	2
5	1261	749.95380161436	1
5	1266	753.996143588154	2
5	1267	754.080691263677	1
5	1269	754.410791080416	0
5	1274	767.096758368468	1
5	1278	767.89834597395	2
5	1279	768.321918907395	1
5	1281	771.018721364698	0
5	1286	772.227852674834	1
5	1287	773.443985668235	0
5	1292	774.688229541751	1
5	1293	774.889858891659	0
5	1298	784.403877226069	1
5	1299	785.814897947687	0
5	1304	791.388007536317	1
5	1305	791.693195052024	0
5	1310	799.5470135404	1
5	1311	801.339804209402	0
5	1316	803.275660462142	1
5	1320	805.47312982573	2
5	1321	805.861824640295	1
5	1323	811.023330299461	0
5	1328	811.215187733718	1
5	1329	812.58030531727	0
5	1334	814.403618435014	1
5	1338	815.143765368427	2
5	1339	815.428920149436	1
5	1341	816.575579765951	0
5	1346	819.462844630824	1
5	1350	820.090125841777	2
5	1351	822.202505672745	1
5	1353	822.927889566714	0
5	1358	824.754488422636	1
5	1362	825.104080765623	2
5	1366	827.353469955491	3
5	1367	828.04118319135	2
5	1369	829.399182941632	1
5	1371	830.471791049895	0
5	1376	840.369026576195	1
5	1377	840.603816879456	0
5	1382	843.01126894196	1
5	1386	849.723309079106	2
5	1390	850.946362940188	3
5	1391	851.305202477899	2
5	1393	853.355505298831	1
5	1398	853.987797992236	2
5	1399	854.583560165339	1
5	1404	855.295757499437	2
5	1405	857.397134319029	1
5	1410	857.970482657382	2
5	1411	858.132508923122	1
5	1416	860.408243499317	2
5	1417	863.030174880599	1
5	1422	864.260744168593	2
5	1426	864.342270558109	3
5	1430	864.367358459198	4
5	1431	864.419629377132	3
5	1436	864.978062196039	4
5	1437	865.838433821076	3
5	1439	865.868107768764	2
5	1441	866.478494306895	1
5	1443	870.053346816265	0
5	1448	876.782759124659	1
5	1452	884.003015028837	2
5	1453	885.082966665654	1
5	1455	887.855364315168	0
5	1460	892.532609285688	1
5	1461	892.924244395829	0
5	1466	895.488822294789	1
5	1467	897.346862010881	0
5	1472	899.442124468501	1
5	1476	900.647416311477	2
5	1477	902.47982975747	1
5	1479	902.583021921642	0
5	1484	913.690218996008	1
5	1485	916.626081652733	0
5	1490	919.254488835679	1
5	1491	921.441289569596	0
5	1496	923.017674274629	1
5	1497	923.66216888828	0
5	1502	928.086802002006	1
5	1503	931.245195924811	0
5	1508	936.122259668623	1
5	1509	937.860567742562	0
5	1514	943.878578408258	1
5	1518	945.207233061355	2
5	1519	945.265515856401	1
5	1521	945.604168146162	0
5	1526	950.752358832667	1
5	1527	951.424921509298	0
5	1532	952.703752366892	1
5	1536	954.701840236693	2
5	1540	955.175551871475	3
5	1544	955.388925104131	4
5	1545	956.034652012811	3
5	1547	956.66548674579	2
5	1552	957.404363402712	3
5	1553	958.205707385331	2
5	1558	960.431433279904	3
5	1562	960.602467313562	4
5	1563	960.613639402977	3
5	1565	960.986794354472	2
5	1567	961.235259702361	1
5	1572	962.575342986085	2
5	1573	964.023960287768	1
5	1578	964.940957330241	2
5	1579	965.668441435132	1
5	1581	970.165296437121	0
5	1586	971.3808924758	1
5	1587	975.383675313923	0
5	1592	979.156618343852	1
5	1593	979.703242892811	0
5	1598	980.060250770542	1
5	1599	980.986348299808	0
5	1604	981.15267948751	1
5	1608	982.301443779872	2
5	1609	983.510731727604	1
5	1614	989.454878909312	2
5	1615	991.800893186747	1
5	1620	992.049746287349	2
5	1621	992.328520888823	1
5	1623	993.400035042001	0
5	1628	994.864050700177	1
5	1632	996.505083897945	2
5	1633	998.241846768706	1
5	1638	998.769659231061	2
5	1639	998.892447829127	1

