version 3
run General-28-20221103-10:28:22-6760
attr configname General
attr datetime 20221103-10:28:22
attr datetimef 20221103-102822
attr experiment General
attr inifile block.ini
attr iterationvars "$0=3, $1=30"
attr iterationvarsd 3/30
attr iterationvarsf 3,30-
attr measurement "$0=3, $1=30"
attr network Block
attr processid 6760
attr repetition 3
attr replication #3
attr resultdir results
attr runnumber 28
attr seedset 28
config network Block
config repeat 5
config sim-time-limit 1000s
config warmup-period 100s
config **.alloca.resourceModuleName "\"risorse\""
config **.dealloca.resourceModuleName "\"risorse\""
config **.is.delay exponential(3s)
config **.servente.serviceTime exponential(3s)
config **.dealloca.resourceAmount 2
config **.alloca.resourceAmount 2
config **.risorse.amount 6
config **.sorgente.numJobs (30)
config **.result-recording-modes all

vector 0 Block.servente queueLength:vector ETV
attr interpolationmode sample-hold
attr recordingmode vector
attr title "queue length"
vector 1 Block.servente queueingTime:vector ETV
attr interpolationmode none
attr recordingmode vector
attr title "queueing time at dequeue"
attr unit s
vector 2 Block.alloca queueLength:vector ETV
attr interpolationmode sample-hold
attr recordingmode vector
attr title "queue length"
vector 3 Block.alloca queueingTime:vector ETV
attr interpolationmode none
attr recordingmode vector
attr title "queueing time at dequeue"
attr unit s
vector 4 Block.risorse amount:vector ETV
attr interpolationmode sample-hold
attr recordingmode vector
attr title "available resource"
vector 5 Block.is delayedJobs:vector ETV
attr interpolationmode sample-hold
attr recordingmode vector
attr title "number of delayed jobs"
0	261	101.303633956111	1
0	263	101.303633956111	2
0	267	106.417451663748	1
0	269	106.417451663748	2
0	273	107.947474401212	1
0	275	107.947474401212	2
0	281	112.023160491593	1
0	283	112.023160491593	2
0	287	115.479059350628	1
0	289	115.479059350628	2
0	291	116.204823590899	1
0	293	116.204823590899	2
0	297	117.119037479155	1
0	299	117.119037479155	2
0	301	118.79813876408	1
0	303	118.79813876408	2
0	309	122.094328470982	1
0	311	122.094328470982	2
0	315	125.094683490973	1
0	317	125.094683490973	2
0	319	125.331922776345	1
0	321	125.331922776345	2
0	327	132.808508505276	1
0	329	132.808508505276	2
0	335	135.828891319929	1
0	337	135.828891319929	2
0	341	145.280981754915	1
0	343	145.280981754915	2
0	347	146.3653865282	1
0	349	146.3653865282	2
0	351	146.527717149276	1
0	353	146.527717149276	2
0	355	146.65534130828	1
0	357	146.65534130828	2
0	361	148.586176762368	1
0	363	148.586176762368	2
0	369	151.74715536973	1
0	371	151.74715536973	2
0	373	151.824396907051	1
0	375	151.824396907051	2
0	379	153.827586276424	1
0	381	153.827586276424	2
0	385	157.449156705639	1
0	387	157.449156705639	2
0	393	164.098516202458	1
0	395	164.098516202458	2
0	399	168.355075733928	1
0	401	168.355075733928	2
0	407	170.556653063942	1
0	409	170.556653063942	2
0	413	180.356609458705	1
0	415	180.356609458705	2
0	419	185.044607427355	1
0	421	185.044607427355	2
0	423	185.583089648465	1
0	425	185.583089648465	2
0	427	185.645829680139	1
0	429	185.645829680139	2
0	435	189.57226837089	1
0	437	189.57226837089	2
0	439	191.156400506754	1
0	441	191.156400506754	2
0	447	193.573365049441	1
0	449	193.573365049441	2
0	455	195.80275431294	1
0	457	195.80275431294	2
0	461	197.118626034136	1
0	463	197.118626034136	2
0	465	197.741161082757	1
0	467	197.741161082757	2
0	473	201.915738386545	1
0	475	201.915738386545	2
0	479	207.488433608797	1
0	481	207.488433608797	2
0	485	210.017314744447	1
0	487	210.017314744447	2
0	491	214.629927441272	1
0	493	214.629927441272	2
0	495	215.184104531935	1
0	497	215.184104531935	2
0	501	215.56567743383	1
0	503	215.56567743383	2
0	505	218.312468870404	1
0	507	218.312468870404	2
0	509	218.350948570168	1
0	511	218.350948570168	2
0	515	218.822050108431	1
0	517	218.822050108431	2
0	519	219.161834654521	1
0	521	219.161834654521	2
0	527	221.07453253353	1
0	529	221.07453253353	2
0	531	222.385677128059	1
0	533	222.385677128059	2
0	543	227.007704649456	1
0	545	227.007704649456	2
0	551	236.228396798356	1
0	553	236.228396798356	2
0	557	238.760995509346	1
0	559	238.760995509346	2
0	561	239.252181580541	1
0	563	239.252181580541	2
0	567	240.930826610456	1
0	569	240.930826610456	2
0	575	248.276906504024	1
0	577	248.276906504024	2
0	581	257.415872645492	1
0	583	257.415872645492	2
0	585	258.628321039354	1
0	587	258.628321039354	2
0	591	260.763035790775	1
0	593	260.763035790775	2
0	597	264.202289425023	1
0	599	264.202289425023	2
0	603	265.893550923404	1
0	605	265.893550923404	2
0	607	267.074483750732	1
0	609	267.074483750732	2
0	617	273.760566024873	1
0	619	273.760566024873	2
0	623	274.373168842291	1
0	625	274.373168842291	2
0	629	275.78740930385	1
0	631	275.78740930385	2
0	633	277.13268681419	1
0	635	277.13268681419	2
0	639	277.945919149116	1
0	641	277.945919149116	2
0	643	278.281267080466	1
0	645	278.281267080466	2
0	647	279.127004660123	1
0	649	279.127004660123	2
0	659	286.93084836347	1
0	661	286.93084836347	2
0	663	288.264849021315	1
0	665	288.264849021315	2
0	671	293.220718029899	1
0	673	293.220718029899	2
0	677	297.125346619284	1
0	679	297.125346619284	2
0	683	304.674444650411	1
0	685	304.674444650411	2
0	689	308.541012414807	1
0	691	308.541012414807	2
0	695	311.936561276756	1
0	697	311.936561276756	2
0	699	314.238465134702	1
0	701	314.238465134702	2
0	707	321.046258497107	1
0	709	321.046258497107	2
0	713	322.45700228851	1
0	715	322.45700228851	2
0	717	322.70029871687	1
0	719	322.70029871687	2
0	721	322.94862861229	1
0	723	322.94862861229	2
0	727	324.65467488556	1
0	729	324.65467488556	2
0	737	327.497956420545	1
0	739	327.497956420545	2
0	743	330.754828063208	1
0	745	330.754828063208	2
0	749	333.908862097155	1
0	751	333.908862097155	2
0	753	334.543646451398	1
0	755	334.543646451398	2
0	759	335.897114363594	1
0	761	335.897114363594	2
0	763	337.270062814487	1
0	765	337.270062814487	2
0	773	348.09627253078	1
0	775	348.09627253078	2
0	777	350.617861443052	1
0	779	350.617861443052	2
0	785	354.333186847484	1
0	787	354.333186847484	2
0	789	354.695381088987	1
0	791	354.695381088987	2
0	793	354.854260137082	1
0	795	354.854260137082	2
0	801	359.919175158357	1
0	803	359.919175158357	2
0	805	360.077055365862	1
0	807	360.077055365862	2
0	809	360.56315058294	1
0	811	360.56315058294	2
0	813	360.679409883252	1
0	815	360.679409883252	2
0	821	362.461277824085	1
0	823	362.461277824085	2
0	831	364.556969118539	1
0	833	364.556969118539	2
0	835	366.697334866478	1
0	837	366.697334866478	2
0	845	369.834114382467	1
0	847	369.834114382467	2
0	851	371.249130165494	1
0	853	371.249130165494	2
0	857	374.419995081493	1
0	859	374.419995081493	2
0	863	379.825719214865	1
0	865	379.825719214865	2
0	867	380.406917108385	1
0	869	380.406917108385	2
0	873	380.96924739826	1
0	875	380.96924739826	2
0	881	388.256085171819	1
0	883	388.256085171819	2
0	885	390.768507643259	1
0	887	390.768507643259	2
0	891	393.443913760737	1
0	893	393.443913760737	2
0	899	394.295633212746	1
0	901	394.295633212746	2
0	903	398.179402589245	1
0	905	398.179402589245	2
0	909	402.223201457665	1
0	911	402.223201457665	2
0	917	404.540372175961	1
0	919	404.540372175961	2
0	921	405.131889944867	1
0	923	405.131889944867	2
0	929	416.744582114767	1
0	931	416.744582114767	2
0	933	417.130775420542	1
0	935	417.130775420542	2
0	939	418.461470587536	1
0	941	418.461470587536	2
0	947	424.148257674864	1
0	949	424.148257674864	2
0	951	424.521706502209	1
0	953	424.521706502209	2
0	957	426.126918788032	1
0	959	426.126918788032	2
0	961	426.311193114286	1
0	963	426.311193114286	2
0	969	429.508140183073	1
0	971	429.508140183073	2
0	975	435.093082953235	1
0	977	435.093082953235	2
0	979	435.252042350263	1
0	981	435.252042350263	2
0	989	447.596245178816	1
0	991	447.596245178816	2
0	995	448.476713281003	1
0	997	448.476713281003	2
0	999	448.975906898942	1
0	1001	448.975906898942	2
0	1003	449.121196523484	1
0	1005	449.121196523484	2
0	1009	449.399164704029	1
0	1011	449.399164704029	2
0	1017	451.998931123287	1
0	1019	451.998931123287	2
0	1023	452.792856700254	1
0	1025	452.792856700254	2
0	1029	458.615427070567	1
0	1031	458.615427070567	2
0	1035	459.820114133769	1
0	1037	459.820114133769	2
0	1041	461.478124041131	1
0	1043	461.478124041131	2
0	1049	468.353592346913	1
0	1051	468.353592346913	2
0	1053	469.030278308068	1
0	1055	469.030278308068	2
0	1061	475.391118681837	1
0	1063	475.391118681837	2
0	1065	476.022983544695	1
0	1067	476.022983544695	2
0	1069	476.452062761712	1
0	1071	476.452062761712	2
0	1073	477.604149410539	1
0	1075	477.604149410539	2
0	1081	478.800997288067	1
0	1083	478.800997288067	2
0	1087	480.922847774467	1
0	1089	480.922847774467	2
0	1097	483.741207026796	1
0	1099	483.741207026796	2
0	1101	486.470880079952	1
0	1103	486.470880079952	2
0	1109	489.03496623637	1
0	1111	489.03496623637	2
0	1113	490.754309885111	1
0	1115	490.754309885111	2
0	1119	492.792494257712	1
0	1121	492.792494257712	2
0	1127	501.278795332815	1
0	1129	501.278795332815	2
0	1133	507.268726854838	1
0	1135	507.268726854838	2
0	1139	510.443212377809	1
0	1141	510.443212377809	2
0	1143	510.986831229726	1
0	1145	510.986831229726	2
0	1147	512.589377547121	1
0	1149	512.589377547121	2
0	1151	512.734063065848	1
0	1153	512.734063065848	2
0	1163	521.265825894157	1
0	1165	521.265825894157	2
0	1169	526.251071790038	1
0	1171	526.251071790038	2
0	1175	530.772792259662	1
0	1177	530.772792259662	2
0	1179	530.843296788247	1
0	1181	530.843296788247	2
0	1185	533.189192267837	1
0	1187	533.189192267837	2
0	1189	533.494025211297	1
0	1191	533.494025211297	2
0	1199	535.433164211189	1
0	1201	535.433164211189	2
0	1205	543.448698739379	1
0	1207	543.448698739379	2
0	1209	543.940115886326	1
0	1211	543.940115886326	2
0	1217	555.341612813968	1
0	1219	555.341612813968	2
0	1223	562.969872137534	1
0	1225	562.969872137534	2
0	1227	564.68040019949	1
0	1229	564.68040019949	2
0	1235	569.755392581485	1
0	1237	569.755392581485	2
0	1241	575.035401300483	1
0	1243	575.035401300483	2
0	1247	578.137605596416	1
0	1249	578.137605596416	2
0	1251	580.323482832247	1
0	1253	580.323482832247	2
0	1259	581.882655921977	1
0	1261	581.882655921977	2
0	1263	581.920491003242	1
0	1265	581.920491003242	2
0	1271	588.699587035664	1
0	1273	588.699587035664	2
0	1277	590.519698005684	1
0	1279	590.519698005684	2
0	1283	595.149872509003	1
0	1285	595.149872509003	2
0	1289	607.31073088824	1
0	1291	607.31073088824	2
0	1293	607.653646243461	1
0	1295	607.653646243461	2
0	1299	608.4387797343	1
0	1301	608.4387797343	2
0	1303	608.66126741301	1
0	1305	608.66126741301	2
0	1311	613.150227159913	1
0	1313	613.150227159913	2
0	1317	617.265126776805	1
0	1319	617.265126776805	2
0	1321	617.58634272561	1
0	1323	617.58634272561	2
0	1329	618.952030727782	1
0	1331	618.952030727782	2
0	1335	623.562308355163	1
0	1337	623.562308355163	2
0	1341	624.982764125389	1
0	1343	624.982764125389	2
0	1347	626.440158288246	1
0	1349	626.440158288246	2
0	1351	626.815562244986	1
0	1353	626.815562244986	2
0	1355	627.938562465108	1
0	1357	627.938562465108	2
0	1365	636.097686576325	1
0	1367	636.097686576325	2
0	1373	644.950320013994	1
0	1375	644.950320013994	2
0	1379	648.150861420875	1
0	1381	648.150861420875	2
0	1385	649.042825770946	1
0	1387	649.042825770946	2
0	1391	657.314553222885	1
0	1393	657.314553222885	2
0	1395	658.109588787861	1
0	1397	658.109588787861	2
0	1399	660.969125475914	1
0	1401	660.969125475914	2
0	1407	662.355607391328	1
0	1409	662.355607391328	2
0	1413	671.425897630692	1
0	1415	671.425897630692	2
0	1421	674.465731750998	1
0	1423	674.465731750998	2
0	1427	677.206462237093	1
0	1429	677.206462237093	2
0	1431	677.707929373093	1
0	1433	677.707929373093	2
0	1437	678.714075518147	1
0	1439	678.714075518147	2
0	1443	680.509042441672	1
0	1445	680.509042441672	2
0	1449	681.523566532409	1
0	1451	681.523566532409	2
0	1455	683.231313504341	1
0	1457	683.231313504341	2
0	1463	691.1626580369	1
0	1465	691.1626580369	2
0	1469	696.24203380594	1
0	1471	696.24203380594	2
0	1475	698.578620076524	1
0	1477	698.578620076524	2
0	1481	700.918232929406	1
0	1483	700.918232929406	2
0	1487	704.987971079919	1
0	1489	704.987971079919	2
0	1493	705.875239936207	1
0	1495	705.875239936207	2
0	1497	706.244259239973	1
0	1499	706.244259239973	2
0	1501	707.912706050079	1
0	1503	707.912706050079	2
0	1511	711.858003755273	1
0	1513	711.858003755273	2
0	1515	712.995440370024	1
0	1517	712.995440370024	2
0	1519	713.870715340172	1
0	1521	713.870715340172	2
0	1529	730.290045153714	1
0	1531	730.290045153714	2
0	1533	732.452738247311	1
0	1535	732.452738247311	2
0	1539	734.147725782822	1
0	1541	734.147725782822	2
0	1547	739.834754864191	1
0	1549	739.834754864191	2
0	1553	740.124226576967	1
0	1555	740.124226576967	2
0	1559	741.697448586077	1
0	1561	741.697448586077	2
0	1565	745.621397953623	1
0	1567	745.621397953623	2
0	1571	750.164477203645	1
0	1573	750.164477203645	2
0	1575	750.476023926679	1
0	1577	750.476023926679	2
0	1581	757.362050091838	1
0	1583	757.362050091838	2
0	1589	766.49290144669	1
0	1591	766.49290144669	2
0	1593	767.599722129381	1
0	1595	767.599722129381	2
0	1597	767.635020792456	1
0	1599	767.635020792456	2
0	1601	767.830321080257	1
0	1603	767.830321080257	2
0	1613	772.19404064584	1
0	1615	772.19404064584	2
0	1619	775.864334379664	1
0	1621	775.864334379664	2
0	1625	778.336675730217	1
0	1627	778.336675730217	2
0	1629	780.99512466877	1
0	1631	780.99512466877	2
0	1633	781.422730591457	1
0	1635	781.422730591457	2
0	1639	784.738116746724	1
0	1641	784.738116746724	2
0	1643	784.74499316373	1
0	1645	784.74499316373	2
0	1649	786.064021425638	1
0	1651	786.064021425638	2
0	1659	791.975919810542	1
0	1661	791.975919810542	2
0	1665	793.379952277571	1
0	1667	793.379952277571	2
0	1671	794.628727522127	1
0	1673	794.628727522127	2
0	1675	796.63534126254	1
0	1677	796.63534126254	2
0	1683	799.489187839088	1
0	1685	799.489187839088	2
0	1689	800.185317255852	1
0	1691	800.185317255852	2
0	1697	804.038360810576	1
0	1699	804.038360810576	2
0	1701	807.765646883502	1
0	1703	807.765646883502	2
0	1709	811.363583398475	1
0	1711	811.363583398475	2
0	1713	811.889899051265	1
0	1715	811.889899051265	2
0	1717	814.771046913368	1
0	1719	814.771046913368	2
0	1721	814.858239807414	1
0	1723	814.858239807414	2
0	1729	816.679269461191	1
0	1731	816.679269461191	2
0	1737	819.266322128049	1
0	1739	819.266322128049	2
0	1741	820.410879040821	1
0	1743	820.410879040821	2
0	1747	821.153731303281	1
0	1749	821.153731303281	2
0	1755	823.696532043858	1
0	1757	823.696532043858	2
0	1761	826.046893469356	1
0	1763	826.046893469356	2
0	1767	830.992059325264	1
0	1769	830.992059325264	2
0	1771	831.668525723994	1
0	1773	831.668525723994	2
0	1779	832.852744682375	1
0	1781	832.852744682375	2
0	1785	834.626293623523	1
0	1787	834.626293623523	2
0	1791	838.098139031833	1
0	1793	838.098139031833	2
0	1797	842.29775483985	1
0	1799	842.29775483985	2
0	1805	848.560240448685	1
0	1807	848.560240448685	2
0	1811	850.904314609396	1
0	1813	850.904314609396	2
0	1817	857.565500221709	1
0	1819	857.565500221709	2
0	1821	859.638886067481	1
0	1823	859.638886067481	2
0	1825	860.00986470447	1
0	1827	860.00986470447	2
0	1835	864.205079809568	1
0	1837	864.205079809568	2
0	1839	864.961649385767	1
0	1841	864.961649385767	2
0	1843	867.182289335993	1
0	1845	867.182289335993	2
0	1851	869.734429224512	1
0	1853	869.734429224512	2
0	1857	870.959158825689	1
0	1859	870.959158825689	2
0	1861	873.592133087804	1
0	1863	873.592133087804	2
0	1871	877.866571395165	1
0	1873	877.866571395165	2
0	1875	878.0713993033	1
0	1877	878.0713993033	2
0	1879	879.260284283561	1
0	1881	879.260284283561	2
0	1885	879.816590495412	1
0	1887	879.816590495412	2
0	1889	880.009179417844	1
0	1891	880.009179417844	2
0	1899	886.062876381804	1
0	1901	886.062876381804	2
0	1905	888.291729228645	1
0	1907	888.291729228645	2
0	1911	889.548168976672	1
0	1913	889.548168976672	2
0	1917	890.85213992688	1
0	1919	890.85213992688	2
0	1925	897.753525987982	1
0	1927	897.753525987982	2
0	1929	905.382459930906	1
0	1931	905.382459930906	2
0	1933	909.237852002741	1
0	1935	909.237852002741	2
0	1939	911.445164556129	1
0	1941	911.445164556129	2
0	1943	911.686000781781	1
0	1945	911.686000781781	2
0	1951	912.549592473133	1
0	1953	912.549592473133	2
0	1957	912.951383470244	1
0	1959	912.951383470244	2
0	1965	915.706616904938	1
0	1967	915.706616904938	2
0	1971	919.917644549118	1
0	1973	919.917644549118	2
0	1977	920.786394960952	1
0	1979	920.786394960952	2
0	1985	924.498961456574	1
0	1987	924.498961456574	2
0	1991	925.154692788661	1
0	1993	925.154692788661	2
0	1997	929.913879875442	1
0	1999	929.913879875442	2
0	2003	939.18363613091	1
0	2005	939.18363613091	2
0	2007	940.373079122379	1
0	2009	940.373079122379	2
0	2013	941.538913963036	1
0	2015	941.538913963036	2
0	2017	942.479081528867	1
0	2019	942.479081528867	2
0	2023	943.748304286158	1
0	2025	943.748304286158	2
0	2031	945.337177047081	1
0	2033	945.337177047081	2
0	2037	946.736836318656	1
0	2039	946.736836318656	2
0	2041	947.540657444018	1
0	2043	947.540657444018	2
0	2049	951.244152064484	1
0	2051	951.244152064484	2
0	2053	952.506221378742	1
0	2055	952.506221378742	2
0	2059	955.576670570893	1
0	2061	955.576670570893	2
0	2063	956.096893815036	1
0	2065	956.096893815036	2
0	2075	964.281076778102	1
0	2077	964.281076778102	2
0	2079	968.420090096945	1
0	2081	968.420090096945	2
0	2087	975.339953545629	1
0	2089	975.339953545629	2
0	2093	977.550977360986	1
0	2095	977.550977360986	2
0	2099	981.026172746316	1
0	2101	981.026172746316	2
0	2103	982.727645917672	1
0	2105	982.727645917672	2
0	2109	983.160432727101	1
0	2111	983.160432727101	2
0	2117	987.579208042685	1
0	2119	987.579208042685	2
0	2121	988.592346100324	1
0	2123	988.592346100324	2
0	2125	991.80616057781	1
0	2127	991.80616057781	2
0	2135	998.609597166913	1
0	2137	998.609597166913	2
1	261	101.303633956111	11.408025858238
1	267	106.417451663748	9.323606775396
1	273	107.947474401212	6.643840445101
1	281	112.023160491593	5.605708827845
1	287	115.479059350628	7.531584949416
1	291	116.204823590899	4.181663099306
1	297	117.119037479155	1.639978128527
1	301	118.79813876408	2.593315173181
1	309	122.094328470982	4.975290991827
1	315	125.094683490973	6.296544726893
1	319	125.331922776345	3.237594305363
1	327	132.808508505276	7.713825014303
1	335	135.828891319929	10.496968543584
1	341	145.280981754915	12.472473249639
1	347	146.3653865282	10.536495208271
1	351	146.527717149276	1.246735394361
1	355	146.65534130828	0.28995478008
1	361	148.586176762368	2.058459613092
1	369	151.74715536973	5.09181406145
1	373	151.824396907051	3.238220144683
1	379	153.827586276424	2.080430906694
1	385	157.449156705639	5.624759798588
1	393	164.098516202458	10.270929926034
1	399	168.355075733928	10.905919028289
1	407	170.556653063942	6.458136861484
1	413	180.356609458705	12.001533724777
1	419	185.044607427355	14.487954363413
1	423	185.583089648465	5.22648018976
1	427	185.645829680139	0.601222252784
1	435	189.57226837089	3.989178722425
1	439	191.156400506754	5.510570826615
1	447	193.573365049441	4.001096678551
1	455	195.80275431294	4.646353806186
1	461	197.118626034136	3.545260984695
1	465	197.741161082757	1.938406769817
1	473	201.915738386545	4.797112352409
1	479	207.488433608797	9.74727252604
1	485	210.017314744447	8.101576357902
1	491	214.629927441272	7.141493832475
1	495	215.184104531935	5.166789787488
1	501	215.56567743383	0.935749992558
1	505	218.312468870404	3.128364338469
1	509	218.350948570168	2.785271136338
1	515	218.822050108431	0.509581238027
1	519	219.161834654521	0.810886084353
1	527	221.07453253353	2.252482425099
1	531	222.385677128059	3.223842473538
1	543	227.007704649456	5.933172115926
1	551	236.228396798356	13.842719670297
1	557	238.760995509346	11.75329085989
1	561	239.252181580541	3.023784782185
1	567	240.930826610456	2.16983110111
1	575	248.276906504024	9.024724923483
1	581	257.415872645492	16.485046035036
1	585	258.628321039354	10.35141453533
1	591	260.763035790775	3.347163145283
1	597	264.202289425023	5.573968385669
1	603	265.893550923404	5.130515132629
1	607	267.074483750732	2.872194325709
1	617	273.760566024873	7.867015101469
1	623	274.373168842291	7.298685091559
1	629	275.78740930385	2.026843278977
1	633	277.13268681419	2.759517971899
1	639	277.945919149116	2.158509845266
1	643	278.281267080466	1.148580266276
1	647	279.127004660123	1.181085511007
1	659	286.93084836347	8.649581283004
1	663	288.264849021315	9.137844361192
1	671	293.220718029899	6.289869666429
1	677	297.125346619284	8.860497597969
1	683	304.674444650411	11.453726620512
1	689	308.541012414807	11.415665795523
1	695	311.936561276756	7.262116626345
1	699	314.238465134702	5.697452719895
1	707	321.046258497107	9.109697220351
1	713	322.45700228851	8.218537153808
1	717	322.70029871687	1.654040219763
1	721	322.94862861229	0.49162632378
1	727	324.65467488556	1.95437616869
1	737	327.497956420545	4.549327808255
1	743	330.754828063208	6.100153177648
1	749	333.908862097155	6.41090567661
1	753	334.543646451398	3.78881838819
1	759	335.897114363594	1.988252266439
1	763	337.270062814487	2.726416363089
1	773	348.09627253078	12.199158167186
1	777	350.617861443052	13.347798628565
1	785	354.333186847484	6.236914316704
1	789	354.695381088987	4.077519645935
1	793	354.854260137082	0.521073289598
1	801	359.919175158357	5.22379406937
1	805	360.077055365862	5.22279522878
1	809	360.56315058294	0.643975424583
1	813	360.679409883252	0.60235451739
1	821	362.461277824085	1.898127241145
1	831	364.556969118539	3.877559235287
1	835	366.697334866478	4.236057042393
1	845	369.834114382467	5.277145263928
1	851	371.249130165494	4.551795299016
1	857	374.419995081493	4.585880699026
1	863	379.825719214865	8.576589049371
1	867	380.406917108385	5.986922026892
1	873	380.96924739826	1.143528183395
1	881	388.256085171819	7.849168063434
1	885	390.768507643259	9.799260244999
1	891	393.443913760737	5.187828588918
1	899	394.295633212746	3.527125569487
1	903	398.179402589245	4.735488828508
1	909	402.223201457665	7.927568244919
1	917	404.540372175961	6.360969586716
1	921	405.131889944867	2.908688487202
1	929	416.744582114767	12.204209938806
1	933	417.130775420542	11.998885475675
1	939	418.461470587536	1.716888472769
1	947	424.148257674864	7.017482254322
1	951	424.521706502209	6.060235914673
1	957	426.126918788032	1.978661113168
1	961	426.311193114286	1.789486612077
1	969	429.508140183073	3.381221395041
1	975	435.093082953235	8.781889838949
1	979	435.252042350263	5.74390216719
1	989	447.596245178816	12.503162225581
1	995	448.476713281003	13.22467093074
1	999	448.975906898942	1.379661720126
1	1003	449.121196523484	0.644483242481
1	1009	449.399164704029	0.423257805087
1	1017	451.998931123287	2.877734599803
1	1023	452.792856700254	3.393691996225
1	1029	458.615427070567	6.61649594728
1	1035	459.820114133769	7.027257433515
1	1041	461.478124041131	2.862696970564
1	1049	468.353592346913	8.533478213144
1	1053	469.030278308068	7.552154266937
1	1061	475.391118681837	7.037526334924
1	1065	476.022983544695	6.992705236627
1	1069	476.452062761712	1.060944079875
1	1073	477.604149410539	1.581165865844
1	1081	478.800997288067	2.348934526355
1	1087	480.922847774467	3.318698363928
1	1097	483.741207026796	4.940209738729
1	1101	486.470880079952	5.548032305485
1	1109	489.03496623637	5.293759209574
1	1113	490.754309885111	4.283429805159
1	1119	492.792494257712	3.757528021342
1	1127	501.278795332815	10.524485447704
1	1133	507.268726854838	14.476232597126
1	1139	510.443212377809	9.164417044994
1	1143	510.986831229726	3.718104374888
1	1147	512.589377547121	2.146165169312
1	1151	512.734063065848	1.747231836122
1	1163	521.265825894157	8.676448347036
1	1169	526.251071790038	13.51700872419
1	1175	530.772792259662	9.506966365505
1	1179	530.843296788247	4.592224998209
1	1185	533.189192267837	2.416400008175
1	1189	533.494025211297	2.65072842305
1	1199	535.433164211189	2.243971943352
1	1205	543.448698739379	9.954673528082
1	1209	543.940115886326	8.506951675137
1	1217	555.341612813968	11.892914074589
1	1223	562.969872137534	19.029756251208
1	1227	564.68040019949	9.338787385522
1	1235	569.755392581485	6.785520443951
1	1241	575.035401300483	10.355001100993
1	1247	578.137605596416	8.382213014931
1	1251	580.323482832247	5.288081531764
1	1259	581.882655921977	3.745050325561
1	1263	581.920491003242	1.597008170995
1	1271	588.699587035664	6.816931113687
1	1277	590.519698005684	8.599207002442
1	1283	595.149872509003	6.450285473339
1	1289	607.31073088824	16.791032882556
1	1293	607.653646243461	12.503773734458
1	1299	608.4387797343	1.12804884606
1	1303	608.66126741301	1.007621169549
1	1311	613.150227159913	4.711447425613
1	1317	617.265126776805	8.603859363795
1	1321	617.58634272561	4.436115565697
1	1329	618.952030727782	1.686903950977
1	1335	623.562308355163	5.975965629553
1	1341	624.982764125389	6.030733397607
1	1347	626.440158288246	2.877849933083
1	1351	626.815562244986	1.832798119597
1	1355	627.938562465108	1.498404176862
1	1365	636.097686576325	9.282124331339
1	1373	644.950320013994	17.011757548886
1	1379	648.150861420875	12.05317484455
1	1385	649.042825770946	4.092505756952
1	1391	657.314553222885	9.16369180201
1	1395	658.109588787861	9.066763016915
1	1399	660.969125475914	3.654572253029
1	1407	662.355607391328	4.246018603467
1	1413	671.425897630692	10.456772154778
1	1421	674.465731750998	12.11012435967
1	1427	677.206462237093	5.780564606401
1	1431	677.707929373093	3.242197622095
1	1437	678.714075518147	1.507613281054
1	1443	680.509042441672	2.801113068579
1	1449	681.523566532409	2.809491014262
1	1455	683.231313504341	2.722271062669
1	1463	691.1626580369	9.639091504491
1	1469	696.24203380594	13.010720301599
1	1475	698.578620076524	7.415962039624
1	1481	700.918232929406	4.676199123466
1	1487	704.987971079919	6.409351003395
1	1493	705.875239936207	4.957007006801
1	1497	706.244259239973	1.256288160054
1	1501	707.912706050079	2.037466113872
1	1511	711.858003755273	5.6137445153
1	1515	712.995440370024	5.082734319945
1	1519	713.870715340172	2.012711584899
1	1529	730.290045153714	17.29460478369
1	1533	732.452738247311	18.582022907139
1	1539	734.147725782822	3.857680629108
1	1547	739.834754864191	7.38201661688
1	1553	740.124226576967	5.976500794145
1	1559	741.697448586077	1.862693721886
1	1565	745.621397953623	5.497171376656
1	1571	750.164477203645	8.467028617568
1	1575	750.476023926679	4.854625973056
1	1581	757.362050091838	7.197572888193
1	1589	766.49290144669	16.016877520011
1	1593	767.599722129381	10.237672037543
1	1597	767.635020792456	1.142119345766
1	1601	767.830321080257	0.230598950876
1	1613	772.19404064584	4.559019853384
1	1619	775.864334379664	8.034013299407
1	1625	778.336675730217	6.142635084377
1	1629	780.99512466877	5.130790289106
1	1633	781.422730591457	3.08605486124
1	1639	784.738116746724	3.742992077954
1	1643	784.74499316373	3.322262572273
1	1649	786.064021425638	1.325904678914
1	1659	791.975919810542	7.230926646812
1	1665	793.379952277571	7.315930851933
1	1671	794.628727522127	2.652807711585
1	1675	796.63534126254	3.255388984969
1	1683	799.489187839088	4.860460316961
1	1689	800.185317255852	3.549975993312
1	1697	804.038360810576	4.549172971488
1	1701	807.765646883502	7.58032962765
1	1709	811.363583398475	7.325222587899
1	1713	811.889899051265	4.124252167763
1	1717	814.771046913368	3.407463514893
1	1721	814.858239807414	2.968340756149
1	1729	816.679269461191	1.908222547823
1	1737	819.266322128049	4.408082320635
1	1741	820.410879040821	3.73160957963
1	1747	821.153731303281	1.887409175232
1	1755	823.696532043858	3.285653003037
1	1761	826.046893469356	4.893162166075
1	1767	830.992059325264	7.295527281406
1	1771	831.668525723994	5.621632254638
1	1779	832.852744682375	1.860685357111
1	1785	834.626293623523	2.957767899529
1	1791	838.098139031833	5.245394349458
1	1797	842.29775483985	7.671461216327
1	1805	848.560240448685	10.462101416852
1	1811	850.904314609396	8.606559769546
1	1817	857.565500221709	9.005259773024
1	1821	859.638886067481	8.734571458085
1	1825	860.00986470447	2.444364482761
1	1835	864.205079809568	4.566193742087
1	1839	864.961649385767	4.951784681297
1	1843	867.182289335993	2.977209526425
1	1851	869.734429224512	4.772779838745
1	1857	870.959158825689	3.776869489696
1	1861	873.592133087804	3.857703863292
1	1871	877.866571395165	6.907412569476
1	1875	878.0713993033	4.479266215496
1	1879	879.260284283561	1.393712888396
1	1885	879.816590495412	1.745191192112
1	1889	880.009179417844	0.748895134283
1	1899	886.062876381804	6.246285886392
1	1905	888.291729228645	8.282549810801
1	1911	889.548168976672	3.485292594868
1	1917	890.85213992688	2.560410698235
1	1925	897.753525987982	8.20535701131
1	1929	905.382459930906	14.530320004026
1	1933	909.237852002741	11.484326014759
1	1939	911.445164556129	6.062704625223
1	1943	911.686000781781	2.44814877904
1	1951	912.549592473133	1.104427917004
1	1957	912.951383470244	1.265382688463
1	1965	915.706616904938	3.157024431805
1	1971	919.917644549118	6.966261078874
1	1977	920.786394960952	5.079778056014
1	1985	924.498961456574	4.581316907456
1	1991	925.154692788661	4.368297827709
1	1997	929.913879875442	5.414918418868
1	2003	939.18363613091	14.028943342249
1	2007	940.373079122379	10.459199246937
1	2013	941.538913963036	2.355277832126
1	2017	942.479081528867	2.106002406488
1	2023	943.748304286158	2.209390323122
1	2031	945.337177047081	2.858095518214
1	2037	946.736836318656	2.988532032498
1	2041	947.540657444018	2.203480396937
1	2049	951.244152064484	4.507315745828
1	2053	952.506221378742	4.965563934724
1	2059	955.576670570893	4.332518506409
1	2063	956.096893815036	3.590672436294
1	2075	964.281076778102	8.704406207209
1	2079	968.420090096945	12.323196281909
1	2087	975.339953545629	11.058876767527
1	2093	977.550977360986	9.130887264041
1	2099	981.026172746316	5.686219200687
1	2103	982.727645917672	5.176668556686
1	2109	983.160432727101	2.134259980785
1	2117	987.579208042685	4.851562125013
1	2121	988.592346100324	5.431913373223
1	2125	991.80616057781	4.226952535125
1	2135	998.609597166913	10.017251066589
2	262	101.303633956111	25
2	266	103.590373699011	26
2	268	106.417451663748	25
2	272	106.600446828444	26
2	274	107.947474401212	25
2	278	110.468852838153	26
2	280	111.546971716381	27
2	282	112.023160491593	26
2	286	114.983097046442	27
2	288	115.479059350628	26
2	292	116.204823590899	25
2	296	116.734765459827	26
2	298	117.119037479155	25
2	302	118.79813876408	24
2	306	119.9418545562	25
2	308	119.946799735566	26
2	310	122.094328470982	25
2	314	122.262770954243	26
2	316	125.094683490973	25
2	320	125.331922776345	24
2	324	125.604494670261	25
2	326	126.416778759463	26
2	328	132.808508505276	25
2	332	133.304888412573	26
2	334	134.874841808638	27
2	336	135.828891319929	26
2	340	141.202381787285	27
2	342	145.280981754915	26
2	346	146.064956959457	27
2	348	146.3653865282	26
2	352	146.527717149276	25
2	356	146.65534130828	24
2	360	146.704254438767	25
2	362	148.586176762368	24
2	366	149.250589285094	25
2	368	149.887534908954	26
2	370	151.74715536973	25
2	374	151.824396907051	24
2	378	152.79041565467	25
2	380	153.827586276424	24
2	384	154.844955939147	25
2	386	157.449156705639	24
2	390	157.899380842529	25
2	392	158.454450431776	26
2	394	164.098516202458	25
2	398	167.985121629856	26
2	400	168.355075733928	25
2	404	169.305023186746	26
2	406	170.381412124269	27
2	408	170.556653063942	26
2	412	176.631878832199	27
2	414	180.356609458705	26
2	418	180.88775804247	27
2	420	185.044607427355	26
2	424	185.583089648465	25
2	428	185.645829680139	24
2	432	185.733452721698	25
2	434	189.263212143262	26
2	436	189.57226837089	25
2	440	191.156400506754	24
2	444	191.299119344249	25
2	446	192.738451885797	26
2	448	193.573365049441	25
2	452	194.23269102067	26
2	454	195.699807095817	27
2	456	195.80275431294	26
2	460	197.006906189709	27
2	462	197.118626034136	26
2	466	197.741161082757	25
2	470	199.103620786276	26
2	472	201.309417539556	27
2	474	201.915738386545	26
2	478	204.185731500556	27
2	480	207.488433608797	26
2	484	208.800143070783	27
2	486	210.017314744447	26
2	490	212.186118499734	27
2	492	214.629927441272	26
2	496	215.184104531935	25
2	500	215.540139996614	26
2	502	215.56567743383	25
2	506	218.312468870404	24
2	510	218.350948570168	23
2	514	218.494128193101	24
2	516	218.822050108431	23
2	520	219.161834654521	22
2	524	219.401711211631	23
2	526	220.910457481336	24
2	528	221.07453253353	23
2	532	222.385677128059	22
2	536	222.832300836508	23
2	538	223.173292620672	24
2	540	225.599247351438	25
2	542	226.879048084225	26
2	544	227.007704649456	25
2	548	227.53216192284	26
2	550	233.020060017686	27
2	552	236.228396798356	26
2	556	237.672826549137	27
2	558	238.760995509346	26
2	562	239.252181580541	25
2	566	240.86320762752	26
2	568	240.930826610456	25
2	572	241.596664211903	26
2	574	241.762575834967	27
2	576	248.276906504024	26
2	580	248.466528101701	27
2	582	257.415872645492	26
2	586	258.628321039354	25
2	590	260.080054808596	26
2	592	260.763035790775	25
2	596	262.519152745675	26
2	598	264.202289425023	25
2	602	265.645471151638	26
2	604	265.893550923404	25
2	608	267.074483750732	24
2	612	268.831949289393	25
2	614	268.87752164236	26
2	616	272.330031642551	27
2	618	273.760566024873	26
2	622	273.838126735712	27
2	624	274.373168842291	26
2	628	275.169816293749	27
2	630	275.78740930385	26
2	634	277.13268681419	25
2	638	277.691564346433	26
2	640	277.945919149116	25
2	644	278.281267080466	24
2	648	279.127004660123	23
2	652	279.552150811565	24
2	654	280.319561626817	25
2	656	280.991391038724	26
2	658	286.37998513383	27
2	660	286.93084836347	26
2	664	288.264849021315	25
2	668	289.048886540017	26
2	670	289.996991269232	27
2	672	293.220718029899	26
2	676	293.319193162221	27
2	678	297.125346619284	26
2	682	297.903249455503	27
2	684	304.674444650411	26
2	688	305.275673013651	27
2	690	308.541012414807	26
2	694	309.374430299172	27
2	696	311.936561276756	26
2	700	314.238465134702	25
2	704	316.435928883217	26
2	706	316.91017143713	27
2	708	321.046258497107	26
2	712	322.425788880145	27
2	714	322.45700228851	26
2	718	322.70029871687	25
2	722	322.94862861229	24
2	726	324.318665258519	25
2	728	324.65467488556	24
2	732	324.755515205813	25
2	734	325.393750394895	26
2	736	325.48602267775	27
2	738	327.497956420545	26
2	742	329.02553817776	27
2	744	330.754828063208	26
2	748	331.015822255182	27
2	750	333.908862097155	26
2	754	334.543646451398	25
2	758	335.888964765589	26
2	760	335.897114363594	25
2	764	337.270062814487	24
2	768	338.657838846731	25
2	770	340.368694362179	26
2	772	341.543937303414	27
2	774	348.09627253078	26
2	778	350.617861443052	25
2	782	350.631725365239	26
2	784	351.895097021685	27
2	786	354.333186847484	26
2	790	354.695381088987	25
2	794	354.854260137082	24
2	798	358.66735326255	25
2	800	358.814924269907	26
2	802	359.919175158357	25
2	806	360.077055365862	24
2	810	360.56315058294	23
2	814	360.679409883252	22
2	818	360.729519784624	23
2	820	361.749836849289	24
2	822	362.461277824085	23
2	826	362.744607630177	24
2	828	363.09019260875	25
2	830	363.606295994457	26
2	832	364.556969118539	25
2	836	366.697334866478	24
2	840	368.089121035588	25
2	842	368.836019686178	26
2	844	368.933471653639	27
2	846	369.834114382467	26
2	850	370.538524713664	27
2	852	371.249130165494	26
2	856	372.417437869197	27
2	858	374.419995081493	26
2	862	375.112663415083	27
2	864	379.825719214865	26
2	868	380.406917108385	25
2	872	380.843687327085	26
2	874	380.96924739826	25
2	878	381.407949716463	26
2	880	386.054310298629	27
2	882	388.256085171819	26
2	886	390.768507643259	25
2	890	391.306768615601	26
2	892	393.443913760737	25
2	896	393.469641782279	26
2	898	394.147799421422	27
2	900	394.295633212746	26
2	904	398.179402589245	25
2	908	398.308189137551	26
2	910	402.223201457665	25
2	914	402.551745980183	26
2	916	402.754257595499	27
2	918	404.540372175961	26
2	922	405.131889944867	25
2	926	409.928365898788	26
2	928	414.248964477296	27
2	930	416.744582114767	26
2	934	417.130775420542	25
2	938	417.261135005713	26
2	940	418.461470587536	25
2	944	419.376642117801	26
2	946	419.720263214518	27
2	948	424.148257674864	26
2	952	424.521706502209	25
2	956	425.523318897029	26
2	958	426.126918788032	25
2	962	426.311193114286	24
2	966	426.527710985723	25
2	968	426.975884479134	26
2	970	429.508140183073	25
2	974	431.02589497632	26
2	976	435.093082953235	25
2	980	435.252042350263	24
2	984	437.284315594962	25
2	986	437.304266483649	26
2	988	438.997195306682	27
2	990	447.596245178816	26
2	994	448.406073043612	27
2	996	448.476713281003	26
2	1000	448.975906898942	25
2	1004	449.121196523484	24
2	1008	449.170967964646	25
2	1010	449.399164704029	24
2	1014	449.577653344416	25
2	1016	450.182474525584	26
2	1018	451.998931123287	25
2	1022	452.237934292109	26
2	1024	452.792856700254	25
2	1028	456.064232341337	26
2	1030	458.615427070567	25
2	1034	458.753746484828	26
2	1036	459.820114133769	25
2	1040	461.273562490305	26
2	1042	461.478124041131	25
2	1046	463.541419607529	26
2	1048	466.561937248466	27
2	1050	468.353592346913	26
2	1054	469.030278308068	25
2	1058	469.438901792141	26
2	1060	472.887905932699	27
2	1062	475.391118681837	26
2	1066	476.022983544695	25
2	1070	476.452062761712	24
2	1074	477.604149410539	23
2	1078	478.228693823729	24
2	1080	478.584364827191	25
2	1082	478.800997288067	24
2	1086	479.458938204782	25
2	1088	480.922847774467	24
2	1092	481.044372033254	25
2	1094	482.624806255328	26
2	1096	483.270472226148	27
2	1098	483.741207026796	26
2	1102	486.470880079952	25
2	1106	487.493394758888	26
2	1108	487.56511131355	27
2	1110	489.03496623637	26
2	1114	490.754309885111	25
2	1118	491.058771269223	26
2	1120	492.792494257712	25
2	1124	493.420185254557	26
2	1126	496.955858311479	27
2	1128	501.278795332815	26
2	1132	504.391404550631	27
2	1134	507.268726854838	26
2	1138	509.242761466821	27
2	1140	510.443212377809	26
2	1144	510.986831229726	25
2	1148	512.589377547121	24
2	1152	512.734063065848	23
2	1156	513.340820234609	24
2	1158	513.454093089984	25
2	1160	513.60158971351	26
2	1162	515.080838366912	27
2	1164	521.265825894157	26
2	1168	523.396621862818	27
2	1170	526.251071790038	26
2	1174	529.415763204971	27
2	1176	530.772792259662	26
2	1180	530.843296788247	25
2	1184	532.297893146424	26
2	1186	533.189192267837	25
2	1190	533.494025211297	24
2	1194	534.133467217297	25
2	1196	534.4666449428	26
2	1198	534.491612468399	27
2	1200	535.433164211189	26
2	1204	542.158079364663	27
2	1206	543.448698739379	26
2	1210	543.940115886326	25
2	1214	544.120051233128	26
2	1216	550.00617507051	27
2	1218	555.341612813968	26
2	1222	558.059723782563	27
2	1224	562.969872137534	26
2	1228	564.68040019949	25
2	1232	565.165792080705	26
2	1234	565.265813055374	27
2	1236	569.755392581485	26
2	1240	571.624706760454	27
2	1242	575.035401300483	26
2	1246	575.664479872386	27
2	1248	578.137605596416	26
2	1252	580.323482832247	25
2	1256	580.879154974763	26
2	1258	581.516925634272	27
2	1260	581.882655921977	26
2	1264	581.920491003242	25
2	1268	583.955496479204	26
2	1270	584.051736250461	27
2	1272	588.699587035664	26
2	1276	590.422634153776	27
2	1278	590.519698005684	26
2	1282	592.523847994158	27
2	1284	595.149872509003	26
2	1288	603.040101335519	27
2	1290	607.31073088824	26
2	1294	607.653646243461	25
2	1298	608.424350782957	26
2	1300	608.4387797343	25
2	1304	608.66126741301	24
2	1308	610.291069316513	25
2	1310	612.129661337388	26
2	1312	613.150227159913	25
2	1316	614.337533049519	26
2	1318	617.265126776805	25
2	1322	617.58634272561	24
2	1326	617.662035207622	25
2	1328	618.553171019721	26
2	1330	618.952030727782	25
2	1334	622.197567361075	26
2	1336	623.562308355163	25
2	1340	624.422492591509	26
2	1342	624.982764125389	25
2	1346	625.06889452868	26
2	1348	626.440158288246	25
2	1352	626.815562244986	24
2	1356	627.938562465108	23
2	1360	629.779992147158	24
2	1362	630.257662792678	25
2	1364	635.058241070166	26
2	1366	636.097686576325	25
2	1370	637.800796880152	26
2	1372	640.66475459433	27
2	1374	644.950320013994	26
2	1378	646.663129445731	27
2	1380	648.150861420875	26
2	1384	648.575203078839	27
2	1386	649.042825770946	26
2	1390	649.078324929896	27
2	1392	657.314553222885	26
2	1396	658.109588787861	25
2	1400	660.969125475914	24
2	1404	661.382723833488	25
2	1406	661.641917280462	26
2	1408	662.355607391328	25
2	1412	669.459994424407	26
2	1414	671.425897630692	25
2	1418	672.04057390342	26
2	1420	673.266147350439	27
2	1422	674.465731750998	26
2	1426	676.239036278081	27
2	1428	677.206462237093	26
2	1432	677.707929373093	25
2	1436	678.329117915477	26
2	1438	678.714075518147	25
2	1442	679.209971742335	26
2	1444	680.509042441672	25
2	1448	680.949462539611	26
2	1450	681.523566532409	25
2	1454	682.78643258086	26
2	1456	683.231313504341	25
2	1460	689.446503619	26
2	1462	689.93705415383	27
2	1464	691.1626580369	26
2	1468	692.224596697291	27
2	1470	696.24203380594	26
2	1474	697.270733708676	27
2	1476	698.578620076524	26
2	1480	699.103867426766	27
2	1482	700.918232929406	26
2	1486	702.111981889541	27
2	1488	704.987971079919	26
2	1492	705.328956654962	27
2	1494	705.875239936207	26
2	1498	706.244259239973	25
2	1502	707.912706050079	24
2	1506	708.614362306379	25
2	1508	708.715327400698	26
2	1510	709.46603505603	27
2	1512	711.858003755273	26
2	1516	712.995440370024	25
2	1520	713.870715340172	24
2	1524	715.516975796269	25
2	1526	716.57913279058	26
2	1528	719.92218916403	27
2	1530	730.290045153714	26
2	1534	732.452738247311	25
2	1538	732.92300989586	26
2	1540	734.147725782822	25
2	1544	735.261442544152	26
2	1546	735.702362043627	27
2	1548	739.834754864191	26
2	1552	739.937372692009	27
2	1554	740.124226576967	26
2	1558	740.995214615273	27
2	1560	741.697448586077	26
2	1564	741.761615322112	27
2	1566	745.621397953623	26
2	1570	749.569248800707	27
2	1572	750.164477203645	26
2	1576	750.476023926679	25
2	1580	750.667961515001	26
2	1582	757.362050091838	25
2	1586	757.560855193968	26
2	1588	759.849246023841	27
2	1590	766.49290144669	26
2	1594	767.599722129381	25
2	1598	767.635020792456	24
2	1602	767.830321080257	23
2	1606	767.93940848706	24
2	1608	767.955540325833	25
2	1610	768.778880537276	26
2	1612	770.674412421233	27
2	1614	772.19404064584	26
2	1618	773.499979051259	27
2	1620	775.864334379664	26
2	1624	776.187948760713	27
2	1626	778.336675730217	26
2	1630	780.99512466877	25
2	1634	781.422730591457	24
2	1638	783.335657299785	25
2	1640	784.738116746724	24
2	1644	784.74499316373	23
2	1648	785.068904001036	24
2	1650	786.064021425638	23
2	1654	786.269497163379	24
2	1656	789.040649990712	25
2	1658	789.366765698273	26
2	1660	791.975919810542	25
2	1664	792.78784414367	26
2	1666	793.379952277571	25
2	1670	793.850308958572	26
2	1672	794.628727522127	25
2	1676	796.63534126254	24
2	1680	798.143157507528	25
2	1682	799.016068031959	26
2	1684	799.489187839088	25
2	1688	799.703153820231	26
2	1690	800.185317255852	25
2	1694	801.194487277002	26
2	1696	801.314449515746	27
2	1698	804.038360810576	26
2	1702	807.765646883502	25
2	1706	807.869635964206	26
2	1708	809.318723752765	27
2	1710	811.363583398475	26
2	1714	811.889899051265	25
2	1718	814.771046913368	24
2	1722	814.858239807414	23
2	1726	816.02612343216	24
2	1728	816.123412775699	25
2	1730	816.679269461191	24
2	1734	816.751022475492	25
2	1736	818.630132689766	26
2	1738	819.266322128049	25
2	1742	820.410879040821	24
2	1746	820.946321760478	25
2	1748	821.153731303281	24
2	1752	822.311325962615	25
2	1754	822.366531362553	26
2	1756	823.696532043858	25
2	1760	824.429516712124	26
2	1762	826.046893469356	25
2	1766	827.297222212763	26
2	1768	830.992059325264	25
2	1772	831.668525723994	24
2	1776	832.103993269676	25
2	1778	832.840933257132	26
2	1780	832.852744682375	25
2	1784	833.770277990827	26
2	1786	834.626293623523	25
2	1790	835.240340333094	26
2	1792	838.098139031833	25
2	1796	840.555233499497	26
2	1798	842.29775483985	25
2	1802	843.78085136484	26
2	1804	844.159078982039	27
2	1806	848.560240448685	26
2	1810	848.658353432289	27
2	1812	850.904314609396	26
2	1816	850.99978041126	27
2	1818	857.565500221709	26
2	1822	859.638886067481	25
2	1826	860.00986470447	24
2	1830	861.297675749945	25
2	1832	861.609017280393	26
2	1834	862.436939498518	27
2	1836	864.205079809568	26
2	1840	864.961649385767	25
2	1844	867.182289335993	24
2	1848	867.282842804967	25
2	1850	868.535285745899	26
2	1852	869.734429224512	25
2	1856	869.953554744655	26
2	1858	870.959158825689	25
2	1862	873.592133087804	24
2	1866	874.23230206692	25
2	1868	874.723845503594	26
2	1870	874.73532377913	27
2	1872	877.866571395165	26
2	1876	878.0713993033	25
2	1880	879.260284283561	24
2	1884	879.67094220522	25
2	1886	879.816590495412	24
2	1890	880.009179417844	23
2	1894	880.201817286511	24
2	1896	880.7084134334	25
2	1898	883.458558135225	26
2	1900	886.062876381804	25
2	1904	886.639039795511	26
2	1906	888.291729228645	25
2	1910	889.469994529837	26
2	1912	889.548168976672	25
2	1916	889.614981154285	26
2	1918	890.85213992688	25
2	1922	890.900552340669	26
2	1924	897.108299265103	27
2	1926	897.753525987982	26
2	1930	905.382459930906	25
2	1934	909.237852002741	24
2	1938	909.988782135639	25
2	1940	911.445164556129	24
2	1944	911.686000781781	23
2	1948	912.006507261254	24
2	1950	912.070096864235	25
2	1952	912.549592473133	24
2	1956	912.677627246239	25
2	1958	912.951383470244	24
2	1962	913.065761717407	25
2	1964	913.194962861671	26
2	1966	915.706616904938	25
2	1970	916.886481583615	26
2	1972	919.917644549118	25
2	1976	920.112400232217	26
2	1978	920.786394960952	25
2	1982	921.396056390649	26
2	1984	922.599327683062	27
2	1986	924.498961456574	26
2	1990	924.725575250615	27
2	1992	925.154692788661	26
2	1996	926.018552704857	27
2	1998	929.913879875442	26
2	2002	938.219114250919	27
2	2004	939.18363613091	26
2	2008	940.373079122379	25
2	2012	941.029591809079	26
2	2014	941.538913963036	25
2	2018	942.479081528867	24
2	2022	942.816568627254	25
2	2024	943.748304286158	24
2	2028	944.184319042802	25
2	2030	944.409658513917	26
2	2032	945.337177047081	25
2	2036	945.36958149211	26
2	2038	946.736836318656	25
2	2042	947.540657444018	24
2	2046	948.907485230481	25
2	2048	949.047833361091	26
2	2050	951.244152064484	25
2	2054	952.506221378742	24
2	2058	952.608901226834	25
2	2060	955.576670570893	24
2	2064	956.096893815036	23
2	2068	956.925818488506	24
2	2070	957.106952368081	25
2	2072	958.219767952477	26
2	2074	959.014046351835	27
2	2076	964.281076778102	26
2	2080	968.420090096945	25
2	2084	970.68442623321	26
2	2086	972.881842824732	27
2	2088	975.339953545629	26
2	2092	975.912376782685	27
2	2094	977.550977360986	26
2	2098	977.596408314965	27
2	2100	981.026172746316	26
2	2104	982.727645917672	25
2	2108	983.144755240422	26
2	2110	983.160432727101	25
2	2114	983.597982833269	26
2	2116	986.652038334708	27
2	2118	987.579208042685	26
2	2122	988.592346100324	25
2	2126	991.80616057781	24
2	2130	991.997043464928	25
2	2132	992.14835165018	26
2	2134	998.091271358251	27
2	2136	998.609597166913	26
3	262	101.303633956111	88.857839604481
3	268	106.417451663748	92.153764599254
3	274	107.947474401212	91.260857874338
3	282	112.023160491593	94.82589814807
3	288	115.479059350628	95.769138992383
3	292	116.204823590899	84.024348314981
3	298	117.119037479155	81.783984462604
3	302	118.79813876408	78.731432308426
3	310	122.094328470982	81.288831945243
3	316	125.094683490973	83.206113861836
3	320	125.331922776345	77.497059081334
3	328	132.808508505276	79.761947039957
3	336	135.828891319929	80.357380058807
3	342	145.280981754915	85.706382287633
3	348	146.3653865282	82.970873652572
3	352	146.527717149276	80.419639984022
3	356	146.65534130828	74.845157964035
3	362	148.586176762368	76.419899545423
3	370	151.74715536973	76.828266778838
3	374	151.824396907051	76.025479333192
3	380	153.827586276424	75.568868163688
3	386	157.449156705639	75.277645517709
3	394	164.098516202458	80.98224482451
3	400	168.355075733928	83.963285246004
3	408	170.556653063942	82.504297624226
3	414	180.356609458705	89.593220951641
3	420	185.044607427355	81.454233728344
3	424	185.583089648465	78.982642820021
3	428	185.645829680139	75.176976841986
3	436	189.57226837089	78.025296654509
3	440	191.156400506754	76.173303460312
3	448	193.573365049441	76.838599589614
3	456	195.80275431294	75.86089975674
3	462	197.118626034136	77.17182629857
3	466	197.741161082757	75.478390128514
3	474	201.915738386545	76.311243716284
3	480	207.488433608797	81.071654849334
3	486	210.017314744447	76.712426331874
3	492	214.629927441272	79.755085632634
3	496	215.184104531935	73.98172274465
3	502	215.56567743383	69.500720474373
3	506	218.312468870404	71.608214431637
3	510	218.350948570168	69.100359285074
3	516	218.822050108431	68.934515199477
3	520	219.161834654521	66.371418999851
3	528	221.07453253353	66.229576594383
3	532	222.385677128059	64.48629628553
3	544	227.007704649456	68.55325421768
3	552	236.228396798356	68.2432751685
3	558	238.760995509346	69.4559723226
3	562	239.252181580541	68.870769456272
3	568	240.930826610456	64.298947778257
3	576	248.276906504024	67.389148461554
3	582	257.415872645492	71.682419923794
3	586	258.628321039354	69.365108896092
3	592	260.763035790775	69.463916446526
3	598	264.202289425023	71.463837539226
3	604	265.893550923404	71.660859902734
3	608	267.074483750732	71.374676654915
3	618	273.760566024873	76.753659835164
3	624	274.373168842291	75.269548056015
3	630	275.78740930385	74.477991764294
3	634	277.13268681419	72.946955313634
3	640	277.945919149116	69.145776078333
3	644	278.281267080466	66.095148580732
3	648	279.127004660123	63.586864663509
3	660	286.93084836347	68.436720170369
3	664	288.264849021315	68.863137809684
3	672	293.220718029899	72.310260548563
3	678	297.125346619284	74.293045782776
3	684	304.674444650411	81.501152029739
3	690	308.541012414807	82.941765063369
3	696	311.936561276756	85.057513192531
3	700	314.238465134702	86.706303211862
3	708	321.046258497107	88.026198479421
3	714	322.45700228851	84.784175739373
3	718	322.70029871687	81.83709108935
3	722	322.94862861229	81.351964400387
3	728	324.65467488556	82.892099050593
3	738	327.497956420545	79.031428318844
3	744	330.754828063208	70.674773254612
3	750	333.908862097155	71.38970935148
3	754	334.543646451398	68.89817529976
3	760	335.897114363594	67.065165074201
3	764	337.270062814487	68.392541172127
3	774	348.09627253078	75.766240888229
3	778	350.617861443052	76.77973470734
3	786	354.333186847484	79.163370553735
3	790	354.695381088987	77.003816742554
3	794	354.854260137082	75.302109325517
3	802	359.919175158357	79.59961353154
3	806	360.077055365862	79.085664327138
3	810	360.56315058294	74.18316544911
3	814	360.679409883252	71.630523343235
3	822	362.461277824085	72.464286554853
3	832	364.556969118539	71.237775956318
3	836	366.697334866478	68.794085410975
3	846	369.834114382467	64.558441368816
3	852	371.249130165494	61.874699866322
3	858	374.419995081493	57.984066198276
3	864	379.825719214865	62.915547777735
3	868	380.406917108385	57.98112822824
3	874	380.96924739826	56.650582139741
3	882	388.256085171819	63.500569966006
3	886	390.768507643259	65.374757248364
3	892	393.443913760737	67.957891082987
3	900	394.295633212746	65.270095034986
3	904	398.179402589245	67.163580334063
3	910	402.223201457665	66.334236692076
3	918	404.540372175961	65.88253332923
3	922	405.131889944867	64.763195582688
3	930	416.744582114767	75.200644811353
3	934	417.130775420542	66.499050055303
3	940	418.461470587536	66.566373565851
3	948	424.148257674864	65.480904412314
3	952	424.521706502209	65.706782232302
3	958	426.126918788032	65.397399003408
3	962	426.311193114286	64.561356264997
3	970	429.508140183073	66.763532552896
3	976	435.093082953235	72.002890344485
3	980	435.252042350263	71.645746355806
3	990	447.596245178816	79.507124143228
3	996	448.476713281003	79.640693594825
3	1000	448.975906898942	80.042435245303
3	1004	449.121196523484	78.58267180982
3	1010	449.399164704029	76.981726834832
3	1018	451.998931123287	76.886267708204
3	1024	452.792856700254	71.949169373169
3	1030	458.615427070567	77.207477354104
3	1036	459.820114133769	73.76580383514
3	1042	461.478124041131	70.17135542553
3	1050	468.353592346913	74.883950564634
3	1054	469.030278308068	74.882478886646
3	1062	475.391118681837	77.082929544286
3	1066	476.022983544695	73.471237564512
3	1070	476.452062761712	73.697805166213
3	1074	477.604149410539	67.675783511751
3	1082	478.800997288067	64.552032810771
3	1088	480.922847774467	63.661712768754
3	1098	483.741207026796	64.364564908995
3	1102	486.470880079952	66.750616865434
3	1110	489.03496623637	63.511647339341
3	1114	490.754309885111	64.226598899388
3	1120	492.792494257712	65.816609778578
3	1128	501.278795332815	70.252900356495
3	1134	507.268726854838	69.984411259876
3	1140	510.443212377809	73.13894589416
3	1144	510.986831229726	71.989635923044
3	1148	512.589377547121	64.183304503509
3	1152	512.734063065848	63.563095101202
3	1164	521.265825894157	71.688172549741
3	1170	526.251071790038	76.068597264454
3	1176	530.772792259662	78.534857967553
3	1180	530.843296788247	74.77906444691
3	1186	533.189192267837	74.435445783009
3	1190	533.494025211297	72.220462720992
3	1200	535.433164211189	71.89174460366
3	1206	543.448698739379	76.886761490913
3	1210	543.940115886326	74.501214094185
3	1218	555.341612813968	82.453706881269
3	1224	562.969872137534	84.741178313805
3	1228	564.68040019949	86.096035372299
3	1236	569.755392581485	90.296454376703
3	1242	575.035401300483	93.991029267229
3	1248	578.137605596416	95.512799341088
3	1252	580.323482832247	97.053010606099
3	1260	581.882655921977	94.389261163089
3	1264	581.920491003242	94.355379689692
3	1272	588.699587035664	97.640815766441
3	1278	590.519698005684	97.099512751127
3	1284	595.149872509003	98.194014197524
3	1290	607.31073088824	102.91932633761
3	1294	607.653646243461	98.41088477664
3	1300	608.4387797343	95.097959499691
3	1304	608.66126741301	95.207174323026
3	1312	613.150227159913	99.548637446403
3	1318	617.265126776805	102.18428840989
3	1322	617.58634272561	94.189720862792
3	1330	618.952030727782	89.536267522811
3	1336	623.562308355163	91.264415208739
3	1342	624.982764125389	90.849296908092
3	1348	626.440158288246	91.973513345446
3	1352	626.815562244986	92.323949776587
3	1356	627.938562465108	85.780483100445
3	1366	636.097686576325	91.977635343197
3	1374	644.950320013994	94.944144943484
3	1380	648.150861420875	90.091137638312
3	1386	649.042825770946	83.877033690241
3	1392	657.314553222885	92.048740167511
3	1396	658.109588787861	86.484882027407
3	1400	660.969125475914	85.304645603528
3	1408	662.355607391328	81.476452416565
3	1414	671.425897630692	89.90897199642
3	1422	674.465731750998	90.510235271794
3	1428	677.206462237093	93.154725986632
3	1432	677.707929373093	87.285295219317
3	1438	678.714075518147	86.190227523989
3	1444	680.509042441672	77.468941106153
3	1450	681.523566532409	73.099215749452
3	1456	683.231313504341	72.940244187828
3	1464	691.1626580369	79.032996699512
3	1470	696.24203380594	81.904500756421
3	1476	698.578620076524	80.916584868902
3	1482	700.918232929406	82.365061909685
3	1488	704.987971079919	82.790403718844
3	1494	705.875239936207	81.452747344698
3	1498	706.244259239973	81.175364711293
3	1502	707.912706050079	78.132713902921
3	1512	711.858003755273	81.600340962595
3	1516	712.995440370024	77.937199299858
3	1520	713.870715340172	76.06991846002
3	1530	730.290045153714	89.625290559384
3	1534	732.452738247311	85.78960880158
3	1540	734.147725782822	85.572522703983
3	1548	739.834754864191	90.756429934295
3	1554	740.124226576967	78.741502743479
3	1560	741.697448586077	80.055531305615
3	1566	745.621397953623	76.161403529216
3	1572	750.164477203645	78.123903300225
3	1576	750.476023926679	77.20987657624
3	1582	757.362050091838	81.123013813757
3	1590	766.49290144669	88.163783531213
3	1594	767.599722129381	88.389750387046
3	1598	767.635020792456	86.685558252845
3	1602	767.830321080257	85.043888499397
3	1614	772.19404064584	82.74753702684
3	1620	775.864334379664	85.927280225834
3	1626	778.336675730217	86.112079032926
3	1630	780.99512466877	83.724390960094
3	1634	781.422730591457	82.318863164691
3	1640	784.738116746724	82.626134857183
3	1644	784.74499316373	79.416036508768
3	1650	786.064021425638	77.449659119259
3	1660	791.975919810542	83.260592409844
3	1666	793.379952277571	83.913917221541
3	1672	794.628727522127	79.111751725858
3	1676	796.63534126254	80.05620847196
3	1684	799.489187839088	79.566998675058
3	1690	800.185317255852	67.262307359992
3	1698	804.038360810576	68.776918266424
3	1702	807.765646883502	72.063284839875
3	1710	811.363583398475	71.426210706466
3	1714	811.889899051265	70.894684435992
3	1718	814.771046913368	73.009431591256
3	1722	814.858239807414	65.288991006707
3	1730	816.679269461191	66.01130794619
3	1738	819.266322128049	61.705466934081
3	1742	820.410879040821	60.56163301698
3	1748	821.153731303281	53.214322816221
3	1756	823.696532043858	55.740991718025
3	1762	826.046893469356	57.26801293208
3	1768	830.992059325264	60.317646904031
3	1772	831.668525723994	58.168546672735
3	1780	832.852744682375	56.664795921662
3	1786	834.626293623523	51.290636323738
3	1792	838.098139031833	53.029235030797
3	1798	842.29775483985	56.028257676471
3	1806	848.560240448685	59.519590457973
3	1812	850.904314609396	61.537548911123
3	1818	857.565500221709	64.777656078039
3	1822	859.638886067481	65.788577108909
3	1826	860.00986470447	61.866707196942
3	1836	864.205079809568	65.189011777609
3	1840	864.961649385767	65.258495565536
3	1844	867.182289335993	65.987802058991
3	1852	869.734429224512	68.419979708766
3	1858	870.959158825689	63.089522861483
3	1862	873.592133087804	64.273409335039
3	1872	877.866571395165	61.840447963005
3	1876	878.0713993033	61.947986527601
3	1880	879.260284283561	62.509261808069
3	1886	879.816590495412	61.186457805646
3	1890	880.009179417844	59.062857657366
3	1900	886.062876381804	63.751550419189
3	1906	888.291729228645	65.925197866092
3	1912	889.548168976672	65.118652264548
3	1918	890.85213992688	63.554917714117
3	1926	897.753525987982	65.649532718306
3	1930	905.382459930906	72.541526673774
3	1934	909.237852002741	75.467574011914
3	1940	911.445164556129	76.204824223035
3	1944	911.686000781781	71.130767282284
3	1952	912.549592473133	68.768741108293
3	1958	912.951383470244	68.792304488205
3	1966	915.706616904938	67.048263472649
3	1972	919.917644549118	68.917864137858
3	1978	920.786394960952	59.488719211007
3	1986	924.498961456574	62.889944176181
3	1992	925.154692788661	62.717753290143
3	1998	929.913879875442	62.631037070475
3	2004	939.18363613091	70.648350385011
3	2008	940.373079122379	70.419524377724
3	2014	941.538913963036	67.306611896116
3	2018	942.479081528867	67.755236025273
3	2024	943.748304286158	69.012980507028
3	2032	945.337177047081	65.666234841861
3	2038	946.736836318656	66.535019032145
3	2042	947.540657444018	66.832244010618
3	2050	951.244152064484	67.785593929259
3	2054	952.506221378742	65.867181583231
3	2060	955.576670570893	66.106676041056
3	2064	956.096893815036	66.481912660751
3	2076	964.281076778102	73.380524437433
3	2080	968.420090096945	71.311790831842
3	2088	975.339953545629	65.35117140999
3	2094	977.550977360986	65.544470099732
3	2100	981.026172746316	68.956075882081
3	2104	982.727645917672	70.050018671433
3	2110	983.160432727101	70.094671009694
3	2118	987.579208042685	74.384245181014
3	2122	988.592346100324	71.705864516709
3	2126	991.80616057781	71.693760345593
3	2136	998.609597166913	77.213540776264
4	262	101.303633956111	0
4	268	106.417451663748	0
4	274	107.947474401212	0
4	282	112.023160491593	0
4	288	115.479059350628	0
4	292	116.204823590899	0
4	298	117.119037479155	0
4	302	118.79813876408	0
4	310	122.094328470982	0
4	316	125.094683490973	0
4	320	125.331922776345	0
4	328	132.808508505276	0
4	336	135.828891319929	0
4	342	145.280981754915	0
4	348	146.3653865282	0
4	352	146.527717149276	0
4	356	146.65534130828	0
4	362	148.586176762368	0
4	370	151.74715536973	0
4	374	151.824396907051	0
4	380	153.827586276424	0
4	386	157.449156705639	0
4	394	164.098516202458	0
4	400	168.355075733928	0
4	408	170.556653063942	0
4	414	180.356609458705	0
4	420	185.044607427355	0
4	424	185.583089648465	0
4	428	185.645829680139	0
4	436	189.57226837089	0
4	440	191.156400506754	0
4	448	193.573365049441	0
4	456	195.80275431294	0
4	462	197.118626034136	0
4	466	197.741161082757	0
4	474	201.915738386545	0
4	480	207.488433608797	0
4	486	210.017314744447	0
4	492	214.629927441272	0
4	496	215.184104531935	0
4	502	215.56567743383	0
4	506	218.312468870404	0
4	510	218.350948570168	0
4	516	218.822050108431	0
4	520	219.161834654521	0
4	528	221.07453253353	0
4	532	222.385677128059	0
4	544	227.007704649456	0
4	552	236.228396798356	0
4	558	238.760995509346	0
4	562	239.252181580541	0
4	568	240.930826610456	0
4	576	248.276906504024	0
4	582	257.415872645492	0
4	586	258.628321039354	0
4	592	260.763035790775	0
4	598	264.202289425023	0
4	604	265.893550923404	0
4	608	267.074483750732	0
4	618	273.760566024873	0
4	624	274.373168842291	0
4	630	275.78740930385	0
4	634	277.13268681419	0
4	640	277.945919149116	0
4	644	278.281267080466	0
4	648	279.127004660123	0
4	660	286.93084836347	0
4	664	288.264849021315	0
4	672	293.220718029899	0
4	678	297.125346619284	0
4	684	304.674444650411	0
4	690	308.541012414807	0
4	696	311.936561276756	0
4	700	314.238465134702	0
4	708	321.046258497107	0
4	714	322.45700228851	0
4	718	322.70029871687	0
4	722	322.94862861229	0
4	728	324.65467488556	0
4	738	327.497956420545	0
4	744	330.754828063208	0
4	750	333.908862097155	0
4	754	334.543646451398	0
4	760	335.897114363594	0
4	764	337.270062814487	0
4	774	348.09627253078	0
4	778	350.617861443052	0
4	786	354.333186847484	0
4	790	354.695381088987	0
4	794	354.854260137082	0
4	802	359.919175158357	0
4	806	360.077055365862	0
4	810	360.56315058294	0
4	814	360.679409883252	0
4	822	362.461277824085	0
4	832	364.556969118539	0
4	836	366.697334866478	0
4	846	369.834114382467	0
4	852	371.249130165494	0
4	858	374.419995081493	0
4	864	379.825719214865	0
4	868	380.406917108385	0
4	874	380.96924739826	0
4	882	388.256085171819	0
4	886	390.768507643259	0
4	892	393.443913760737	0
4	900	394.295633212746	0
4	904	398.179402589245	0
4	910	402.223201457665	0
4	918	404.540372175961	0
4	922	405.131889944867	0
4	930	416.744582114767	0
4	934	417.130775420542	0
4	940	418.461470587536	0
4	948	424.148257674864	0
4	952	424.521706502209	0
4	958	426.126918788032	0
4	962	426.311193114286	0
4	970	429.508140183073	0
4	976	435.093082953235	0
4	980	435.252042350263	0
4	990	447.596245178816	0
4	996	448.476713281003	0
4	1000	448.975906898942	0
4	1004	449.121196523484	0
4	1010	449.399164704029	0
4	1018	451.998931123287	0
4	1024	452.792856700254	0
4	1030	458.615427070567	0
4	1036	459.820114133769	0
4	1042	461.478124041131	0
4	1050	468.353592346913	0
4	1054	469.030278308068	0
4	1062	475.391118681837	0
4	1066	476.022983544695	0
4	1070	476.452062761712	0
4	1074	477.604149410539	0
4	1082	478.800997288067	0
4	1088	480.922847774467	0
4	1098	483.741207026796	0
4	1102	486.470880079952	0
4	1110	489.03496623637	0
4	1114	490.754309885111	0
4	1120	492.792494257712	0
4	1128	501.278795332815	0
4	1134	507.268726854838	0
4	1140	510.443212377809	0
4	1144	510.986831229726	0
4	1148	512.589377547121	0
4	1152	512.734063065848	0
4	1164	521.265825894157	0
4	1170	526.251071790038	0
4	1176	530.772792259662	0
4	1180	530.843296788247	0
4	1186	533.189192267837	0
4	1190	533.494025211297	0
4	1200	535.433164211189	0
4	1206	543.448698739379	0
4	1210	543.940115886326	0
4	1218	555.341612813968	0
4	1224	562.969872137534	0
4	1228	564.68040019949	0
4	1236	569.755392581485	0
4	1242	575.035401300483	0
4	1248	578.137605596416	0
4	1252	580.323482832247	0
4	1260	581.882655921977	0
4	1264	581.920491003242	0
4	1272	588.699587035664	0
4	1278	590.519698005684	0
4	1284	595.149872509003	0
4	1290	607.31073088824	0
4	1294	607.653646243461	0
4	1300	608.4387797343	0
4	1304	608.66126741301	0
4	1312	613.150227159913	0
4	1318	617.265126776805	0
4	1322	617.58634272561	0
4	1330	618.952030727782	0
4	1336	623.562308355163	0
4	1342	624.982764125389	0
4	1348	626.440158288246	0
4	1352	626.815562244986	0
4	1356	627.938562465108	0
4	1366	636.097686576325	0
4	1374	644.950320013994	0
4	1380	648.150861420875	0
4	1386	649.042825770946	0
4	1392	657.314553222885	0
4	1396	658.109588787861	0
4	1400	660.969125475914	0
4	1408	662.355607391328	0
4	1414	671.425897630692	0
4	1422	674.465731750998	0
4	1428	677.206462237093	0
4	1432	677.707929373093	0
4	1438	678.714075518147	0
4	1444	680.509042441672	0
4	1450	681.523566532409	0
4	1456	683.231313504341	0
4	1464	691.1626580369	0
4	1470	696.24203380594	0
4	1476	698.578620076524	0
4	1482	700.918232929406	0
4	1488	704.987971079919	0
4	1494	705.875239936207	0
4	1498	706.244259239973	0
4	1502	707.912706050079	0
4	1512	711.858003755273	0
4	1516	712.995440370024	0
4	1520	713.870715340172	0
4	1530	730.290045153714	0
4	1534	732.452738247311	0
4	1540	734.147725782822	0
4	1548	739.834754864191	0
4	1554	740.124226576967	0
4	1560	741.697448586077	0
4	1566	745.621397953623	0
4	1572	750.164477203645	0
4	1576	750.476023926679	0
4	1582	757.362050091838	0
4	1590	766.49290144669	0
4	1594	767.599722129381	0
4	1598	767.635020792456	0
4	1602	767.830321080257	0
4	1614	772.19404064584	0
4	1620	775.864334379664	0
4	1626	778.336675730217	0
4	1630	780.99512466877	0
4	1634	781.422730591457	0
4	1640	784.738116746724	0
4	1644	784.74499316373	0
4	1650	786.064021425638	0
4	1660	791.975919810542	0
4	1666	793.379952277571	0
4	1672	794.628727522127	0
4	1676	796.63534126254	0
4	1684	799.489187839088	0
4	1690	800.185317255852	0
4	1698	804.038360810576	0
4	1702	807.765646883502	0
4	1710	811.363583398475	0
4	1714	811.889899051265	0
4	1718	814.771046913368	0
4	1722	814.858239807414	0
4	1730	816.679269461191	0
4	1738	819.266322128049	0
4	1742	820.410879040821	0
4	1748	821.153731303281	0
4	1756	823.696532043858	0
4	1762	826.046893469356	0
4	1768	830.992059325264	0
4	1772	831.668525723994	0
4	1780	832.852744682375	0
4	1786	834.626293623523	0
4	1792	838.098139031833	0
4	1798	842.29775483985	0
4	1806	848.560240448685	0
4	1812	850.904314609396	0
4	1818	857.565500221709	0
4	1822	859.638886067481	0
4	1826	860.00986470447	0
4	1836	864.205079809568	0
4	1840	864.961649385767	0
4	1844	867.182289335993	0
4	1852	869.734429224512	0
4	1858	870.959158825689	0
4	1862	873.592133087804	0
4	1872	877.866571395165	0
4	1876	878.0713993033	0
4	1880	879.260284283561	0
4	1886	879.816590495412	0
4	1890	880.009179417844	0
4	1900	886.062876381804	0
4	1906	888.291729228645	0
4	1912	889.548168976672	0
4	1918	890.85213992688	0
4	1926	897.753525987982	0
4	1930	905.382459930906	0
4	1934	909.237852002741	0
4	1940	911.445164556129	0
4	1944	911.686000781781	0
4	1952	912.549592473133	0
4	1958	912.951383470244	0
4	1966	915.706616904938	0
4	1972	919.917644549118	0
4	1978	920.786394960952	0
4	1986	924.498961456574	0
4	1992	925.154692788661	0
4	1998	929.913879875442	0
4	2004	939.18363613091	0
4	2008	940.373079122379	0
4	2014	941.538913963036	0
4	2018	942.479081528867	0
4	2024	943.748304286158	0
4	2032	945.337177047081	0
4	2038	946.736836318656	0
4	2042	947.540657444018	0
4	2050	951.244152064484	0
4	2054	952.506221378742	0
4	2060	955.576670570893	0
4	2064	956.096893815036	0
4	2076	964.281076778102	0
4	2080	968.420090096945	0
4	2088	975.339953545629	0
4	2094	977.550977360986	0
4	2100	981.026172746316	0
4	2104	982.727645917672	0
4	2110	983.160432727101	0
4	2118	987.579208042685	0
4	2122	988.592346100324	0
4	2126	991.80616057781	0
4	2136	998.609597166913	0
5	264	101.303633956111	2
5	265	103.590373699011	1
5	270	106.417451663748	2
5	271	106.600446828444	1
5	276	107.947474401212	2
5	277	110.468852838153	1
5	279	111.546971716381	0
5	284	112.023160491593	1
5	285	114.983097046442	0
5	290	115.479059350628	1
5	294	116.204823590899	2
5	295	116.734765459827	1
5	300	117.119037479155	2
5	304	118.79813876408	3
5	305	119.9418545562	2
5	307	119.946799735566	1
5	312	122.094328470982	2
5	313	122.262770954243	1
5	318	125.094683490973	2
5	322	125.331922776345	3
5	323	125.604494670261	2
5	325	126.416778759463	1
5	330	132.808508505276	2
5	331	133.304888412573	1
5	333	134.874841808638	0
5	338	135.828891319929	1
5	339	141.202381787285	0
5	344	145.280981754915	1
5	345	146.064956959457	0
5	350	146.3653865282	1
5	354	146.527717149276	2
5	358	146.65534130828	3
5	359	146.704254438767	2
5	364	148.586176762368	3
5	365	149.250589285094	2
5	367	149.887534908954	1
5	372	151.74715536973	2
5	376	151.824396907051	3
5	377	152.79041565467	2
5	382	153.827586276424	3
5	383	154.844955939147	2
5	388	157.449156705639	3
5	389	157.899380842529	2
5	391	158.454450431776	1
5	396	164.098516202458	2
5	397	167.985121629856	1
5	402	168.355075733928	2
5	403	169.305023186746	1
5	405	170.381412124269	0
5	410	170.556653063942	1
5	411	176.631878832199	0
5	416	180.356609458705	1
5	417	180.88775804247	0
5	422	185.044607427355	1
5	426	185.583089648465	2
5	430	185.645829680139	3
5	431	185.733452721698	2
5	433	189.263212143262	1
5	438	189.57226837089	2
5	442	191.156400506754	3
5	443	191.299119344249	2
5	445	192.738451885797	1
5	450	193.573365049441	2
5	451	194.23269102067	1
5	453	195.699807095817	0
5	458	195.80275431294	1
5	459	197.006906189709	0
5	464	197.118626034136	1
5	468	197.741161082757	2
5	469	199.103620786276	1
5	471	201.309417539556	0
5	476	201.915738386545	1
5	477	204.185731500556	0
5	482	207.488433608797	1
5	483	208.800143070783	0
5	488	210.017314744447	1
5	489	212.186118499734	0
5	494	214.629927441272	1
5	498	215.184104531935	2
5	499	215.540139996614	1
5	504	215.56567743383	2
5	508	218.312468870404	3
5	512	218.350948570168	4
5	513	218.494128193101	3
5	518	218.822050108431	4
5	522	219.161834654521	5
5	523	219.401711211631	4
5	525	220.910457481336	3
5	530	221.07453253353	4
5	534	222.385677128059	5
5	535	222.832300836508	4
5	537	223.173292620672	3
5	539	225.599247351438	2
5	541	226.879048084225	1
5	546	227.007704649456	2
5	547	227.53216192284	1
5	549	233.020060017686	0
5	554	236.228396798356	1
5	555	237.672826549137	0
5	560	238.760995509346	1
5	564	239.252181580541	2
5	565	240.86320762752	1
5	570	240.930826610456	2
5	571	241.596664211903	1
5	573	241.762575834967	0
5	578	248.276906504024	1
5	579	248.466528101701	0
5	584	257.415872645492	1
5	588	258.628321039354	2
5	589	260.080054808596	1
5	594	260.763035790775	2
5	595	262.519152745675	1
5	600	264.202289425023	2
5	601	265.645471151638	1
5	606	265.893550923404	2
5	610	267.074483750732	3
5	611	268.831949289393	2
5	613	268.87752164236	1
5	615	272.330031642551	0
5	620	273.760566024873	1
5	621	273.838126735712	0
5	626	274.373168842291	1
5	627	275.169816293749	0
5	632	275.78740930385	1
5	636	277.13268681419	2
5	637	277.691564346433	1
5	642	277.945919149116	2
5	646	278.281267080466	3
5	650	279.127004660123	4
5	651	279.552150811565	3
5	653	280.319561626817	2
5	655	280.991391038724	1
5	657	286.37998513383	0
5	662	286.93084836347	1
5	666	288.264849021315	2
5	667	289.048886540017	1
5	669	289.996991269232	0
5	674	293.220718029899	1
5	675	293.319193162221	0
5	680	297.125346619284	1
5	681	297.903249455503	0
5	686	304.674444650411	1
5	687	305.275673013651	0
5	692	308.541012414807	1
5	693	309.374430299172	0
5	698	311.936561276756	1
5	702	314.238465134702	2
5	703	316.435928883217	1
5	705	316.91017143713	0
5	710	321.046258497107	1
5	711	322.425788880145	0
5	716	322.45700228851	1
5	720	322.70029871687	2
5	724	322.94862861229	3
5	725	324.318665258519	2
5	730	324.65467488556	3
5	731	324.755515205813	2
5	733	325.393750394895	1
5	735	325.48602267775	0
5	740	327.497956420545	1
5	741	329.02553817776	0
5	746	330.754828063208	1
5	747	331.015822255182	0
5	752	333.908862097155	1
5	756	334.543646451398	2
5	757	335.888964765589	1
5	762	335.897114363594	2
5	766	337.270062814487	3
5	767	338.657838846731	2
5	769	340.368694362179	1
5	771	341.543937303414	0
5	776	348.09627253078	1
5	780	350.617861443052	2
5	781	350.631725365239	1
5	783	351.895097021685	0
5	788	354.333186847484	1
5	792	354.695381088987	2
5	796	354.854260137082	3
5	797	358.66735326255	2
5	799	358.814924269907	1
5	804	359.919175158357	2
5	808	360.077055365862	3
5	812	360.56315058294	4
5	816	360.679409883252	5
5	817	360.729519784624	4
5	819	361.749836849289	3
5	824	362.461277824085	4
5	825	362.744607630177	3
5	827	363.09019260875	2
5	829	363.606295994457	1
5	834	364.556969118539	2
5	838	366.697334866478	3
5	839	368.089121035588	2
5	841	368.836019686178	1
5	843	368.933471653639	0
5	848	369.834114382467	1
5	849	370.538524713664	0
5	854	371.249130165494	1
5	855	372.417437869197	0
5	860	374.419995081493	1
5	861	375.112663415083	0
5	866	379.825719214865	1
5	870	380.406917108385	2
5	871	380.843687327085	1
5	876	380.96924739826	2
5	877	381.407949716463	1
5	879	386.054310298629	0
5	884	388.256085171819	1
5	888	390.768507643259	2
5	889	391.306768615601	1
5	894	393.443913760737	2
5	895	393.469641782279	1
5	897	394.147799421422	0
5	902	394.295633212746	1
5	906	398.179402589245	2
5	907	398.308189137551	1
5	912	402.223201457665	2
5	913	402.551745980183	1
5	915	402.754257595499	0
5	920	404.540372175961	1
5	924	405.131889944867	2
5	925	409.928365898788	1
5	927	414.248964477296	0
5	932	416.744582114767	1
5	936	417.130775420542	2
5	937	417.261135005713	1
5	942	418.461470587536	2
5	943	419.376642117801	1
5	945	419.720263214518	0
5	950	424.148257674864	1
5	954	424.521706502209	2
5	955	425.523318897029	1
5	960	426.126918788032	2
5	964	426.311193114286	3
5	965	426.527710985723	2
5	967	426.975884479134	1
5	972	429.508140183073	2
5	973	431.02589497632	1
5	978	435.093082953235	2
5	982	435.252042350263	3
5	983	437.284315594962	2
5	985	437.304266483649	1
5	987	438.997195306682	0
5	992	447.596245178816	1
5	993	448.406073043612	0
5	998	448.476713281003	1
5	1002	448.975906898942	2
5	1006	449.121196523484	3
5	1007	449.170967964646	2
5	1012	449.399164704029	3
5	1013	449.577653344416	2
5	1015	450.182474525584	1
5	1020	451.998931123287	2
5	1021	452.237934292109	1
5	1026	452.792856700254	2
5	1027	456.064232341337	1
5	1032	458.615427070567	2
5	1033	458.753746484828	1
5	1038	459.820114133769	2
5	1039	461.273562490305	1
5	1044	461.478124041131	2
5	1045	463.541419607529	1
5	1047	466.561937248466	0
5	1052	468.353592346913	1
5	1056	469.030278308068	2
5	1057	469.438901792141	1
5	1059	472.887905932699	0
5	1064	475.391118681837	1
5	1068	476.022983544695	2
5	1072	476.452062761712	3
5	1076	477.604149410539	4
5	1077	478.228693823729	3
5	1079	478.584364827191	2
5	1084	478.800997288067	3
5	1085	479.458938204782	2
5	1090	480.922847774467	3
5	1091	481.044372033254	2
5	1093	482.624806255328	1
5	1095	483.270472226148	0
5	1100	483.741207026796	1
5	1104	486.470880079952	2
5	1105	487.493394758888	1
5	1107	487.56511131355	0
5	1112	489.03496623637	1
5	1116	490.754309885111	2
5	1117	491.058771269223	1
5	1122	492.792494257712	2
5	1123	493.420185254557	1
5	1125	496.955858311479	0
5	1130	501.278795332815	1
5	1131	504.391404550631	0
5	1136	507.268726854838	1
5	1137	509.242761466821	0
5	1142	510.443212377809	1
5	1146	510.986831229726	2
5	1150	512.589377547121	3
5	1154	512.734063065848	4
5	1155	513.340820234609	3
5	1157	513.454093089984	2
5	1159	513.60158971351	1
5	1161	515.080838366912	0
5	1166	521.265825894157	1
5	1167	523.396621862818	0
5	1172	526.251071790038	1
5	1173	529.415763204971	0
5	1178	530.772792259662	1
5	1182	530.843296788247	2
5	1183	532.297893146424	1
5	1188	533.189192267837	2
5	1192	533.494025211297	3
5	1193	534.133467217297	2
5	1195	534.4666449428	1
5	1197	534.491612468399	0
5	1202	535.433164211189	1
5	1203	542.158079364663	0
5	1208	543.448698739379	1
5	1212	543.940115886326	2
5	1213	544.120051233128	1
5	1215	550.00617507051	0
5	1220	555.341612813968	1
5	1221	558.059723782563	0
5	1226	562.969872137534	1
5	1230	564.68040019949	2
5	1231	565.165792080705	1
5	1233	565.265813055374	0
5	1238	569.755392581485	1
5	1239	571.624706760454	0
5	1244	575.035401300483	1
5	1245	575.664479872386	0
5	1250	578.137605596416	1
5	1254	580.323482832247	2
5	1255	580.879154974763	1
5	1257	581.516925634272	0
5	1262	581.882655921977	1
5	1266	581.920491003242	2
5	1267	583.955496479204	1
5	1269	584.051736250461	0
5	1274	588.699587035664	1
5	1275	590.422634153776	0
5	1280	590.519698005684	1
5	1281	592.523847994158	0
5	1286	595.149872509003	1
5	1287	603.040101335519	0
5	1292	607.31073088824	1
5	1296	607.653646243461	2
5	1297	608.424350782957	1
5	1302	608.4387797343	2
5	1306	608.66126741301	3
5	1307	610.291069316513	2
5	1309	612.129661337388	1
5	1314	613.150227159913	2
5	1315	614.337533049519	1
5	1320	617.265126776805	2
5	1324	617.58634272561	3
5	1325	617.662035207622	2
5	1327	618.553171019721	1
5	1332	618.952030727782	2
5	1333	622.197567361075	1
5	1338	623.562308355163	2
5	1339	624.422492591509	1
5	1344	624.982764125389	2
5	1345	625.06889452868	1
5	1350	626.440158288246	2
5	1354	626.815562244986	3
5	1358	627.938562465108	4
5	1359	629.779992147158	3
5	1361	630.257662792678	2
5	1363	635.058241070166	1
5	1368	636.097686576325	2
5	1369	637.800796880152	1
5	1371	640.66475459433	0
5	1376	644.950320013994	1
5	1377	646.663129445731	0
5	1382	648.150861420875	1
5	1383	648.575203078839	0
5	1388	649.042825770946	1
5	1389	649.078324929896	0
5	1394	657.314553222885	1
5	1398	658.109588787861	2
5	1402	660.969125475914	3
5	1403	661.382723833488	2
5	1405	661.641917280462	1
5	1410	662.355607391328	2
5	1411	669.459994424407	1
5	1416	671.425897630692	2
5	1417	672.04057390342	1
5	1419	673.266147350439	0
5	1424	674.465731750998	1
5	1425	676.239036278081	0
5	1430	677.206462237093	1
5	1434	677.707929373093	2
5	1435	678.329117915477	1
5	1440	678.714075518147	2
5	1441	679.209971742335	1
5	1446	680.509042441672	2
5	1447	680.949462539611	1
5	1452	681.523566532409	2
5	1453	682.78643258086	1
5	1458	683.231313504341	2
5	1459	689.446503619	1
5	1461	689.93705415383	0
5	1466	691.1626580369	1
5	1467	692.224596697291	0
5	1472	696.24203380594	1
5	1473	697.270733708676	0
5	1478	698.578620076524	1
5	1479	699.103867426766	0
5	1484	700.918232929406	1
5	1485	702.111981889541	0
5	1490	704.987971079919	1
5	1491	705.328956654962	0
5	1496	705.875239936207	1
5	1500	706.244259239973	2
5	1504	707.912706050079	3
5	1505	708.614362306379	2
5	1507	708.715327400698	1
5	1509	709.46603505603	0
5	1514	711.858003755273	1
5	1518	712.995440370024	2
5	1522	713.870715340172	3
5	1523	715.516975796269	2
5	1525	716.57913279058	1
5	1527	719.92218916403	0
5	1532	730.290045153714	1
5	1536	732.452738247311	2
5	1537	732.92300989586	1
5	1542	734.147725782822	2
5	1543	735.261442544152	1
5	1545	735.702362043627	0
5	1550	739.834754864191	1
5	1551	739.937372692009	0
5	1556	740.124226576967	1
5	1557	740.995214615273	0
5	1562	741.697448586077	1
5	1563	741.761615322112	0
5	1568	745.621397953623	1
5	1569	749.569248800707	0
5	1574	750.164477203645	1
5	1578	750.476023926679	2
5	1579	750.667961515001	1
5	1584	757.362050091838	2
5	1585	757.560855193968	1
5	1587	759.849246023841	0
5	1592	766.49290144669	1
5	1596	767.599722129381	2
5	1600	767.635020792456	3
5	1604	767.830321080257	4
5	1605	767.93940848706	3
5	1607	767.955540325833	2
5	1609	768.778880537276	1
5	1611	770.674412421233	0
5	1616	772.19404064584	1
5	1617	773.499979051259	0
5	1622	775.864334379664	1
5	1623	776.187948760713	0
5	1628	778.336675730217	1
5	1632	780.99512466877	2
5	1636	781.422730591457	3
5	1637	783.335657299785	2
5	1642	784.738116746724	3
5	1646	784.74499316373	4
5	1647	785.068904001036	3
5	1652	786.064021425638	4
5	1653	786.269497163379	3
5	1655	789.040649990712	2
5	1657	789.366765698273	1
5	1662	791.975919810542	2
5	1663	792.78784414367	1
5	1668	793.379952277571	2
5	1669	793.850308958572	1
5	1674	794.628727522127	2
5	1678	796.63534126254	3
5	1679	798.143157507528	2
5	1681	799.016068031959	1
5	1686	799.489187839088	2
5	1687	799.703153820231	1
5	1692	800.185317255852	2
5	1693	801.194487277002	1
5	1695	801.314449515746	0
5	1700	804.038360810576	1
5	1704	807.765646883502	2
5	1705	807.869635964206	1
5	1707	809.318723752765	0
5	1712	811.363583398475	1
5	1716	811.889899051265	2
5	1720	814.771046913368	3
5	1724	814.858239807414	4
5	1725	816.02612343216	3
5	1727	816.123412775699	2
5	1732	816.679269461191	3
5	1733	816.751022475492	2
5	1735	818.630132689766	1
5	1740	819.266322128049	2
5	1744	820.410879040821	3
5	1745	820.946321760478	2
5	1750	821.153731303281	3
5	1751	822.311325962615	2
5	1753	822.366531362553	1
5	1758	823.696532043858	2
5	1759	824.429516712124	1
5	1764	826.046893469356	2
5	1765	827.297222212763	1
5	1770	830.992059325264	2
5	1774	831.668525723994	3
5	1775	832.103993269676	2
5	1777	832.840933257132	1
5	1782	832.852744682375	2
5	1783	833.770277990827	1
5	1788	834.626293623523	2
5	1789	835.240340333094	1
5	1794	838.098139031833	2
5	1795	840.555233499497	1
5	1800	842.29775483985	2
5	1801	843.78085136484	1
5	1803	844.159078982039	0
5	1808	848.560240448685	1
5	1809	848.658353432289	0
5	1814	850.904314609396	1
5	1815	850.99978041126	0
5	1820	857.565500221709	1
5	1824	859.638886067481	2
5	1828	860.00986470447	3
5	1829	861.297675749945	2
5	1831	861.609017280393	1
5	1833	862.436939498518	0
5	1838	864.205079809568	1
5	1842	864.961649385767	2
5	1846	867.182289335993	3
5	1847	867.282842804967	2
5	1849	868.535285745899	1
5	1854	869.734429224512	2
5	1855	869.953554744655	1
5	1860	870.959158825689	2
5	1864	873.592133087804	3
5	1865	874.23230206692	2
5	1867	874.723845503594	1
5	1869	874.73532377913	0
5	1874	877.866571395165	1
5	1878	878.0713993033	2
5	1882	879.260284283561	3
5	1883	879.67094220522	2
5	1888	879.816590495412	3
5	1892	880.009179417844	4
5	1893	880.201817286511	3
5	1895	880.7084134334	2
5	1897	883.458558135225	1
5	1902	886.062876381804	2
5	1903	886.639039795511	1
5	1908	888.291729228645	2
5	1909	889.469994529837	1
5	1914	889.548168976672	2
5	1915	889.614981154285	1
5	1920	890.85213992688	2
5	1921	890.900552340669	1
5	1923	897.108299265103	0
5	1928	897.753525987982	1
5	1932	905.382459930906	2
5	1936	909.237852002741	3
5	1937	909.988782135639	2
5	1942	911.445164556129	3
5	1946	911.686000781781	4
5	1947	912.006507261254	3
5	1949	912.070096864235	2
5	1954	912.549592473133	3
5	1955	912.677627246239	2
5	1960	912.951383470244	3
5	1961	913.065761717407	2
5	1963	913.194962861671	1
5	1968	915.706616904938	2
5	1969	916.886481583615	1
5	1974	919.917644549118	2
5	1975	920.112400232217	1
5	1980	920.786394960952	2
5	1981	921.396056390649	1
5	1983	922.599327683062	0
5	1988	924.498961456574	1
5	1989	924.725575250615	0
5	1994	925.154692788661	1
5	1995	926.018552704857	0
5	2000	929.913879875442	1
5	2001	938.219114250919	0
5	2006	939.18363613091	1
5	2010	940.373079122379	2
5	2011	941.029591809079	1
5	2016	941.538913963036	2
5	2020	942.479081528867	3
5	2021	942.816568627254	2
5	2026	943.748304286158	3
5	2027	944.184319042802	2
5	2029	944.409658513917	1
5	2034	945.337177047081	2
5	2035	945.36958149211	1
5	2040	946.736836318656	2
5	2044	947.540657444018	3
5	2045	948.907485230481	2
5	2047	949.047833361091	1
5	2052	951.244152064484	2
5	2056	952.506221378742	3
5	2057	952.608901226834	2
5	2062	955.576670570893	3
5	2066	956.096893815036	4
5	2067	956.925818488506	3
5	2069	957.106952368081	2
5	2071	958.219767952477	1
5	2073	959.014046351835	0
5	2078	964.281076778102	1
5	2082	968.420090096945	2
5	2083	970.68442623321	1
5	2085	972.881842824732	0
5	2090	975.339953545629	1
5	2091	975.912376782685	0
5	2096	977.550977360986	1
5	2097	977.596408314965	0
5	2102	981.026172746316	1
5	2106	982.727645917672	2
5	2107	983.144755240422	1
5	2112	983.160432727101	2
5	2113	983.597982833269	1
5	2115	986.652038334708	0
5	2120	987.579208042685	1
5	2124	988.592346100324	2
5	2128	991.80616057781	3
5	2129	991.997043464928	2
5	2131	992.14835165018	1
5	2133	998.091271358251	0
5	2138	998.609597166913	1

