version 3
run General-29-20221103-10:28:22-6760
attr configname General
attr datetime 20221103-10:28:22
attr datetimef 20221103-102822
attr experiment General
attr inifile block.ini
attr iterationvars "$0=3, $1=30"
attr iterationvarsd 3/30
attr iterationvarsf 3,30-
attr measurement "$0=3, $1=30"
attr network Block
attr processid 6760
attr repetition 4
attr replication #4
attr resultdir results
attr runnumber 29
attr seedset 29
config network Block
config repeat 5
config sim-time-limit 1000s
config warmup-period 100s
config **.alloca.resourceModuleName "\"risorse\""
config **.dealloca.resourceModuleName "\"risorse\""
config **.is.delay exponential(3s)
config **.servente.serviceTime exponential(3s)
config **.dealloca.resourceAmount 2
config **.alloca.resourceAmount 2
config **.risorse.amount 6
config **.sorgente.numJobs (30)
config **.result-recording-modes all

vector 0 Block.servente queueLength:vector ETV
attr interpolationmode sample-hold
attr recordingmode vector
attr title "queue length"
vector 1 Block.servente queueingTime:vector ETV
attr interpolationmode none
attr recordingmode vector
attr title "queueing time at dequeue"
attr unit s
vector 2 Block.alloca queueLength:vector ETV
attr interpolationmode sample-hold
attr recordingmode vector
attr title "queue length"
vector 3 Block.alloca queueingTime:vector ETV
attr interpolationmode none
attr recordingmode vector
attr title "queueing time at dequeue"
attr unit s
vector 4 Block.risorse amount:vector ETV
attr interpolationmode sample-hold
attr recordingmode vector
attr title "available resource"
vector 5 Block.is delayedJobs:vector ETV
attr interpolationmode sample-hold
attr recordingmode vector
attr title "number of delayed jobs"
0	287	105.368173364734	1
0	289	105.368173364734	2
0	293	107.808301995695	1
0	295	107.808301995695	2
0	299	115.965862767319	1
0	301	115.965862767319	2
0	303	119.306229762193	1
0	305	119.306229762193	2
0	307	119.61697076711	1
0	309	119.61697076711	2
0	311	119.831708836438	1
0	313	119.831708836438	2
0	323	130.951396982358	1
0	325	130.951396982358	2
0	327	133.339543646039	1
0	329	133.339543646039	2
0	333	133.471421611018	1
0	335	133.471421611018	2
0	339	135.473875891822	1
0	341	135.473875891822	2
0	347	143.612469320336	1
0	349	143.612469320336	2
0	353	148.54511136884	1
0	355	148.54511136884	2
0	357	153.261559055485	1
0	359	153.261559055485	2
0	363	154.328992216212	1
0	365	154.328992216212	2
0	371	158.348682178185	1
0	373	158.348682178185	2
0	377	163.443860448854	1
0	379	163.443860448854	2
0	381	163.593659146961	1
0	383	163.593659146961	2
0	385	165.293276912884	1
0	387	165.293276912884	2
0	395	172.752612531029	1
0	397	172.752612531029	2
0	399	178.570226703872	1
0	401	178.570226703872	2
0	405	182.168869415031	1
0	407	182.168869415031	2
0	413	184.900192789747	1
0	415	184.900192789747	2
0	417	185.952012154274	1
0	419	185.952012154274	2
0	425	188.437602444243	1
0	427	188.437602444243	2
0	431	190.037467460737	1
0	433	190.037467460737	2
0	435	190.163696433795	1
0	437	190.163696433795	2
0	439	192.74480626033	1
0	441	192.74480626033	2
0	449	196.496854841897	1
0	451	196.496854841897	2
0	455	199.85845023027	1
0	457	199.85845023027	2
0	461	201.671401885639	1
0	463	201.671401885639	2
0	467	203.021013009794	1
0	469	203.021013009794	2
0	473	212.831638658546	1
0	475	212.831638658546	2
0	479	228.132420012041	1
0	481	228.132420012041	2
0	485	231.469233994937	1
0	487	231.469233994937	2
0	491	239.024164307292	1
0	493	239.024164307292	2
0	495	243.821431965677	1
0	497	243.821431965677	2
0	503	253.60370140764	1
0	505	253.60370140764	2
0	507	255.045852920332	1
0	509	255.045852920332	2
0	511	255.381415030578	1
0	513	255.381415030578	2
0	515	255.388915549004	1
0	517	255.388915549004	2
0	521	257.084967055361	1
0	523	257.084967055361	2
0	529	258.970548160471	1
0	531	258.970548160471	2
0	537	261.949124042814	1
0	539	261.949124042814	2
0	541	262.599186245502	1
0	543	262.599186245502	2
0	545	265.368791756984	1
0	547	265.368791756984	2
0	553	267.631494151211	1
0	555	267.631494151211	2
0	557	267.690232542635	1
0	559	267.690232542635	2
0	565	268.369107727701	1
0	567	268.369107727701	2
0	573	270.631468188729	1
0	575	270.631468188729	2
0	581	285.576186713272	1
0	583	285.576186713272	2
0	587	288.29048803381	1
0	589	288.29048803381	2
0	593	293.825461270774	1
0	595	293.825461270774	2
0	597	295.704847503235	1
0	599	295.704847503235	2
0	601	296.28126412233	1
0	603	296.28126412233	2
0	607	298.280358115746	1
0	609	298.280358115746	2
0	611	298.558485504119	1
0	613	298.558485504119	2
0	621	307.918923090299	1
0	623	307.918923090299	2
0	625	309.508135224183	1
0	627	309.508135224183	2
0	631	311.151562157181	1
0	633	311.151562157181	2
0	635	311.16567303721	1
0	637	311.16567303721	2
0	639	312.047328734689	1
0	641	312.047328734689	2
0	649	315.600328612012	1
0	651	315.600328612012	2
0	653	315.880849321362	1
0	655	315.880849321362	2
0	663	318.907080924582	1
0	665	318.907080924582	2
0	671	320.888982063998	1
0	673	320.888982063998	2
0	675	321.176142855007	1
0	677	321.176142855007	2
0	681	323.616155301512	1
0	683	323.616155301512	2
0	689	330.239253729269	1
0	691	330.239253729269	2
0	693	332.236906822105	1
0	695	332.236906822105	2
0	697	333.676289208444	1
0	699	333.676289208444	2
0	701	333.862910360603	1
0	703	333.862910360603	2
0	713	343.015352952626	1
0	715	343.015352952626	2
0	717	344.935009271318	1
0	719	344.935009271318	2
0	723	346.803645755936	1
0	725	346.803645755936	2
0	729	348.22986912947	1
0	731	348.22986912947	2
0	733	348.714363212218	1
0	735	348.714363212218	2
0	743	352.499333003365	1
0	745	352.499333003365	2
0	749	356.800278235283	1
0	751	356.800278235283	2
0	755	360.20076355706	1
0	757	360.20076355706	2
0	761	370.503337459775	1
0	763	370.503337459775	2
0	767	377.636925774976	1
0	769	377.636925774976	2
0	773	381.260034551544	1
0	775	381.260034551544	2
0	779	388.151645828315	1
0	781	388.151645828315	2
0	785	392.386176835541	1
0	787	392.386176835541	2
0	791	398.96316906512	1
0	793	398.96316906512	2
0	795	399.362048474065	1
0	797	399.362048474065	2
0	801	403.190809928589	1
0	803	403.190809928589	2
0	809	407.577260082664	1
0	811	407.577260082664	2
0	815	409.140218482621	1
0	817	409.140218482621	2
0	819	409.94079980276	1
0	821	409.94079980276	2
0	823	410.32119968415	1
0	825	410.32119968415	2
0	831	413.315620007556	1
0	833	413.315620007556	2
0	839	417.707358519268	1
0	841	417.707358519268	2
0	845	427.953270846071	1
0	847	427.953270846071	2
0	851	431.061402383601	1
0	853	431.061402383601	2
0	857	432.580312678112	1
0	859	432.580312678112	2
0	863	436.216821501964	1
0	865	436.216821501964	2
0	869	439.024083221252	1
0	871	439.024083221252	2
0	873	441.042954919559	1
0	875	441.042954919559	2
0	879	443.784435374131	1
0	881	443.784435374131	2
0	885	444.686009563555	1
0	887	444.686009563555	2
0	893	451.389659489471	1
0	895	451.389659489471	2
0	897	452.92534816861	1
0	899	452.92534816861	2
0	903	456.311098469927	1
0	905	456.311098469927	2
0	911	462.222775500484	1
0	913	462.222775500484	2
0	915	465.012403133017	1
0	917	465.012403133017	2
0	919	466.160924318301	1
0	921	466.160924318301	2
0	929	476.642584556284	1
0	931	476.642584556284	2
0	935	482.982074962675	1
0	937	482.982074962675	2
0	941	493.167681982698	1
0	943	493.167681982698	2
0	947	495.844798246384	1
0	949	495.844798246384	2
0	951	499.53862347958	1
0	953	499.53862347958	2
0	957	500.885410008512	1
0	959	500.885410008512	2
0	963	508.107717671594	1
0	965	508.107717671594	2
0	971	512.8132313491	1
0	973	512.8132313491	2
0	975	513.452404922111	1
0	977	513.452404922111	2
0	981	515.898568664647	1
0	983	515.898568664647	2
0	987	518.877671489812	1
0	989	518.877671489812	2
0	993	520.232388007152	1
0	995	520.232388007152	2
0	1001	521.536826563635	1
0	1003	521.536826563635	2
0	1007	523.854730370563	1
0	1009	523.854730370563	2
0	1013	529.138359547557	1
0	1015	529.138359547557	2
0	1019	532.345542756656	1
0	1021	532.345542756656	2
0	1023	534.234432713202	1
0	1025	534.234432713202	2
0	1031	550.011854575634	1
0	1033	550.011854575634	2
0	1035	550.465744398909	1
0	1037	550.465744398909	2
0	1043	557.212225729941	1
0	1045	557.212225729941	2
0	1049	557.508734982952	1
0	1051	557.508734982952	2
0	1055	563.022437046373	1
0	1057	563.022437046373	2
0	1061	564.532124917168	1
0	1063	564.532124917168	2
0	1065	569.34913468279	1
0	1067	569.34913468279	2
0	1071	571.539358246526	1
0	1073	571.539358246526	2
0	1075	575.256358442888	1
0	1077	575.256358442888	2
0	1085	581.784025872023	1
0	1087	581.784025872023	2
0	1089	584.768471374136	1
0	1091	584.768471374136	2
0	1097	589.627491907621	1
0	1099	589.627491907621	2
0	1103	595.217486503061	1
0	1105	595.217486503061	2
0	1107	597.101182328176	1
0	1109	597.101182328176	2
0	1113	597.678266744492	1
0	1115	597.678266744492	2
0	1117	598.040101345732	1
0	1119	598.040101345732	2
0	1121	599.550751295849	1
0	1123	599.550751295849	2
0	1131	604.416044041192	1
0	1133	604.416044041192	2
0	1137	606.440490876903	1
0	1139	606.440490876903	2
0	1145	613.168624693784	1
0	1147	613.168624693784	2
0	1151	616.913608549417	1
0	1153	616.913608549417	2
0	1155	624.361432486152	1
0	1157	624.361432486152	2
0	1163	630.681388227471	1
0	1165	630.681388227471	2
0	1169	634.248695170292	1
0	1171	634.248695170292	2
0	1175	634.824581103606	1
0	1177	634.824581103606	2
0	1179	634.856678619	1
0	1181	634.856678619	2
0	1183	634.960329885269	1
0	1185	634.960329885269	2
0	1193	643.954064455788	1
0	1195	643.954064455788	2
0	1197	644.084771835887	1
0	1199	644.084771835887	2
0	1201	644.225466944517	1
0	1203	644.225466944517	2
0	1209	651.886298240645	1
0	1211	651.886298240645	2
0	1217	661.67474702075	1
0	1219	661.67474702075	2
0	1221	662.402681191329	1
0	1223	662.402681191329	2
0	1229	665.648671583841	1
0	1231	665.648671583841	2
0	1233	667.465141632384	1
0	1235	667.465141632384	2
0	1239	673.76703193877	1
0	1241	673.76703193877	2
0	1247	680.689501314657	1
0	1249	680.689501314657	2
0	1253	684.448649839356	1
0	1255	684.448649839356	2
0	1257	684.557502928708	1
0	1259	684.557502928708	2
0	1261	685.588270978662	1
0	1263	685.588270978662	2
0	1271	690.785535620658	1
0	1273	690.785535620658	2
0	1277	693.830157989336	1
0	1279	693.830157989336	2
0	1283	699.795726390964	1
0	1285	699.795726390964	2
0	1287	700.379631885944	1
0	1289	700.379631885944	2
0	1295	703.627061458695	1
0	1297	703.627061458695	2
0	1299	703.643330891684	1
0	1301	703.643330891684	2
0	1303	703.72987380363	1
0	1305	703.72987380363	2
0	1307	704.709167557904	1
0	1309	704.709167557904	2
0	1317	711.444066404512	1
0	1319	711.444066404512	2
0	1323	713.022749908666	1
0	1325	713.022749908666	2
0	1327	713.396249053453	1
0	1329	713.396249053453	2
0	1333	714.098475351613	1
0	1335	714.098475351613	2
0	1337	715.289719476516	1
0	1339	715.289719476516	2
0	1347	716.015950006901	1
0	1349	716.015950006901	2
0	1351	716.297955549319	1
0	1353	716.297955549319	2
0	1361	723.627763398352	1
0	1363	723.627763398352	2
0	1365	723.733302731272	1
0	1367	723.733302731272	2
0	1371	724.296083234246	1
0	1373	724.296083234246	2
0	1375	725.289210248198	1
0	1377	725.289210248198	2
0	1381	725.528982363904	1
0	1383	725.528982363904	2
0	1389	727.584508613249	1
0	1391	727.584508613249	2
0	1397	728.576834035406	1
0	1399	728.576834035406	2
0	1401	728.764461054357	1
0	1403	728.764461054357	2
0	1405	729.47220537854	1
0	1407	729.47220537854	2
0	1415	735.898773974341	1
0	1417	735.898773974341	2
0	1419	736.811787467304	1
0	1421	736.811787467304	2
0	1423	737.288184819572	1
0	1425	737.288184819572	2
0	1427	737.751883740784	1
0	1429	737.751883740784	2
0	1437	746.843245171283	1
0	1439	746.843245171283	2
0	1443	750.521013413797	1
0	1445	750.521013413797	2
0	1449	751.560110380955	1
0	1451	751.560110380955	2
0	1457	755.517864159988	1
0	1459	755.517864159988	2
0	1463	762.461065376584	1
0	1465	762.461065376584	2
0	1467	762.547368736655	1
0	1469	762.547368736655	2
0	1473	763.77070850977	1
0	1475	763.77070850977	2
0	1479	767.074617940162	1
0	1481	767.074617940162	2
0	1487	769.477434883211	1
0	1489	769.477434883211	2
0	1493	771.867416657308	1
0	1495	771.867416657308	2
0	1499	780.409637511399	1
0	1501	780.409637511399	2
0	1503	781.135914785297	1
0	1505	781.135914785297	2
0	1511	789.930490804782	1
0	1513	789.930490804782	2
0	1517	796.080395386611	1
0	1519	796.080395386611	2
0	1523	798.851030966303	1
0	1525	798.851030966303	2
0	1529	801.689427686784	1
0	1531	801.689427686784	2
0	1533	805.111523816674	1
0	1535	805.111523816674	2
0	1541	816.300725577706	1
0	1543	816.300725577706	2
0	1547	822.435478069599	1
0	1549	822.435478069599	2
0	1551	823.01255097237	1
0	1553	823.01255097237	2
0	1555	823.875644482658	1
0	1557	823.875644482658	2
0	1563	827.229198070844	1
0	1565	827.229198070844	2
0	1569	827.979573518475	1
0	1571	827.979573518475	2
0	1575	830.638480080085	1
0	1577	830.638480080085	2
0	1581	832.322273583091	1
0	1583	832.322273583091	2
0	1589	837.848039212818	1
0	1591	837.848039212818	2
0	1595	849.585680210011	1
0	1597	849.585680210011	2
0	1601	853.663489242459	1
0	1603	853.663489242459	2
0	1605	853.714127893142	1
0	1607	853.714127893142	2
0	1613	857.248122150334	1
0	1615	857.248122150334	2
0	1619	860.131777544562	1
0	1621	860.131777544562	2
0	1625	869.679262740936	1
0	1627	869.679262740936	2
0	1629	870.926623846615	1
0	1631	870.926623846615	2
0	1635	873.790961582142	1
0	1637	873.790961582142	2
0	1643	878.760951457908	1
0	1645	878.760951457908	2
0	1647	880.169615357735	1
0	1649	880.169615357735	2
0	1651	882.759696977632	1
0	1653	882.759696977632	2
0	1659	883.708702119492	1
0	1661	883.708702119492	2
0	1667	887.397076819815	1
0	1669	887.397076819815	2
0	1671	888.447074836631	1
0	1673	888.447074836631	2
0	1679	892.008754807488	1
0	1681	892.008754807488	2
0	1685	896.585764580837	1
0	1687	896.585764580837	2
0	1691	897.627875729733	1
0	1693	897.627875729733	2
0	1695	897.768958917884	1
0	1697	897.768958917884	2
0	1699	899.142561981473	1
0	1701	899.142561981473	2
0	1703	902.150403397638	1
0	1705	902.150403397638	2
0	1715	905.378284580221	1
0	1717	905.378284580221	2
0	1719	906.775358723882	1
0	1721	906.775358723882	2
0	1727	909.267381237696	1
0	1729	909.267381237696	2
0	1733	917.656388366732	1
0	1735	917.656388366732	2
0	1737	923.930710750006	1
0	1739	923.930710750006	2
0	1745	925.286798826062	1
0	1747	925.286798826062	2
0	1751	934.175590644964	1
0	1753	934.175590644964	2
0	1755	934.315192136342	1
0	1757	934.315192136342	2
0	1763	940.870064594473	1
0	1765	940.870064594473	2
0	1769	947.516757934022	1
0	1771	947.516757934022	2
0	1773	948.868413038062	1
0	1775	948.868413038062	2
0	1777	950.470302318986	1
0	1779	950.470302318986	2
0	1787	955.150917300141	1
0	1789	955.150917300141	2
0	1791	955.44694482648	1
0	1793	955.44694482648	2
0	1797	957.739221382496	1
0	1799	957.739221382496	2
0	1805	961.004713594137	1
0	1807	961.004713594137	2
0	1811	963.538390412014	1
0	1813	963.538390412014	2
0	1817	967.408520703669	1
0	1819	967.408520703669	2
0	1821	967.708855162955	1
0	1823	967.708855162955	2
0	1827	968.220219634305	1
0	1829	968.220219634305	2
0	1835	970.534303212881	1
0	1837	970.534303212881	2
0	1841	973.456625477898	1
0	1843	973.456625477898	2
0	1847	980.221145676872	1
0	1849	980.221145676872	2
0	1853	982.844866179644	1
0	1855	982.844866179644	2
0	1857	987.031775507322	1
0	1859	987.031775507322	2
0	1863	989.039537271342	1
0	1865	989.039537271342	2
0	1871	992.060598851165	1
0	1873	992.060598851165	2
0	1877	995.737991461525	1
0	1879	995.737991461525	2
1	287	105.368173364734	15.59946881392
1	293	107.808301995695	17.594542045843
1	299	115.965862767319	10.597689402585
1	303	119.306229762193	11.497927766498
1	307	119.61697076711	3.651107999791
1	311	119.831708836438	0.525479074245
1	323	130.951396982358	11.334426215248
1	327	133.339543646039	13.507834809601
1	333	133.471421611018	2.52002462866
1	339	135.473875891822	2.134332245783
1	347	143.612469320336	10.141047709318
1	353	148.54511136884	13.071235477018
1	357	153.261559055485	9.649089735149
1	363	154.328992216212	5.783880847372
1	371	158.348682178185	5.0871231227
1	377	163.443860448854	9.114868232642
1	381	163.593659146961	5.244976968776
1	385	165.293276912884	1.84941646403
1	395	172.752612531029	9.158953384068
1	399	178.570226703872	13.276949790988
1	405	182.168869415031	9.416256884002
1	413	184.900192789747	6.329966085875
1	417	185.952012154274	3.783142739243
1	425	188.437602444243	3.537409654496
1	431	190.037467460737	4.085455306463
1	435	190.163696433795	1.726093989552
1	439	192.74480626033	2.707338799593
1	449	196.496854841897	6.333158408102
1	455	199.85845023027	7.11364396994
1	461	201.671401885639	5.174547043742
1	467	203.021013009794	3.162562779524
1	473	212.831638658546	11.160236772907
1	479	228.132420012041	25.111407002247
1	485	231.469233994937	18.637595336391
1	491	239.024164307292	10.891744295251
1	495	243.821431965677	12.35219797074
1	503	253.60370140764	14.579537100348
1	507	255.045852920332	11.224420954655
1	511	255.381415030578	1.777713622938
1	515	255.388915549004	0.343062628672
1	521	257.084967055361	1.703552024783
1	529	258.970548160471	3.581632611467
1	537	261.949124042814	4.864156987453
1	541	262.599186245502	3.628638085031
1	545	265.368791756984	3.41966771417
1	553	267.631494151211	5.032307905709
1	557	267.690232542635	2.321440785651
1	565	268.369107727701	0.73761357649
1	573	270.631468188729	2.941235646094
1	581	285.576186713272	17.207078985571
1	587	288.29048803381	17.659019845081
1	593	293.825461270774	8.249274557502
1	597	295.704847503235	7.414359469425
1	601	296.28126412233	2.455802851556
1	607	298.280358115746	2.575510612511
1	611	298.558485504119	2.277221381789
1	621	307.918923090299	9.638564974553
1	625	309.508135224183	10.949649720064
1	631	311.151562157181	3.232639066882
1	635	311.16567303721	1.657537813027
1	639	312.047328734689	0.895766577508
1	649	315.600328612012	4.434655574802
1	653	315.880849321362	3.833520586673
1	663	318.907080924582	3.30675231257
1	671	320.888982063998	5.008132742636
1	675	321.176142855007	2.269061930425
1	681	323.616155301512	2.727173237514
1	689	330.239253729269	9.063110874262
1	693	332.236906822105	8.620751520593
1	697	333.676289208444	3.437035479175
1	701	333.862910360603	1.626003538498
1	713	343.015352952626	9.339063744182
1	717	344.935009271318	11.072098910715
1	723	346.803645755936	3.78829280331
1	729	348.22986912947	3.294859858152
1	733	348.714363212218	1.910717456282
1	743	352.499333003365	4.269463873895
1	749	356.800278235283	8.085915023065
1	755	360.20076355706	7.701430553695
1	761	370.503337459775	13.703059224492
1	767	377.636925774976	17.436162217916
1	773	381.260034551544	10.756697091769
1	779	388.151645828315	10.514720053339
1	785	392.386176835541	11.126142283997
1	791	398.96316906512	10.811523236805
1	795	399.362048474065	6.975871638524
1	801	403.190809928589	4.227640863469
1	809	407.577260082664	8.215211608599
1	815	409.140218482621	5.949408554032
1	819	409.94079980276	2.363539720096
1	823	410.32119968415	1.180981201529
1	831	413.315620007556	3.374820204796
1	839	417.707358519268	7.386158835118
1	845	427.953270846071	14.637650838515
1	851	431.061402383601	13.354043864333
1	857	432.580312678112	4.627041832041
1	863	436.216821501964	5.155419118363
1	869	439.024083221252	6.44377054314
1	873	441.042954919559	4.826133417595
1	879	443.784435374131	4.760352152879
1	885	444.686009563555	3.643054643996
1	893	451.389659489471	7.60522411534
1	897	452.92534816861	8.239338605055
1	903	456.311098469927	4.921438980456
1	911	462.222775500484	9.297427331874
1	915	465.012403133017	8.70130466309
1	919	466.160924318301	3.938148817817
1	929	476.642584556284	11.630181423267
1	935	482.982074962675	16.821150644374
1	941	493.167681982698	16.525097426414
1	947	495.844798246384	12.862723283709
1	951	499.53862347958	6.370941496882
1	957	500.885410008512	5.040611762128
1	963	508.107717671594	8.569094192014
1	971	512.8132313491	11.927821340588
1	975	513.452404922111	5.344687250517
1	981	515.898568664647	3.085337315547
1	987	518.877671489812	5.425266567701
1	993	520.232388007152	4.333819342505
1	1001	521.536826563635	2.659155073823
1	1007	523.854730370563	3.622342363411
1	1013	529.138359547557	7.601532983922
1	1019	532.345542756656	8.490812386093
1	1023	534.234432713202	5.096073165645
1	1031	550.011854575634	17.666311818978
1	1035	550.465744398909	16.231311685707
1	1043	557.212225729941	7.200371154307
1	1049	557.508734982952	7.042990584043
1	1055	563.022437046373	5.810211316432
1	1061	564.532124917168	7.023389934216
1	1065	569.34913468279	6.326697636417
1	1071	571.539358246526	7.007233329358
1	1075	575.256358442888	5.907223760098
1	1085	581.784025872023	10.244667625497
1	1089	584.768471374136	9.512112931248
1	1097	589.627491907621	7.843466035598
1	1103	595.217486503061	10.449015128925
1	1107	597.101182328176	7.473690420555
1	1113	597.678266744492	2.460780241431
1	1117	598.040101345732	0.938919017556
1	1121	599.550751295849	1.872484551357
1	1131	604.416044041192	6.37594269546
1	1137	606.440490876903	6.889739581054
1	1145	613.168624693784	8.752580652592
1	1151	616.913608549417	10.473117672514
1	1155	624.361432486152	11.192807792368
1	1163	630.681388227471	13.767779678054
1	1169	634.248695170292	9.88726268414
1	1175	634.824581103606	4.143192876135
1	1179	634.856678619	0.607983448708
1	1183	634.960329885269	0.135748781663
1	1193	643.954064455788	9.097385836788
1	1197	644.084771835887	9.124441950618
1	1201	644.225466944517	0.271402488729
1	1209	651.886298240645	7.801526404758
1	1217	661.67474702075	17.449280076233
1	1221	662.402681191329	10.516382950684
1	1229	665.648671583841	3.973924563091
1	1233	667.465141632384	5.062460441055
1	1239	673.76703193877	8.118360354929
1	1247	680.689501314657	13.224359682273
1	1253	684.448649839356	10.681617900586
1	1257	684.557502928708	3.868001614051
1	1261	685.588270978662	1.139621139306
1	1271	690.785535620658	6.22803269195
1	1277	693.830157989336	8.241887010674
1	1283	699.795726390964	9.010190770306
1	1287	700.379631885944	6.549473896608
1	1295	703.627061458695	3.831335067731
1	1299	703.643330891684	3.26369900574
1	1303	703.72987380363	0.102812344935
1	1307	704.709167557904	1.06583666622
1	1317	711.444066404512	7.714192600882
1	1323	713.022749908666	8.313582350762
1	1327	713.396249053453	1.952182648941
1	1333	714.098475351613	1.075725442947
1	1337	715.289719476516	1.893470423063
1	1347	716.015950006901	1.917474655288
1	1351	716.297955549319	1.008236072803
1	1361	723.627763398352	7.611813391451
1	1365	723.733302731272	7.435347181953
1	1371	724.296083234246	0.668319835894
1	1375	725.289210248198	1.555907516926
1	1381	725.528982363904	1.232899129658
1	1389	727.584508613249	2.295298365051
1	1397	728.576834035406	3.047851671502
1	1401	728.764461054357	1.179952441108
1	1405	729.47220537854	0.895371343134
1	1415	735.898773974341	7.134312919984
1	1419	736.811787467304	7.339582088764
1	1423	737.288184819572	1.389410845231
1	1427	737.751883740784	0.94009627348
1	1437	746.843245171283	9.555060351711
1	1443	750.521013413797	12.769129673013
1	1449	751.560110380955	4.716865209672
1	1457	755.517864159988	4.996850746191
1	1463	762.461065376584	10.900954995629
1	1467	762.547368736655	7.029504576667
1	1473	763.77070850977	1.309643133186
1	1479	767.074617940162	4.527249203507
1	1487	769.477434883211	5.706726373441
1	1493	771.867416657308	4.792798717146
1	1499	780.409637511399	10.932202628188
1	1503	781.135914785297	9.268498127989
1	1511	789.930490804782	9.520853293383
1	1517	796.080395386611	14.944480601314
1	1523	798.851030966303	8.920540161521
1	1529	801.689427686784	5.609032300173
1	1533	805.111523816674	6.260492850371
1	1541	816.300725577706	14.611297890922
1	1547	822.435478069599	17.323954252925
1	1551	823.01255097237	6.711825394664
1	1555	823.875644482658	1.440166413059
1	1563	827.229198070844	4.216647098474
1	1569	827.979573518475	4.103929035817
1	1575	830.638480080085	3.409282009241
1	1581	832.322273583091	4.342700064616
1	1589	837.848039212818	7.209559132733
1	1595	849.585680210011	17.26340662692
1	1601	853.663489242459	15.815450029641
1	1605	853.714127893142	4.128447683131
1	1613	857.248122150334	3.584632907875
1	1619	860.131777544562	6.41764965142
1	1625	869.679262740936	12.431140590602
1	1629	870.926623846615	10.794846302053
1	1635	873.790961582142	4.111698841206
1	1643	878.760951457908	7.834327611293
1	1647	880.169615357735	6.378653775593
1	1651	882.759696977632	3.998745519724
1	1659	883.708702119492	3.539086761757
1	1667	887.397076819815	4.637379842183
1	1671	888.447074836631	4.738372717139
1	1679	892.008754807488	4.611677987673
1	1685	896.585764580837	8.138689744206
1	1691	897.627875729733	5.619120922245
1	1695	897.768958917884	1.183194337047
1	1699	899.142561981473	1.51468625174
1	1703	902.150403397638	4.381444479754
1	1715	905.378284580221	6.235722598748
1	1719	906.775358723882	4.624955326244
1	1727	909.267381237696	3.889096657475
1	1733	917.656388366732	10.88102964285
1	1737	923.930710750006	14.66332951231
1	1745	925.286798826062	7.63041045933
1	1751	934.175590644964	10.244879894958
1	1755	934.315192136342	9.02839331028
1	1763	940.870064594473	6.694473949509
1	1769	947.516757934022	13.20156579768
1	1773	948.868413038062	7.998348443589
1	1777	950.470302318986	2.953544384964
1	1787	955.150917300141	6.282504262079
1	1791	955.44694482648	4.976642507494
1	1797	957.739221382496	2.588304082355
1	1805	961.004713594137	5.557768767657
1	1811	963.538390412014	5.799169029518
1	1817	967.408520703669	6.403807109532
1	1821	967.708855162955	4.170464750941
1	1827	968.220219634305	0.811698930636
1	1835	970.534303212881	2.825448049926
1	1841	973.456625477898	5.236405843593
1	1847	980.221145676872	9.686842463991
1	1853	982.844866179644	9.388240701746
1	1857	987.031775507322	6.81062983045
1	1863	989.039537271342	6.194671091698
1	1871	992.060598851165	5.028823343843
1	1877	995.737991461525	6.698454190183
2	288	105.368173364734	26
2	292	106.177973607404	27
2	294	107.808301995695	26
2	298	113.654300063547	27
2	300	115.965862767319	26
2	304	119.306229762193	25
2	308	119.61697076711	24
2	312	119.831708836438	23
2	316	119.840040562737	24
2	318	120.670012583353	25
2	320	120.847614426323	26
2	322	122.343407183449	27
2	324	130.951396982358	26
2	328	133.339543646039	25
2	332	133.455465554003	26
2	334	133.471421611018	25
2	338	134.808510688986	26
2	340	135.473875891822	25
2	344	137.271532691379	26
2	346	138.654350337174	27
2	348	143.612469320336	26
2	352	147.694217932687	27
2	354	148.54511136884	26
2	358	153.261559055485	25
2	362	153.65824545412	26
2	364	154.328992216212	25
2	368	155.861050040944	26
2	370	158.318790440153	27
2	372	158.348682178185	26
2	376	160.766740911401	27
2	378	163.443860448854	26
2	382	163.593659146961	25
2	386	165.293276912884	24
2	390	165.381899581871	25
2	392	165.692281995768	26
2	394	166.783832613513	27
2	396	172.752612531029	26
2	400	178.570226703872	25
2	404	178.683696654591	26
2	406	182.168869415031	25
2	410	182.743879102958	26
2	412	183.93690426202	27
2	414	184.900192789747	26
2	418	185.952012154274	25
2	422	186.354233297299	26
2	424	188.059789008287	27
2	426	188.437602444243	26
2	430	189.826766439733	27
2	432	190.037467460737	26
2	436	190.163696433795	25
2	440	192.74480626033	24
2	444	192.759360729417	25
2	446	194.226523256267	26
2	448	194.602790224095	27
2	450	196.496854841897	26
2	454	199.562191637785	27
2	456	199.85845023027	26
2	460	201.515928337549	27
2	462	201.671401885639	26
2	466	202.587694994925	27
2	468	203.021013009794	26
2	472	203.961939230535	27
2	474	212.831638658546	26
2	478	212.841255156908	27
2	480	228.132420012041	26
2	484	230.056271189927	27
2	486	231.469233994937	26
2	490	233.800610155912	27
2	492	239.024164307292	26
2	496	243.821431965677	25
2	500	243.991020095035	26
2	502	245.229771240174	27
2	504	253.60370140764	26
2	508	255.045852920332	25
2	512	255.381415030578	24
2	516	255.388915549004	23
2	520	256.754924947703	24
2	522	257.084967055361	23
2	526	257.108743865271	24
2	528	258.601361841759	25
2	530	258.970548160471	24
2	534	259.426809031152	25
2	536	260.274581994449	26
2	538	261.949124042814	25
2	542	262.599186245502	24
2	546	265.368791756984	23
2	550	265.861621578117	24
2	552	266.493369483771	25
2	554	267.631494151211	24
2	558	267.690232542635	23
2	562	267.733081892865	24
2	564	268.045829358328	25
2	566	268.369107727701	24
2	570	268.920228386386	25
2	572	269.099483274658	26
2	574	270.631468188729	25
2	578	270.953278571873	26
2	580	273.926225712877	27
2	582	285.576186713272	26
2	586	286.556351643487	27
2	588	288.29048803381	26
2	592	288.546527357798	27
2	594	293.825461270774	26
2	598	295.704847503235	25
2	602	296.28126412233	24
2	606	296.98208938108	25
2	608	298.280358115746	24
2	612	298.558485504119	23
2	616	300.248568725671	24
2	618	300.977926440598	25
2	620	302.500708396739	26
2	622	307.918923090299	25
2	626	309.508135224183	24
2	630	310.512707537884	25
2	632	311.151562157181	24
2	636	311.16567303721	23
2	640	312.047328734689	22
2	644	313.110466483855	23
2	646	313.238008454391	24
2	648	313.755041496977	25
2	650	315.600328612012	24
2	654	315.880849321362	23
2	658	316.576810570815	24
2	660	316.779048414949	25
2	662	317.567195074534	26
2	664	318.907080924582	25
2	668	319.628289829792	26
2	670	320.325700047312	27
2	672	320.888982063998	26
2	676	321.176142855007	25
2	680	321.342769816987	26
2	682	323.616155301512	25
2	686	323.70942481627	26
2	688	323.7620617088	27
2	690	330.239253729269	26
2	694	332.236906822105	25
2	698	333.676289208444	24
2	702	333.862910360603	23
2	706	336.413680784246	24
2	708	336.833082847472	25
2	710	337.063786666445	26
2	712	339.594058155086	27
2	714	343.015352952626	26
2	718	344.935009271318	25
2	722	346.669274619204	26
2	724	346.803645755936	25
2	728	346.822527135088	26
2	730	348.22986912947	25
2	734	348.714363212218	24
2	738	349.614536928235	25
2	740	350.382641340572	26
2	742	350.737077909212	27
2	744	352.499333003365	26
2	748	355.667319755018	27
2	750	356.800278235283	26
2	754	357.011953235551	27
2	756	360.20076355706	26
2	760	362.49614295813	27
2	762	370.503337459775	26
2	766	374.476319848888	27
2	768	377.636925774976	26
2	772	379.307126266251	27
2	774	381.260034551544	26
2	778	384.41812403851	27
2	780	388.151645828315	26
2	784	390.727810470791	27
2	786	392.386176835541	26
2	790	393.322878568564	27
2	792	398.96316906512	26
2	796	399.362048474065	25
2	800	399.895299341762	26
2	802	403.190809928589	25
2	806	404.641325407702	26
2	808	405.611516962298	27
2	810	407.577260082664	26
2	814	407.698499213161	27
2	816	409.140218482621	26
2	820	409.94079980276	25
2	824	410.32119968415	24
2	828	411.017671161206	25
2	830	412.947947191675	26
2	832	413.315620007556	25
2	836	415.997664923226	26
2	838	416.01652409126	27
2	840	417.707358519268	26
2	844	418.641771937588	27
2	846	427.953270846071	26
2	850	429.141101045379	27
2	852	431.061402383601	26
2	856	431.339102871423	27
2	858	432.580312678112	26
2	862	435.635368213344	27
2	864	436.216821501964	26
2	868	438.786717684696	27
2	870	439.024083221252	26
2	874	441.042954919559	25
2	878	442.579608285707	26
2	880	443.784435374131	25
2	884	444.495929806859	26
2	886	444.686009563555	25
2	890	447.300510332701	26
2	892	451.179626656391	27
2	894	451.389659489471	26
2	898	452.92534816861	25
2	902	453.160275487226	26
2	904	456.311098469927	25
2	908	457.957031678274	26
2	910	460.205213621754	27
2	912	462.222775500484	26
2	916	465.012403133017	25
2	920	466.160924318301	24
2	924	466.345723525156	25
2	926	468.987656465014	26
2	928	470.485459281087	27
2	930	476.642584556284	26
2	934	476.843831072229	27
2	936	482.982074962675	26
2	940	484.092798728615	27
2	942	493.167681982698	26
2	946	493.265036066021	27
2	948	495.844798246384	26
2	952	499.53862347958	25
2	956	500.697949555641	26
2	958	500.885410008512	25
2	962	503.88680428946	26
2	964	508.107717671594	25
2	968	508.383871986813	26
2	970	508.487572234653	27
2	972	512.8132313491	26
2	976	513.452404922111	25
2	980	514.707937229926	26
2	982	515.898568664647	25
2	986	516.759681632082	26
2	988	518.877671489812	25
2	992	519.801197791686	26
2	994	520.232388007152	25
2	998	520.423428115849	26
2	1000	520.896948965315	27
2	1002	521.536826563635	26
2	1006	522.067519613805	27
2	1008	523.854730370563	26
2	1012	524.000194454509	27
2	1014	529.138359547557	26
2	1018	530.323639155939	27
2	1020	532.345542756656	26
2	1024	534.234432713202	25
2	1028	537.543984327692	26
2	1030	542.008819691716	27
2	1032	550.011854575634	26
2	1036	550.465744398909	25
2	1040	551.040172379496	26
2	1042	553.242130431945	27
2	1044	557.212225729941	26
2	1048	557.218013450654	27
2	1050	557.508734982952	26
2	1054	558.249858774516	27
2	1056	563.022437046373	26
2	1060	563.678549447087	27
2	1062	564.532124917168	26
2	1066	569.34913468279	25
2	1070	569.9222993469	26
2	1072	571.539358246526	25
2	1076	575.256358442888	24
2	1080	576.623985021042	25
2	1082	577.941221894078	26
2	1084	581.576419466959	27
2	1086	581.784025872023	26
2	1090	584.768471374136	25
2	1094	585.226807807865	26
2	1096	585.685475923098	27
2	1098	589.627491907621	26
2	1102	589.990325295668	27
2	1104	595.217486503061	26
2	1108	597.101182328176	25
2	1112	597.383407698313	26
2	1114	597.678266744492	25
2	1118	598.040101345732	24
2	1122	599.550751295849	23
2	1126	600.708259393412	24
2	1128	600.993180762144	25
2	1130	603.128924331553	26
2	1132	604.416044041192	25
2	1136	605.289207222383	26
2	1138	606.440490876903	25
2	1142	607.889184729538	26
2	1144	609.477143156439	27
2	1146	613.168624693784	26
2	1150	614.02859909471	27
2	1152	616.913608549417	26
2	1156	624.361432486152	25
2	1160	624.541827171414	26
2	1162	628.395278232264	27
2	1164	630.681388227471	26
2	1168	631.880600729532	27
2	1170	634.248695170292	26
2	1174	634.482421455516	27
2	1176	634.824581103606	26
2	1180	634.856678619	25
2	1184	634.960329885269	24
2	1188	635.238832086618	25
2	1190	635.42509275113	26
2	1192	635.791768733607	27
2	1194	643.954064455788	26
2	1198	644.084771835887	25
2	1202	644.225466944517	24
2	1206	645.182727456101	25
2	1208	646.122954785866	26
2	1210	651.886298240645	25
2	1214	652.878753505183	26
2	1216	653.895365983322	27
2	1218	661.67474702075	26
2	1222	662.402681191329	25
2	1226	664.153320717493	26
2	1228	664.368463932293	27
2	1230	665.648671583841	26
2	1234	667.465141632384	25
2	1238	673.133944824177	26
2	1240	673.76703193877	25
2	1244	676.115607556607	26
2	1246	678.762053831192	27
2	1248	680.689501314657	26
2	1252	680.905987003621	27
2	1254	684.448649839356	26
2	1258	684.557502928708	25
2	1262	685.588270978662	24
2	1266	686.260470601932	25
2	1268	686.540948108462	26
2	1270	687.199212433759	27
2	1272	690.785535620658	26
2	1276	691.659138805291	27
2	1278	693.830157989336	26
2	1282	698.685035469492	27
2	1284	699.795726390964	26
2	1288	700.379631885944	25
2	1292	700.703058654632	26
2	1294	701.231313436687	27
2	1296	703.627061458695	26
2	1300	703.643330891684	25
2	1304	703.72987380363	24
2	1308	704.709167557904	23
2	1312	705.149352254258	24
2	1314	705.355960069691	25
2	1316	709.978272193268	26
2	1318	711.444066404512	25
2	1322	712.7398933236	26
2	1324	713.022749908666	25
2	1328	713.396249053453	24
2	1332	713.516617316864	25
2	1334	714.098475351613	24
2	1338	715.289719476516	23
2	1342	715.366193520286	24
2	1344	715.688596853798	25
2	1346	715.754279483992	26
2	1348	716.015950006901	25
2	1352	716.297955549319	24
2	1356	716.520909451504	25
2	1358	718.363810515598	26
2	1360	718.881019250169	27
2	1362	723.627763398352	26
2	1366	723.733302731272	25
2	1370	724.20782117628	26
2	1372	724.296083234246	25
2	1376	725.289210248198	24
2	1380	725.445569971677	25
2	1382	725.528982363904	24
2	1386	725.778771807172	25
2	1388	727.338003337869	26
2	1390	727.584508613249	25
2	1394	728.137125047218	26
2	1396	728.335624291253	27
2	1398	728.576834035406	26
2	1402	728.764461054357	25
2	1406	729.47220537854	24
2	1410	731.617154592742	25
2	1412	733.518920914707	26
2	1414	735.085724250157	27
2	1416	735.898773974341	26
2	1420	736.811787467304	25
2	1424	737.288184819572	24
2	1428	737.751883740784	23
2	1432	738.286901986939	24
2	1434	739.511575810719	25
2	1436	743.70619243364	26
2	1438	746.843245171283	25
2	1442	748.487177044497	26
2	1444	750.521013413797	25
2	1448	750.576208737495	26
2	1450	751.560110380955	25
2	1454	751.650420721921	26
2	1456	752.644846477907	27
2	1458	755.517864159988	26
2	1462	758.10869564757	27
2	1464	762.461065376584	26
2	1468	762.547368736655	25
2	1472	762.662833612361	26
2	1474	763.77070850977	25
2	1478	764.732665345581	26
2	1480	767.074617940162	25
2	1484	767.761084298496	26
2	1486	768.647206509189	27
2	1488	769.477434883211	26
2	1492	770.533300177485	27
2	1494	771.867416657308	26
2	1498	772.069355701226	27
2	1500	780.409637511399	26
2	1504	781.135914785297	25
2	1508	782.554502211049	26
2	1510	784.024776411097	27
2	1512	789.930490804782	26
2	1516	794.697278602588	27
2	1518	796.080395386611	26
2	1522	796.944459389	27
2	1524	798.851030966303	26
2	1528	801.302577139342	27
2	1530	801.689427686784	26
2	1534	805.111523816674	25
2	1538	808.202152374595	26
2	1540	811.036145835056	27
2	1542	816.300725577706	26
2	1546	821.066759928937	27
2	1548	822.435478069599	26
2	1552	823.01255097237	25
2	1556	823.875644482658	24
2	1560	824.603282365983	25
2	1562	825.076425898066	26
2	1564	827.229198070844	25
2	1568	827.374454676581	26
2	1570	827.979573518475	25
2	1574	829.028109007725	26
2	1576	830.638480080085	25
2	1580	831.143346265512	26
2	1582	832.322273583091	25
2	1586	833.529785825494	26
2	1588	833.676834900571	27
2	1590	837.848039212818	26
2	1594	839.304112370535	27
2	1596	849.585680210011	26
2	1600	850.728354413681	27
2	1602	853.663489242459	26
2	1606	853.714127893142	25
2	1610	854.327017307616	26
2	1612	856.005839888801	27
2	1614	857.248122150334	26
2	1618	858.933216286975	27
2	1620	860.131777544562	26
2	1624	861.169005244633	27
2	1626	869.679262740936	26
2	1630	870.926623846615	25
2	1634	870.98419140167	26
2	1636	873.790961582142	25
2	1640	874.616351328215	26
2	1642	878.306574313138	27
2	1644	878.760951457908	26
2	1648	880.169615357735	25
2	1652	882.759696977632	24
2	1656	883.056862374871	25
2	1658	883.347865764966	26
2	1660	883.708702119492	25
2	1664	885.007044549084	26
2	1666	886.135760335064	27
2	1668	887.397076819815	26
2	1672	888.447074836631	25
2	1676	889.130203049398	26
2	1678	889.257925960906	27
2	1680	892.008754807488	26
2	1684	892.816257573971	27
2	1686	896.585764580837	26
2	1690	896.601801380073	27
2	1692	897.627875729733	26
2	1696	897.768958917884	25
2	1700	899.142561981473	24
2	1704	902.150403397638	23
2	1708	902.937985436618	24
2	1710	902.999589049733	25
2	1712	904.190614325561	26
2	1714	904.654091188645	27
2	1716	905.378284580221	26
2	1720	906.775358723882	25
2	1724	907.840653892709	26
2	1726	908.370828004872	27
2	1728	909.267381237696	26
2	1732	909.27644097355	27
2	1734	917.656388366732	26
2	1738	923.930710750006	25
2	1742	924.679727338506	26
2	1744	924.944208830036	27
2	1746	925.286798826062	26
2	1750	927.255491232412	27
2	1752	934.175590644964	26
2	1756	934.315192136342	25
2	1760	934.822289756782	26
2	1762	939.584465746422	27
2	1764	940.870064594473	26
2	1768	943.485178697984	27
2	1770	947.516757934022	26
2	1774	948.868413038062	25
2	1778	950.470302318986	24
2	1782	951.038211618527	25
2	1784	951.8535626042	26
2	1786	953.654957890164	27
2	1788	955.150917300141	26
2	1792	955.44694482648	25
2	1796	957.68340784059	26
2	1798	957.739221382496	25
2	1802	960.961485928632	26
2	1804	961.003830929142	27
2	1806	961.004713594137	26
2	1810	961.508046214805	27
2	1812	963.538390412014	26
2	1816	964.666532085618	27
2	1818	967.408520703669	26
2	1822	967.708855162955	25
2	1826	968.187127234116	26
2	1828	968.220219634305	25
2	1832	968.447335221345	26
2	1834	970.179655377699	27
2	1836	970.534303212881	26
2	1840	970.666959928048	27
2	1842	973.456625477898	26
2	1846	975.767881216601	27
2	1848	980.221145676872	26
2	1852	981.836692484798	27
2	1854	982.844866179644	26
2	1858	987.031775507322	25
2	1862	988.350692619961	26
2	1864	989.039537271342	25
2	1868	989.09526310926	26
2	1870	989.504476577549	27
2	1872	992.060598851165	26
2	1876	993.606016157363	27
2	1878	995.737991461525	26
2	1882	998.322670745367	27
3	288	105.368173364734	77.883503399196
3	294	107.808301995695	78.429407201433
3	300	115.965862767319	85.071243129714
3	304	119.306229762193	85.629512271236
3	308	119.61697076711	85.782585125335
3	312	119.831708836438	82.208227510384
3	324	130.951396982358	92.729649940663
3	328	133.339543646039	91.567883788457
3	334	133.471421611018	91.419025849693
3	340	135.473875891822	93.213217781389
3	348	143.612469320336	99.121882904417
3	354	148.54511136884	100.46310347727
3	358	153.261559055485	100.09818600604
3	364	154.328992216212	99.476754443563
3	372	158.348682178185	98.780297003102
3	378	163.443860448854	102.81551699067
3	382	163.593659146961	98.737124035496
3	386	165.293276912884	98.110186992811
3	396	172.752612531029	102.54263033389
3	400	178.570226703872	107.59105186246
3	406	182.168869415031	108.61787353735
3	414	184.900192789747	105.13061536683
3	418	185.952012154274	105.02935050862
3	426	188.437602444243	96.36926565828
3	432	190.037467460737	96.736999847423
3	436	190.163696433795	94.195732019614
3	440	192.74480626033	93.703786967044
3	450	196.496854841897	90.318881234493
3	456	199.85845023027	86.204150166723
3	462	201.671401885639	81.831361322902
3	468	203.021013009794	82.351000426441
3	474	212.831638658546	91.984024232223
3	480	228.132420012041	105.78901282859
3	486	231.469233994937	98.013768440934
3	492	239.024164307292	104.21565361831
3	496	243.821431965677	106.5498992743
3	504	253.60370140764	114.94935107047
3	508	255.045852920332	107.35163498764
3	512	255.381415030578	101.72316957646
3	516	255.388915549004	99.52786550806
3	522	257.084967055361	98.766176615208
3	530	258.970548160471	98.20380724907
3	538	261.949124042814	96.567224460943
3	542	262.599186245502	96.906904249734
3	546	265.368791756984	98.584959143471
3	554	267.631494151211	88.94779749662
3	558	267.690232542635	84.946353439677
3	566	268.369107727701	84.432203465681
3	574	270.631468188729	84.27723489143
3	582	285.576186713272	97.516397704985
3	588	288.29048803381	98.463721594077
3	594	293.825461270774	101.06610054136
3	598	295.704847503235	101.47832424697
3	602	296.28126412233	101.67847389823
3	608	298.280358115746	98.718166477961
3	612	298.558485504119	97.04255716657
3	622	307.918923090299	105.33122809537
3	626	309.508135224183	105.54619599365
3	632	311.151562157181	98.310307000273
3	636	311.16567303721	81.109401847283
3	640	312.047328734689	78.246718578777
3	650	315.600328612012	71.609308516977
3	654	315.880849321362	70.651078081188
3	664	318.907080924582	62.152155976879
3	672	320.888982063998	63.780238198727
3	676	321.176142855007	62.574781013248
3	682	323.616155301512	64.18934627036
3	690	330.239253729269	69.96467173482
3	694	332.236906822105	66.375285243988
3	698	333.676289208444	67.182919724673
3	702	333.862910360603	66.129828467738
3	714	343.015352952626	74.969523594298
3	718	344.935009271318	76.014780884932
3	724	346.803645755936	77.704162481278
3	730	348.22986912947	77.276590557597
3	734	348.714363212218	74.788137499341
3	744	352.499333003365	65.942981359878
3	750	356.800278235283	68.253750877485
3	756	360.20076355706	63.21867417598
3	762	370.503337459775	70.254768734104
3	768	377.636925774976	76.658999334378
3	774	381.260034551544	78.759326154805
3	780	388.151645828315	77.638938290431
3	786	392.386176835541	79.275710351686
3	792	398.96316906512	85.725160610729
3	796	399.362048474065	85.607006977088
3	802	403.190809928589	86.613999357774
3	810	407.577260082664	90.798211667715
3	816	409.140218482621	91.573023408087
3	820	409.94079980276	90.312509972968
3	824	410.32119968415	89.995499636838
3	832	413.315620007556	91.972850190569
3	840	417.707358519268	93.997933702998
3	846	427.953270846071	104.19120913727
3	852	431.061402383601	94.647721599355
3	858	432.580312678112	95.74722983064
3	864	436.216821501964	99.153034835519
3	870	439.024083221252	99.430025066166
3	874	441.042954919559	94.373680300355
3	880	443.784435374131	96.961908239043
3	886	444.686009563555	95.07147263532
3	894	451.389659489471	101.0070181489
3	898	452.92534816861	102.1882702594
3	904	456.311098469927	100.64377871491
3	912	462.222775500484	105.21082226493
3	916	465.012403133017	102.51626017489
3	920	466.160924318301	91.684604469413
3	930	476.642584556284	97.335458290033
3	936	482.982074962675	98.563950924165
3	942	493.167681982698	102.43987151191
3	948	495.844798246384	102.52191967782
3	952	499.53862347958	99.643324137818
3	958	500.885410008512	96.24408460081
3	964	508.107717671594	102.4962007093
3	972	512.8132313491	105.11473213594
3	976	513.452404922111	102.43473376091
3	982	515.898568664647	102.95062147297
3	988	518.877671489812	102.88000656659
3	994	520.232388007152	104.21586391589
3	1002	521.536826563635	102.89505462605
3	1008	523.854730370563	94.713629325184
3	1014	529.138359547557	97.799256676134
3	1020	532.345542756656	96.710174543312
3	1024	534.234432713202	95.447715028506
3	1032	550.011854575634	107.43224628993
3	1036	550.465744398909	105.96981459205
3	1044	557.212225729941	109.91171539724
3	1050	557.508734982952	106.32910832656
3	1056	563.022437046373	109.86216155915
3	1062	564.532124917168	106.57509323889
3	1066	569.34913468279	109.14392106104
3	1072	571.539358246526	105.19363472137
3	1076	575.256358442888	106.26870197787
3	1086	581.784025872023	111.29856659094
3	1090	584.768471374136	107.92464030191
3	1098	589.627491907621	105.53469317901
3	1104	595.217486503061	101.95245043704
3	1108	597.101182328176	96.403232772535
3	1114	597.678266744492	93.791462455032
3	1118	598.040101345732	89.656229358919
3	1122	599.550751295849	91.063179061196
3	1132	604.416044041192	89.708106811266
3	1138	606.440490876903	89.680809244821
3	1146	613.168624693784	93.367426902098
3	1152	616.913608549417	96.490180433568
3	1156	624.361432486152	103.46448352084
3	1164	630.681388227471	108.61386861367
3	1170	634.248695170292	110.24850071578
3	1176	634.824581103606	104.50094194767
3	1180	634.856678619	97.312694291308
3	1184	634.960329885269	92.951510193553
3	1194	643.954064455788	92.913892076292
3	1198	644.084771835887	90.842641403942
3	1202	644.225466944517	87.007453493863
3	1210	651.886298240645	93.636439466129
3	1218	661.67474702075	97.996197573663
3	1222	662.402681191329	92.480381844429
3	1230	665.648671583841	89.024686562799
3	1234	667.465141632384	89.523919738306
3	1240	673.76703193877	92.190612471811
3	1248	680.689501314657	95.462693506792
3	1254	684.448649839356	98.763173916258
3	1258	684.557502928708	94.56717763304
3	1262	685.588270978662	88.204863280349
3	1272	690.785535620658	90.077276227246
3	1278	693.830157989336	92.836977227192
3	1284	699.795726390964	96.666802059411
3	1288	700.379631885944	95.090424663561
3	1296	703.627061458695	95.737876729157
3	1300	703.643330891684	94.166187735245
3	1304	703.72987380363	89.70127470892
3	1308	704.709167557904	80.16734038649
3	1318	711.444066404512	83.048788172248
3	1324	713.022749908666	81.142149179134
3	1328	713.396249053453	78.913827597937
3	1334	714.098475351613	78.859643264995
3	1338	715.289719476516	79.864626725386
3	1348	716.015950006901	80.224181273294
3	1352	716.297955549319	71.115228093218
3	1362	723.627763398352	77.504808612486
3	1366	723.733302731272	70.854549226089
3	1372	724.296083234246	70.400717250924
3	1376	725.289210248198	61.135889530705
3	1382	725.528982363904	61.160518431611
3	1390	727.584508613249	54.450563789072
3	1398	728.576834035406	52.461226478799
3	1402	728.764461054357	50.002407223165
3	1406	729.47220537854	48.566218374919
3	1416	735.898773974341	49.638303372409
3	1420	736.811787467304	50.270839358842
3	1424	737.288184819572	50.088972385813
3	1428	737.751883740784	46.092744935493
3	1438	746.843245171283	48.158209701791
3	1444	750.521013413797	49.817954759165
3	1450	751.560110380955	50.328796944268
3	1458	755.517864159988	50.36851190573
3	1464	762.461065376584	57.105105306893
3	1468	762.547368736655	52.569096543387
3	1474	763.77070850977	51.03081518617
3	1480	767.074617940162	53.558000623298
3	1488	769.477434883211	54.111241362925
3	1494	771.867416657308	56.17881980351
3	1500	780.409637511399	64.655358027407
3	1504	781.135914785297	64.615005333793
3	1512	789.930490804782	71.566680289184
3	1518	796.080395386611	77.199376136442
3	1524	798.851030966303	74.643209790023
3	1530	801.689427686784	76.243857715107
3	1534	805.111523816674	79.332752009502
3	1542	816.300725577706	88.962722239837
3	1548	822.435478069599	94.298353022381
3	1552	823.01255097237	94.676926681117
3	1556	823.875644482658	92.258489889916
3	1564	827.229198070844	93.710277156137
3	1570	827.979573518475	92.893849268318
3	1576	830.638480080085	92.351578093146
3	1582	832.322273583091	92.810697772372
3	1590	837.848039212818	94.141846779178
3	1596	849.585680210011	101.09850316551
3	1602	853.663489242459	103.08728050496
3	1606	853.714127893142	102.06370717122
3	1614	857.248122150334	104.60327567243
3	1620	860.131777544562	102.02308189699
3	1626	869.679262740936	107.01642912857
3	1630	870.926623846615	106.19395850103
3	1636	873.790961582142	106.02987728365
3	1644	878.760951457908	110.11374494872
3	1648	880.169615357735	109.63631518025
3	1652	882.759696977632	110.69034127641
3	1660	883.708702119492	101.15419990844
3	1668	887.397076819815	103.37230040872
3	1672	888.447074836631	93.749796234043
3	1680	892.008754807488	95.064295418488
3	1686	896.585764580837	95.283187441495
3	1692	897.627875729733	89.425723355138
3	1696	897.768958917884	86.732813082828
3	1700	899.142561981473	78.075802052536
3	1704	902.150403397638	77.547121031655
3	1716	905.378284580221	80.301858682155
3	1720	906.775358723882	79.400904047301
3	1728	909.267381237696	80.239272229971
3	1734	917.656388366732	86.51304210122
3	1738	923.930710750006	90.400924924512
3	1746	925.286798826062	91.609963925491
3	1752	934.175590644964	94.871478274429
3	1756	934.315192136342	83.586837722661
3	1764	940.870064594473	86.543047286857
3	1770	947.516757934022	91.510918045221
3	1774	948.868413038062	89.935196751087
3	1778	950.470302318986	89.301297074353
3	1788	955.150917300141	84.166725898471
3	1792	955.44694482648	80.830593498265
3	1798	957.739221382496	79.432647069358
3	1806	961.004713594137	77.947851219266
3	1812	963.538390412014	80.190524647048
3	1818	967.408520703669	82.401476154585
3	1822	967.708855162955	81.573094827891
3	1828	968.220219634305	79.090016584907
3	1836	970.534303212881	81.276377251975
3	1842	973.456625477898	80.640367903927
3	1848	980.221145676872	83.619344296799
3	1854	982.844866179644	79.906880743026
3	1858	987.031775507322	84.032186457589
3	1864	989.039537271342	84.848922945781
3	1872	992.060598851165	87.40650766252
3	1878	995.737991461525	87.897337568816
4	288	105.368173364734	0
4	294	107.808301995695	0
4	300	115.965862767319	0
4	304	119.306229762193	0
4	308	119.61697076711	0
4	312	119.831708836438	0
4	324	130.951396982358	0
4	328	133.339543646039	0
4	334	133.471421611018	0
4	340	135.473875891822	0
4	348	143.612469320336	0
4	354	148.54511136884	0
4	358	153.261559055485	0
4	364	154.328992216212	0
4	372	158.348682178185	0
4	378	163.443860448854	0
4	382	163.593659146961	0
4	386	165.293276912884	0
4	396	172.752612531029	0
4	400	178.570226703872	0
4	406	182.168869415031	0
4	414	184.900192789747	0
4	418	185.952012154274	0
4	426	188.437602444243	0
4	432	190.037467460737	0
4	436	190.163696433795	0
4	440	192.74480626033	0
4	450	196.496854841897	0
4	456	199.85845023027	0
4	462	201.671401885639	0
4	468	203.021013009794	0
4	474	212.831638658546	0
4	480	228.132420012041	0
4	486	231.469233994937	0
4	492	239.024164307292	0
4	496	243.821431965677	0
4	504	253.60370140764	0
4	508	255.045852920332	0
4	512	255.381415030578	0
4	516	255.388915549004	0
4	522	257.084967055361	0
4	530	258.970548160471	0
4	538	261.949124042814	0
4	542	262.599186245502	0
4	546	265.368791756984	0
4	554	267.631494151211	0
4	558	267.690232542635	0
4	566	268.369107727701	0
4	574	270.631468188729	0
4	582	285.576186713272	0
4	588	288.29048803381	0
4	594	293.825461270774	0
4	598	295.704847503235	0
4	602	296.28126412233	0
4	608	298.280358115746	0
4	612	298.558485504119	0
4	622	307.918923090299	0
4	626	309.508135224183	0
4	632	311.151562157181	0
4	636	311.16567303721	0
4	640	312.047328734689	0
4	650	315.600328612012	0
4	654	315.880849321362	0
4	664	318.907080924582	0
4	672	320.888982063998	0
4	676	321.176142855007	0
4	682	323.616155301512	0
4	690	330.239253729269	0
4	694	332.236906822105	0
4	698	333.676289208444	0
4	702	333.862910360603	0
4	714	343.015352952626	0
4	718	344.935009271318	0
4	724	346.803645755936	0
4	730	348.22986912947	0
4	734	348.714363212218	0
4	744	352.499333003365	0
4	750	356.800278235283	0
4	756	360.20076355706	0
4	762	370.503337459775	0
4	768	377.636925774976	0
4	774	381.260034551544	0
4	780	388.151645828315	0
4	786	392.386176835541	0
4	792	398.96316906512	0
4	796	399.362048474065	0
4	802	403.190809928589	0
4	810	407.577260082664	0
4	816	409.140218482621	0
4	820	409.94079980276	0
4	824	410.32119968415	0
4	832	413.315620007556	0
4	840	417.707358519268	0
4	846	427.953270846071	0
4	852	431.061402383601	0
4	858	432.580312678112	0
4	864	436.216821501964	0
4	870	439.024083221252	0
4	874	441.042954919559	0
4	880	443.784435374131	0
4	886	444.686009563555	0
4	894	451.389659489471	0
4	898	452.92534816861	0
4	904	456.311098469927	0
4	912	462.222775500484	0
4	916	465.012403133017	0
4	920	466.160924318301	0
4	930	476.642584556284	0
4	936	482.982074962675	0
4	942	493.167681982698	0
4	948	495.844798246384	0
4	952	499.53862347958	0
4	958	500.885410008512	0
4	964	508.107717671594	0
4	972	512.8132313491	0
4	976	513.452404922111	0
4	982	515.898568664647	0
4	988	518.877671489812	0
4	994	520.232388007152	0
4	1002	521.536826563635	0
4	1008	523.854730370563	0
4	1014	529.138359547557	0
4	1020	532.345542756656	0
4	1024	534.234432713202	0
4	1032	550.011854575634	0
4	1036	550.465744398909	0
4	1044	557.212225729941	0
4	1050	557.508734982952	0
4	1056	563.022437046373	0
4	1062	564.532124917168	0
4	1066	569.34913468279	0
4	1072	571.539358246526	0
4	1076	575.256358442888	0
4	1086	581.784025872023	0
4	1090	584.768471374136	0
4	1098	589.627491907621	0
4	1104	595.217486503061	0
4	1108	597.101182328176	0
4	1114	597.678266744492	0
4	1118	598.040101345732	0
4	1122	599.550751295849	0
4	1132	604.416044041192	0
4	1138	606.440490876903	0
4	1146	613.168624693784	0
4	1152	616.913608549417	0
4	1156	624.361432486152	0
4	1164	630.681388227471	0
4	1170	634.248695170292	0
4	1176	634.824581103606	0
4	1180	634.856678619	0
4	1184	634.960329885269	0
4	1194	643.954064455788	0
4	1198	644.084771835887	0
4	1202	644.225466944517	0
4	1210	651.886298240645	0
4	1218	661.67474702075	0
4	1222	662.402681191329	0
4	1230	665.648671583841	0
4	1234	667.465141632384	0
4	1240	673.76703193877	0
4	1248	680.689501314657	0
4	1254	684.448649839356	0
4	1258	684.557502928708	0
4	1262	685.588270978662	0
4	1272	690.785535620658	0
4	1278	693.830157989336	0
4	1284	699.795726390964	0
4	1288	700.379631885944	0
4	1296	703.627061458695	0
4	1300	703.643330891684	0
4	1304	703.72987380363	0
4	1308	704.709167557904	0
4	1318	711.444066404512	0
4	1324	713.022749908666	0
4	1328	713.396249053453	0
4	1334	714.098475351613	0
4	1338	715.289719476516	0
4	1348	716.015950006901	0
4	1352	716.297955549319	0
4	1362	723.627763398352	0
4	1366	723.733302731272	0
4	1372	724.296083234246	0
4	1376	725.289210248198	0
4	1382	725.528982363904	0
4	1390	727.584508613249	0
4	1398	728.576834035406	0
4	1402	728.764461054357	0
4	1406	729.47220537854	0
4	1416	735.898773974341	0
4	1420	736.811787467304	0
4	1424	737.288184819572	0
4	1428	737.751883740784	0
4	1438	746.843245171283	0
4	1444	750.521013413797	0
4	1450	751.560110380955	0
4	1458	755.517864159988	0
4	1464	762.461065376584	0
4	1468	762.547368736655	0
4	1474	763.77070850977	0
4	1480	767.074617940162	0
4	1488	769.477434883211	0
4	1494	771.867416657308	0
4	1500	780.409637511399	0
4	1504	781.135914785297	0
4	1512	789.930490804782	0
4	1518	796.080395386611	0
4	1524	798.851030966303	0
4	1530	801.689427686784	0
4	1534	805.111523816674	0
4	1542	816.300725577706	0
4	1548	822.435478069599	0
4	1552	823.01255097237	0
4	1556	823.875644482658	0
4	1564	827.229198070844	0
4	1570	827.979573518475	0
4	1576	830.638480080085	0
4	1582	832.322273583091	0
4	1590	837.848039212818	0
4	1596	849.585680210011	0
4	1602	853.663489242459	0
4	1606	853.714127893142	0
4	1614	857.248122150334	0
4	1620	860.131777544562	0
4	1626	869.679262740936	0
4	1630	870.926623846615	0
4	1636	873.790961582142	0
4	1644	878.760951457908	0
4	1648	880.169615357735	0
4	1652	882.759696977632	0
4	1660	883.708702119492	0
4	1668	887.397076819815	0
4	1672	888.447074836631	0
4	1680	892.008754807488	0
4	1686	896.585764580837	0
4	1692	897.627875729733	0
4	1696	897.768958917884	0
4	1700	899.142561981473	0
4	1704	902.150403397638	0
4	1716	905.378284580221	0
4	1720	906.775358723882	0
4	1728	909.267381237696	0
4	1734	917.656388366732	0
4	1738	923.930710750006	0
4	1746	925.286798826062	0
4	1752	934.175590644964	0
4	1756	934.315192136342	0
4	1764	940.870064594473	0
4	1770	947.516757934022	0
4	1774	948.868413038062	0
4	1778	950.470302318986	0
4	1788	955.150917300141	0
4	1792	955.44694482648	0
4	1798	957.739221382496	0
4	1806	961.004713594137	0
4	1812	963.538390412014	0
4	1818	967.408520703669	0
4	1822	967.708855162955	0
4	1828	968.220219634305	0
4	1836	970.534303212881	0
4	1842	973.456625477898	0
4	1848	980.221145676872	0
4	1854	982.844866179644	0
4	1858	987.031775507322	0
4	1864	989.039537271342	0
4	1872	992.060598851165	0
4	1878	995.737991461525	0
5	290	105.368173364734	1
5	291	106.177973607404	0
5	296	107.808301995695	1
5	297	113.654300063547	0
5	302	115.965862767319	1
5	306	119.306229762193	2
5	310	119.61697076711	3
5	314	119.831708836438	4
5	315	119.840040562737	3
5	317	120.670012583353	2
5	319	120.847614426323	1
5	321	122.343407183449	0
5	326	130.951396982358	1
5	330	133.339543646039	2
5	331	133.455465554003	1
5	336	133.471421611018	2
5	337	134.808510688986	1
5	342	135.473875891822	2
5	343	137.271532691379	1
5	345	138.654350337174	0
5	350	143.612469320336	1
5	351	147.694217932687	0
5	356	148.54511136884	1
5	360	153.261559055485	2
5	361	153.65824545412	1
5	366	154.328992216212	2
5	367	155.861050040944	1
5	369	158.318790440153	0
5	374	158.348682178185	1
5	375	160.766740911401	0
5	380	163.443860448854	1
5	384	163.593659146961	2
5	388	165.293276912884	3
5	389	165.381899581871	2
5	391	165.692281995768	1
5	393	166.783832613513	0
5	398	172.752612531029	1
5	402	178.570226703872	2
5	403	178.683696654591	1
5	408	182.168869415031	2
5	409	182.743879102958	1
5	411	183.93690426202	0
5	416	184.900192789747	1
5	420	185.952012154274	2
5	421	186.354233297299	1
5	423	188.059789008287	0
5	428	188.437602444243	1
5	429	189.826766439733	0
5	434	190.037467460737	1
5	438	190.163696433795	2
5	442	192.74480626033	3
5	443	192.759360729417	2
5	445	194.226523256267	1
5	447	194.602790224095	0
5	452	196.496854841897	1
5	453	199.562191637785	0
5	458	199.85845023027	1
5	459	201.515928337549	0
5	464	201.671401885639	1
5	465	202.587694994925	0
5	470	203.021013009794	1
5	471	203.961939230535	0
5	476	212.831638658546	1
5	477	212.841255156908	0
5	482	228.132420012041	1
5	483	230.056271189927	0
5	488	231.469233994937	1
5	489	233.800610155912	0
5	494	239.024164307292	1
5	498	243.821431965677	2
5	499	243.991020095035	1
5	501	245.229771240174	0
5	506	253.60370140764	1
5	510	255.045852920332	2
5	514	255.381415030578	3
5	518	255.388915549004	4
5	519	256.754924947703	3
5	524	257.084967055361	4
5	525	257.108743865271	3
5	527	258.601361841759	2
5	532	258.970548160471	3
5	533	259.426809031152	2
5	535	260.274581994449	1
5	540	261.949124042814	2
5	544	262.599186245502	3
5	548	265.368791756984	4
5	549	265.861621578117	3
5	551	266.493369483771	2
5	556	267.631494151211	3
5	560	267.690232542635	4
5	561	267.733081892865	3
5	563	268.045829358328	2
5	568	268.369107727701	3
5	569	268.920228386386	2
5	571	269.099483274658	1
5	576	270.631468188729	2
5	577	270.953278571873	1
5	579	273.926225712877	0
5	584	285.576186713272	1
5	585	286.556351643487	0
5	590	288.29048803381	1
5	591	288.546527357798	0
5	596	293.825461270774	1
5	600	295.704847503235	2
5	604	296.28126412233	3
5	605	296.98208938108	2
5	610	298.280358115746	3
5	614	298.558485504119	4
5	615	300.248568725671	3
5	617	300.977926440598	2
5	619	302.500708396739	1
5	624	307.918923090299	2
5	628	309.508135224183	3
5	629	310.512707537884	2
5	634	311.151562157181	3
5	638	311.16567303721	4
5	642	312.047328734689	5
5	643	313.110466483855	4
5	645	313.238008454391	3
5	647	313.755041496977	2
5	652	315.600328612012	3
5	656	315.880849321362	4
5	657	316.576810570815	3
5	659	316.779048414949	2
5	661	317.567195074534	1
5	666	318.907080924582	2
5	667	319.628289829792	1
5	669	320.325700047312	0
5	674	320.888982063998	1
5	678	321.176142855007	2
5	679	321.342769816987	1
5	684	323.616155301512	2
5	685	323.70942481627	1
5	687	323.7620617088	0
5	692	330.239253729269	1
5	696	332.236906822105	2
5	700	333.676289208444	3
5	704	333.862910360603	4
5	705	336.413680784246	3
5	707	336.833082847472	2
5	709	337.063786666445	1
5	711	339.594058155086	0
5	716	343.015352952626	1
5	720	344.935009271318	2
5	721	346.669274619204	1
5	726	346.803645755936	2
5	727	346.822527135088	1
5	732	348.22986912947	2
5	736	348.714363212218	3
5	737	349.614536928235	2
5	739	350.382641340572	1
5	741	350.737077909212	0
5	746	352.499333003365	1
5	747	355.667319755018	0
5	752	356.800278235283	1
5	753	357.011953235551	0
5	758	360.20076355706	1
5	759	362.49614295813	0
5	764	370.503337459775	1
5	765	374.476319848888	0
5	770	377.636925774976	1
5	771	379.307126266251	0
5	776	381.260034551544	1
5	777	384.41812403851	0
5	782	388.151645828315	1
5	783	390.727810470791	0
5	788	392.386176835541	1
5	789	393.322878568564	0
5	794	398.96316906512	1
5	798	399.362048474065	2
5	799	399.895299341762	1
5	804	403.190809928589	2
5	805	404.641325407702	1
5	807	405.611516962298	0
5	812	407.577260082664	1
5	813	407.698499213161	0
5	818	409.140218482621	1
5	822	409.94079980276	2
5	826	410.32119968415	3
5	827	411.017671161206	2
5	829	412.947947191675	1
5	834	413.315620007556	2
5	835	415.997664923226	1
5	837	416.01652409126	0
5	842	417.707358519268	1
5	843	418.641771937588	0
5	848	427.953270846071	1
5	849	429.141101045379	0
5	854	431.061402383601	1
5	855	431.339102871423	0
5	860	432.580312678112	1
5	861	435.635368213344	0
5	866	436.216821501964	1
5	867	438.786717684696	0
5	872	439.024083221252	1
5	876	441.042954919559	2
5	877	442.579608285707	1
5	882	443.784435374131	2
5	883	444.495929806859	1
5	888	444.686009563555	2
5	889	447.300510332701	1
5	891	451.179626656391	0
5	896	451.389659489471	1
5	900	452.92534816861	2
5	901	453.160275487226	1
5	906	456.311098469927	2
5	907	457.957031678274	1
5	909	460.205213621754	0
5	914	462.222775500484	1
5	918	465.012403133017	2
5	922	466.160924318301	3
5	923	466.345723525156	2
5	925	468.987656465014	1
5	927	470.485459281087	0
5	932	476.642584556284	1
5	933	476.843831072229	0
5	938	482.982074962675	1
5	939	484.092798728615	0
5	944	493.167681982698	1
5	945	493.265036066021	0
5	950	495.844798246384	1
5	954	499.53862347958	2
5	955	500.697949555641	1
5	960	500.885410008512	2
5	961	503.88680428946	1
5	966	508.107717671594	2
5	967	508.383871986813	1
5	969	508.487572234653	0
5	974	512.8132313491	1
5	978	513.452404922111	2
5	979	514.707937229926	1
5	984	515.898568664647	2
5	985	516.759681632082	1
5	990	518.877671489812	2
5	991	519.801197791686	1
5	996	520.232388007152	2
5	997	520.423428115849	1
5	999	520.896948965315	0
5	1004	521.536826563635	1
5	1005	522.067519613805	0
5	1010	523.854730370563	1
5	1011	524.000194454509	0
5	1016	529.138359547557	1
5	1017	530.323639155939	0
5	1022	532.345542756656	1
5	1026	534.234432713202	2
5	1027	537.543984327692	1
5	1029	542.008819691716	0
5	1034	550.011854575634	1
5	1038	550.465744398909	2
5	1039	551.040172379496	1
5	1041	553.242130431945	0
5	1046	557.212225729941	1
5	1047	557.218013450654	0
5	1052	557.508734982952	1
5	1053	558.249858774516	0
5	1058	563.022437046373	1
5	1059	563.678549447087	0
5	1064	564.532124917168	1
5	1068	569.34913468279	2
5	1069	569.9222993469	1
5	1074	571.539358246526	2
5	1078	575.256358442888	3
5	1079	576.623985021042	2
5	1081	577.941221894078	1
5	1083	581.576419466959	0
5	1088	581.784025872023	1
5	1092	584.768471374136	2
5	1093	585.226807807865	1
5	1095	585.685475923098	0
5	1100	589.627491907621	1
5	1101	589.990325295668	0
5	1106	595.217486503061	1
5	1110	597.101182328176	2
5	1111	597.383407698313	1
5	1116	597.678266744492	2
5	1120	598.040101345732	3
5	1124	599.550751295849	4
5	1125	600.708259393412	3
5	1127	600.993180762144	2
5	1129	603.128924331553	1
5	1134	604.416044041192	2
5	1135	605.289207222383	1
5	1140	606.440490876903	2
5	1141	607.889184729538	1
5	1143	609.477143156439	0
5	1148	613.168624693784	1
5	1149	614.02859909471	0
5	1154	616.913608549417	1
5	1158	624.361432486152	2
5	1159	624.541827171414	1
5	1161	628.395278232264	0
5	1166	630.681388227471	1
5	1167	631.880600729532	0
5	1172	634.248695170292	1
5	1173	634.482421455516	0
5	1178	634.824581103606	1
5	1182	634.856678619	2
5	1186	634.960329885269	3
5	1187	635.238832086618	2
5	1189	635.42509275113	1
5	1191	635.791768733607	0
5	1196	643.954064455788	1
5	1200	644.084771835887	2
5	1204	644.225466944517	3
5	1205	645.182727456101	2
5	1207	646.122954785866	1
5	1212	651.886298240645	2
5	1213	652.878753505183	1
5	1215	653.895365983322	0
5	1220	661.67474702075	1
5	1224	662.402681191329	2
5	1225	664.153320717493	1
5	1227	664.368463932293	0
5	1232	665.648671583841	1
5	1236	667.465141632384	2
5	1237	673.133944824177	1
5	1242	673.76703193877	2
5	1243	676.115607556607	1
5	1245	678.762053831192	0
5	1250	680.689501314657	1
5	1251	680.905987003621	0
5	1256	684.448649839356	1
5	1260	684.557502928708	2
5	1264	685.588270978662	3
5	1265	686.260470601932	2
5	1267	686.540948108462	1
5	1269	687.199212433759	0
5	1274	690.785535620658	1
5	1275	691.659138805291	0
5	1280	693.830157989336	1
5	1281	698.685035469492	0
5	1286	699.795726390964	1
5	1290	700.379631885944	2
5	1291	700.703058654632	1
5	1293	701.231313436687	0
5	1298	703.627061458695	1
5	1302	703.643330891684	2
5	1306	703.72987380363	3
5	1310	704.709167557904	4
5	1311	705.149352254258	3
5	1313	705.355960069691	2
5	1315	709.978272193268	1
5	1320	711.444066404512	2
5	1321	712.7398933236	1
5	1326	713.022749908666	2
5	1330	713.396249053453	3
5	1331	713.516617316864	2
5	1336	714.098475351613	3
5	1340	715.289719476516	4
5	1341	715.366193520286	3
5	1343	715.688596853798	2
5	1345	715.754279483992	1
5	1350	716.015950006901	2
5	1354	716.297955549319	3
5	1355	716.520909451504	2
5	1357	718.363810515598	1
5	1359	718.881019250169	0
5	1364	723.627763398352	1
5	1368	723.733302731272	2
5	1369	724.20782117628	1
5	1374	724.296083234246	2
5	1378	725.289210248198	3
5	1379	725.445569971677	2
5	1384	725.528982363904	3
5	1385	725.778771807172	2
5	1387	727.338003337869	1
5	1392	727.584508613249	2
5	1393	728.137125047218	1
5	1395	728.335624291253	0
5	1400	728.576834035406	1
5	1404	728.764461054357	2
5	1408	729.47220537854	3
5	1409	731.617154592742	2
5	1411	733.518920914707	1
5	1413	735.085724250157	0
5	1418	735.898773974341	1
5	1422	736.811787467304	2
5	1426	737.288184819572	3
5	1430	737.751883740784	4
5	1431	738.286901986939	3
5	1433	739.511575810719	2
5	1435	743.70619243364	1
5	1440	746.843245171283	2
5	1441	748.487177044497	1
5	1446	750.521013413797	2
5	1447	750.576208737495	1
5	1452	751.560110380955	2
5	1453	751.650420721921	1
5	1455	752.644846477907	0
5	1460	755.517864159988	1
5	1461	758.10869564757	0
5	1466	762.461065376584	1
5	1470	762.547368736655	2
5	1471	762.662833612361	1
5	1476	763.77070850977	2
5	1477	764.732665345581	1
5	1482	767.074617940162	2
5	1483	767.761084298496	1
5	1485	768.647206509189	0
5	1490	769.477434883211	1
5	1491	770.533300177485	0
5	1496	771.867416657308	1
5	1497	772.069355701226	0
5	1502	780.409637511399	1
5	1506	781.135914785297	2
5	1507	782.554502211049	1
5	1509	784.024776411097	0
5	1514	789.930490804782	1
5	1515	794.697278602588	0
5	1520	796.080395386611	1
5	1521	796.944459389	0
5	1526	798.851030966303	1
5	1527	801.302577139342	0
5	1532	801.689427686784	1
5	1536	805.111523816674	2
5	1537	808.202152374595	1
5	1539	811.036145835056	0
5	1544	816.300725577706	1
5	1545	821.066759928937	0
5	1550	822.435478069599	1
5	1554	823.01255097237	2
5	1558	823.875644482658	3
5	1559	824.603282365983	2
5	1561	825.076425898066	1
5	1566	827.229198070844	2
5	1567	827.374454676581	1
5	1572	827.979573518475	2
5	1573	829.028109007725	1
5	1578	830.638480080085	2
5	1579	831.143346265512	1
5	1584	832.322273583091	2
5	1585	833.529785825494	1
5	1587	833.676834900571	0
5	1592	837.848039212818	1
5	1593	839.304112370535	0
5	1598	849.585680210011	1
5	1599	850.728354413681	0
5	1604	853.663489242459	1
5	1608	853.714127893142	2
5	1609	854.327017307616	1
5	1611	856.005839888801	0
5	1616	857.248122150334	1
5	1617	858.933216286975	0
5	1622	860.131777544562	1
5	1623	861.169005244633	0
5	1628	869.679262740936	1
5	1632	870.926623846615	2
5	1633	870.98419140167	1
5	1638	873.790961582142	2
5	1639	874.616351328215	1
5	1641	878.306574313138	0
5	1646	878.760951457908	1
5	1650	880.169615357735	2
5	1654	882.759696977632	3
5	1655	883.056862374871	2
5	1657	883.347865764966	1
5	1662	883.708702119492	2
5	1663	885.007044549084	1
5	1665	886.135760335064	0
5	1670	887.397076819815	1
5	1674	888.447074836631	2
5	1675	889.130203049398	1
5	1677	889.257925960906	0
5	1682	892.008754807488	1
5	1683	892.816257573971	0
5	1688	896.585764580837	1
5	1689	896.601801380073	0
5	1694	897.627875729733	1
5	1698	897.768958917884	2
5	1702	899.142561981473	3
5	1706	902.150403397638	4
5	1707	902.937985436618	3
5	1709	902.999589049733	2
5	1711	904.190614325561	1
5	1713	904.654091188645	0
5	1718	905.378284580221	1
5	1722	906.775358723882	2
5	1723	907.840653892709	1
5	1725	908.370828004872	0
5	1730	909.267381237696	1
5	1731	909.27644097355	0
5	1736	917.656388366732	1
5	1740	923.930710750006	2
5	1741	924.679727338506	1
5	1743	924.944208830036	0
5	1748	925.286798826062	1
5	1749	927.255491232412	0
5	1754	934.175590644964	1
5	1758	934.315192136342	2
5	1759	934.822289756782	1
5	1761	939.584465746422	0
5	1766	940.870064594473	1
5	1767	943.485178697984	0
5	1772	947.516757934022	1
5	1776	948.868413038062	2
5	1780	950.470302318986	3
5	1781	951.038211618527	2
5	1783	951.8535626042	1
5	1785	953.654957890164	0
5	1790	955.150917300141	1
5	1794	955.44694482648	2
5	1795	957.68340784059	1
5	1800	957.739221382496	2
5	1801	960.961485928632	1
5	1803	961.003830929142	0
5	1808	961.004713594137	1
5	1809	961.508046214805	0
5	1814	963.538390412014	1
5	1815	964.666532085618	0
5	1820	967.408520703669	1
5	1824	967.708855162955	2
5	1825	968.187127234116	1
5	1830	968.220219634305	2
5	1831	968.447335221345	1
5	1833	970.179655377699	0
5	1838	970.534303212881	1
5	1839	970.666959928048	0
5	1844	973.456625477898	1
5	1845	975.767881216601	0
5	1850	980.221145676872	1
5	1851	981.836692484798	0
5	1856	982.844866179644	1
5	1860	987.031775507322	2
5	1861	988.350692619961	1
5	1866	989.039537271342	2
5	1867	989.09526310926	1
5	1869	989.504476577549	0
5	1874	992.060598851165	1
5	1875	993.606016157363	0
5	1880	995.737991461525	1
5	1881	998.322670745367	0

