version 3
run General-17-20221103-10:28:22-6760
attr configname General
attr datetime 20221103-10:28:22
attr datetimef 20221103-102822
attr experiment General
attr inifile block.ini
attr iterationvars "$0=3, $1=10"
attr iterationvarsd 3/10
attr iterationvarsf 3,10-
attr measurement "$0=3, $1=10"
attr network Block
attr processid 6760
attr repetition 2
attr replication #2
attr resultdir results
attr runnumber 17
attr seedset 17
config network Block
config repeat 5
config sim-time-limit 1000s
config warmup-period 100s
config **.alloca.resourceModuleName "\"risorse\""
config **.dealloca.resourceModuleName "\"risorse\""
config **.is.delay exponential(3s)
config **.servente.serviceTime exponential(3s)
config **.dealloca.resourceAmount 2
config **.alloca.resourceAmount 2
config **.risorse.amount 6
config **.sorgente.numJobs (10)
config **.result-recording-modes all

vector 0 Block.servente queueLength:vector ETV
attr interpolationmode sample-hold
attr recordingmode vector
attr title "queue length"
vector 1 Block.servente queueingTime:vector ETV
attr interpolationmode none
attr recordingmode vector
attr title "queueing time at dequeue"
attr unit s
vector 2 Block.alloca queueLength:vector ETV
attr interpolationmode sample-hold
attr recordingmode vector
attr title "queue length"
vector 3 Block.alloca queueingTime:vector ETV
attr interpolationmode none
attr recordingmode vector
attr title "queueing time at dequeue"
attr unit s
vector 4 Block.risorse amount:vector ETV
attr interpolationmode sample-hold
attr recordingmode vector
attr title "available resource"
vector 5 Block.is delayedJobs:vector ETV
attr interpolationmode sample-hold
attr recordingmode vector
attr title "number of delayed jobs"
0	299	101.338150892282	1
0	301	101.338150892282	2
0	305	107.032328714768	1
0	307	107.032328714768	2
0	311	107.821748422506	1
0	313	107.821748422506	2
0	317	113.105893043003	1
0	319	113.105893043003	2
0	321	114.126185230521	1
0	323	114.126185230521	2
0	329	123.252660890966	1
0	331	123.252660890966	2
0	333	124.506610302998	1
0	335	124.506610302998	2
0	341	126.707283282551	1
0	343	126.707283282551	2
0	345	134.387920529434	1
0	347	134.387920529434	2
0	349	134.420180276533	1
0	351	134.420180276533	2
0	355	135.816637906525	1
0	357	135.816637906525	2
0	365	140.377959516987	1
0	367	140.377959516987	2
0	369	142.473874447187	1
0	371	142.473874447187	2
0	373	142.657649656115	1
0	375	142.657649656115	2
0	381	143.424738920785	1
0	383	143.424738920785	2
0	389	152.885600138177	1
0	391	152.885600138177	2
0	395	153.425322267394	1
0	397	153.425322267394	2
0	399	154.746075625554	1
0	401	154.746075625554	2
0	407	166.03058783945	1
0	409	166.03058783945	2
0	411	167.831688538238	1
0	413	167.831688538238	2
0	415	171.13190438652	1
0	417	171.13190438652	2
0	423	172.630027884287	1
0	425	172.630027884287	2
0	431	175.778214862679	1
0	433	175.778214862679	2
0	437	179.652840945396	1
0	439	179.652840945396	2
0	443	186.978353938898	1
0	445	186.978353938898	2
0	449	187.924760979084	1
0	451	187.924760979084	2
0	453	189.420267681391	1
0	455	189.420267681391	2
0	459	192.790725646079	1
0	461	192.790725646079	2
0	463	194.803086827576	1
0	465	194.803086827576	2
0	471	197.032600561955	1
0	473	197.032600561955	2
0	475	198.239851196097	1
0	477	198.239851196097	2
0	485	207.821721041114	1
0	487	207.821721041114	2
0	489	208.608425207813	1
0	491	208.608425207813	2
0	497	212.90778482789	1
0	499	212.90778482789	2
0	503	213.427767637103	1
0	505	213.427767637103	2
0	509	225.260546652791	1
0	511	225.260546652791	2
0	513	226.125071133327	1
0	515	226.125071133327	2
0	517	226.642336947767	1
0	519	226.642336947767	2
0	525	228.974713327315	1
0	527	228.974713327315	2
0	531	229.457244097247	1
0	533	229.457244097247	2
0	537	232.281120447132	1
0	539	232.281120447132	2
0	543	234.800937979497	1
0	545	234.800937979497	2
0	551	240.449319282524	1
0	553	240.449319282524	2
0	555	240.502290422179	1
0	557	240.502290422179	2
0	559	241.864595076337	1
0	561	241.864595076337	2
0	565	244.784806769862	1
0	567	244.784806769862	2
0	571	245.5671586087	1
0	573	245.5671586087	2
0	577	247.439536206751	1
0	579	247.439536206751	2
0	581	249.670513781492	1
0	583	249.670513781492	2
0	589	253.10735084383	1
0	591	253.10735084383	2
0	593	253.506764707566	1
0	595	253.506764707566	2
0	601	255.005511672641	1
0	603	255.005511672641	2
0	605	255.446670978187	1
0	607	255.446670978187	2
0	611	257.321650956724	1
0	613	257.321650956724	2
0	621	259.414723060414	1
0	623	259.414723060414	2
0	625	259.840566910692	1
0	627	259.840566910692	2
0	635	268.05906462537	1
0	637	268.05906462537	2
0	641	270.802274282531	1
0	643	270.802274282531	2
0	647	273.224006920447	1
0	649	273.224006920447	2
0	653	283.216634392818	1
0	655	283.216634392818	2
0	657	283.712220738347	1
0	659	283.712220738347	2
0	661	285.268082465097	1
0	663	285.268082465097	2
0	669	287.707730776496	1
0	671	287.707730776496	2
0	673	288.743285061966	1
0	675	288.743285061966	2
0	681	291.98191107056	1
0	683	291.98191107056	2
0	687	294.606493999484	1
0	689	294.606493999484	2
0	695	304.051328210714	1
0	697	304.051328210714	2
0	699	307.293494662044	1
0	701	307.293494662044	2
0	707	322.042867535843	1
0	709	322.042867535843	2
0	713	323.813261130098	1
0	715	323.813261130098	2
0	717	323.966809241469	1
0	719	323.966809241469	2
0	721	324.359717009485	1
0	723	324.359717009485	2
0	725	325.831685041136	1
0	727	325.831685041136	2
0	733	328.007348573639	1
0	735	328.007348573639	2
0	739	329.557748854858	1
0	741	329.557748854858	2
0	749	335.12484036429	1
0	751	335.12484036429	2
0	755	349.715170818027	1
0	757	349.715170818027	2
0	761	351.449644488294	1
0	763	351.449644488294	2
0	767	359.834700795258	1
0	769	359.834700795258	2
0	773	367.246218533445	1
0	775	367.246218533445	2
0	777	367.532288357618	1
0	779	367.532288357618	2
0	781	367.808963920655	1
0	783	367.808963920655	2
0	789	371.862890078783	1
0	791	371.862890078783	2
0	793	371.989656335254	1
0	795	371.989656335254	2
0	797	375.43488568995	1
0	799	375.43488568995	2
0	809	384.854390757754	1
0	811	384.854390757754	2
0	813	386.643541510528	1
0	815	386.643541510528	2
0	817	388.152054207872	1
0	819	388.152054207872	2
0	825	391.668238793259	1
0	827	391.668238793259	2
0	833	395.266081206103	1
0	835	395.266081206103	2
0	839	398.055756963125	1
0	841	398.055756963125	2
0	845	406.669256806922	1
0	847	406.669256806922	2
0	849	408.057304509756	1
0	851	408.057304509756	2
0	853	408.137121745533	1
0	855	408.137121745533	2
0	857	408.682328817743	1
0	859	408.682328817743	2
0	869	411.127984730146	1
0	871	411.127984730146	2
0	875	412.884420459952	1
0	877	412.884420459952	2
0	881	436.043554714379	1
0	883	436.043554714379	2
0	885	437.19046503162	1
0	887	437.19046503162	2
0	893	444.459145199137	1
0	895	444.459145199137	2
0	899	450.414875318789	1
0	901	450.414875318789	2
0	905	454.749159250611	1
0	907	454.749159250611	2
0	909	455.360630572539	1
0	911	455.360630572539	2
0	915	456.659706506309	1
0	917	456.659706506309	2
0	919	456.708548852651	1
0	921	456.708548852651	2
0	927	460.408832641336	1
0	929	460.408832641336	2
0	933	461.559928933091	1
0	935	461.559928933091	2
0	941	464.56260170659	1
0	943	464.56260170659	2
0	945	468.60467021006	1
0	947	468.60467021006	2
0	949	469.166016321219	1
0	951	469.166016321219	2
0	957	475.013341373077	1
0	959	475.013341373077	2
0	963	476.677450297354	1
0	965	476.677450297354	2
0	967	478.36501216511	1
0	969	478.36501216511	2
0	973	482.618529158505	1
0	975	482.618529158505	2
0	977	482.748556545618	1
0	979	482.748556545618	2
0	987	485.265496782524	1
0	989	485.265496782524	2
0	993	485.75428086247	1
0	995	485.75428086247	2
0	997	487.358309921134	1
0	999	487.358309921134	2
0	1001	492.156136620827	1
0	1003	492.156136620827	2
0	1005	492.174699026854	1
0	1007	492.174699026854	2
0	1013	492.825368075816	1
0	1015	492.825368075816	2
0	1023	495.655868215224	1
0	1025	495.655868215224	2
0	1029	498.570200402043	1
0	1031	498.570200402043	2
0	1035	498.77451553003	1
0	1037	498.77451553003	2
0	1043	505.289449436772	1
0	1045	505.289449436772	2
0	1049	507.858126964046	1
0	1051	507.858126964046	2
0	1053	510.712039266333	1
0	1055	510.712039266333	2
0	1059	513.43323132485	1
0	1061	513.43323132485	2
0	1065	514.798512158468	1
0	1067	514.798512158468	2
0	1069	515.255510134535	1
0	1071	515.255510134535	2
0	1077	517.780485182905	1
0	1079	517.780485182905	2
0	1081	518.065773743376	1
0	1083	518.065773743376	2
0	1087	519.367730543427	1
0	1089	519.367730543427	2
0	1097	521.85084035897	1
0	1099	521.85084035897	2
0	1103	527.840021201659	1
0	1105	527.840021201659	2
0	1107	529.392515840326	1
0	1109	529.392515840326	2
0	1113	530.23845974591	1
0	1115	530.23845974591	2
0	1121	534.350758846725	1
0	1123	534.350758846725	2
0	1125	535.020602800443	1
0	1127	535.020602800443	2
0	1129	535.446969468126	1
0	1131	535.446969468126	2
0	1133	535.586244424128	1
0	1135	535.586244424128	2
0	1143	541.97607049955	1
0	1145	541.97607049955	2
0	1151	548.692968381664	1
0	1153	548.692968381664	2
0	1157	549.911265098437	1
0	1159	549.911265098437	2
0	1161	551.151050971714	1
0	1163	551.151050971714	2
0	1165	551.522085026599	1
0	1167	551.522085026599	2
0	1171	552.471651141913	1
0	1173	552.471651141913	2
0	1181	565.203314748356	1
0	1183	565.203314748356	2
0	1185	568.447703794844	1
0	1187	568.447703794844	2
0	1191	569.450509219113	1
0	1193	569.450509219113	2
0	1197	574.925466322652	1
0	1199	574.925466322652	2
0	1205	585.739825674099	1
0	1207	585.739825674099	2
0	1209	586.0235273201	1
0	1211	586.0235273201	2
0	1213	586.442847660888	1
0	1215	586.442847660888	2
0	1219	587.883748857078	1
0	1221	587.883748857078	2
0	1223	590.92936902158	1
0	1225	590.92936902158	2
0	1227	591.216809001538	1
0	1229	591.216809001538	2
0	1231	591.641623187625	1
0	1233	591.641623187625	2
0	1241	593.901987630508	1
0	1243	593.901987630508	2
0	1245	594.337828111061	1
0	1247	594.337828111061	2
0	1249	595.310045335449	1
0	1251	595.310045335449	2
0	1253	595.323881899517	1
0	1255	595.323881899517	2
0	1265	597.01718458575	1
0	1267	597.01718458575	2
0	1269	597.814891776068	1
0	1271	597.814891776068	2
0	1273	597.820711915682	1
0	1275	597.820711915682	2
0	1283	602.914767246797	1
0	1285	602.914767246797	2
0	1295	605.797031481574	1
0	1297	605.797031481574	2
0	1301	611.316611851138	1
0	1303	611.316611851138	2
0	1307	612.431007082186	1
0	1309	612.431007082186	2
0	1311	617.965089450258	1
0	1313	617.965089450258	2
0	1317	618.623156888031	1
0	1319	618.623156888031	2
0	1323	620.783304000607	1
0	1325	620.783304000607	2
0	1329	623.120452756058	1
0	1331	623.120452756058	2
0	1335	624.327876412199	1
0	1337	624.327876412199	2
0	1341	627.056556556049	1
0	1343	627.056556556049	2
0	1345	628.454185074689	1
0	1347	628.454185074689	2
0	1353	632.723797360961	1
0	1355	632.723797360961	2
0	1361	637.126893663248	1
0	1363	637.126893663248	2
0	1365	639.784555044664	1
0	1367	639.784555044664	2
0	1371	640.589837539554	1
0	1373	640.589837539554	2
0	1377	643.363201936575	1
0	1379	643.363201936575	2
0	1385	646.233812431205	1
0	1387	646.233812431205	2
0	1391	653.901769261606	1
0	1393	653.901769261606	2
0	1397	664.260471116409	1
0	1399	664.260471116409	2
0	1403	666.887898457716	1
0	1405	666.887898457716	2
0	1409	681.864667448264	1
0	1411	681.864667448264	2
0	1415	684.40997176323	1
0	1417	684.40997176323	2
0	1419	684.551068326603	1
0	1421	684.551068326603	2
0	1425	685.832202696618	1
0	1427	685.832202696618	2
0	1433	690.228520336063	1
0	1435	690.228520336063	2
0	1439	693.461083031474	1
0	1441	693.461083031474	2
0	1443	693.668805930716	1
0	1445	693.668805930716	2
0	1449	698.892852263225	1
0	1451	698.892852263225	2
0	1453	699.73836545946	1
0	1455	699.73836545946	2
0	1457	700.200999720531	1
0	1459	700.200999720531	2
0	1465	702.104281272336	1
0	1467	702.104281272336	2
0	1469	702.412976106836	1
0	1471	702.412976106836	2
0	1473	703.202756345923	1
0	1475	703.202756345923	2
0	1483	708.452163541989	1
0	1485	708.452163541989	2
0	1491	715.825426728976	1
0	1493	715.825426728976	2
0	1495	717.764165430579	1
0	1497	717.764165430579	2
0	1505	723.079099430314	1
0	1507	723.079099430314	2
0	1509	724.007697906699	1
0	1511	724.007697906699	2
0	1513	724.346441693799	1
0	1515	724.346441693799	2
0	1517	724.904480287883	1
0	1519	724.904480287883	2
0	1527	727.409963958872	1
0	1529	727.409963958872	2
0	1533	729.265858182682	1
0	1535	729.265858182682	2
0	1541	739.600037603133	1
0	1543	739.600037603133	2
0	1545	740.57660028677	1
0	1547	740.57660028677	2
0	1551	744.030016202707	1
0	1553	744.030016202707	2
0	1555	744.338443692216	1
0	1557	744.338443692216	2
0	1559	748.361583647272	1
0	1561	748.361583647272	2
0	1571	758.907141848755	1
0	1573	758.907141848755	2
0	1577	764.128631227847	1
0	1579	764.128631227847	2
0	1583	776.188773991142	1
0	1585	776.188773991142	2
0	1589	780.435431701976	1
0	1591	780.435431701976	2
0	1595	782.941078638931	1
0	1597	782.941078638931	2
0	1601	786.178173254182	1
0	1603	786.178173254182	2
0	1607	789.902224529962	1
0	1609	789.902224529962	2
0	1613	796.579147927911	1
0	1615	796.579147927911	2
0	1619	800.902044809528	1
0	1621	800.902044809528	2
0	1625	805.966021185403	1
0	1627	805.966021185403	2
0	1631	808.463808175798	1
0	1633	808.463808175798	2
0	1635	808.895208692144	1
0	1637	808.895208692144	2
0	1641	812.238866041482	1
0	1643	812.238866041482	2
0	1647	821.26256217101	1
0	1649	821.26256217101	2
0	1651	822.454802582192	1
0	1653	822.454802582192	2
0	1657	825.533386018829	1
0	1659	825.533386018829	2
0	1663	826.420767827386	1
0	1665	826.420767827386	2
0	1671	828.586286861196	1
0	1673	828.586286861196	2
0	1675	830.681678603645	1
0	1677	830.681678603645	2
0	1681	830.90922415867	1
0	1683	830.90922415867	2
0	1687	834.04381228261	1
0	1689	834.04381228261	2
0	1697	844.630088711685	1
0	1699	844.630088711685	2
0	1703	848.955139955156	1
0	1705	848.955139955156	2
0	1707	853.428392563102	1
0	1709	853.428392563102	2
0	1715	863.18238805815	1
0	1717	863.18238805815	2
0	1719	867.231363399306	1
0	1721	867.231363399306	2
0	1727	869.637289581969	1
0	1729	869.637289581969	2
0	1733	872.189792205686	1
0	1735	872.189792205686	2
0	1737	876.506235469001	1
0	1739	876.506235469001	2
0	1745	880.640109566771	1
0	1747	880.640109566771	2
0	1751	882.647153709326	1
0	1753	882.647153709326	2
0	1757	884.382876328788	1
0	1759	884.382876328788	2
0	1763	886.167162682882	1
0	1765	886.167162682882	2
0	1767	888.490401797898	1
0	1769	888.490401797898	2
0	1775	895.39712608858	1
0	1777	895.39712608858	2
0	1781	897.793072510595	1
0	1783	897.793072510595	2
0	1785	898.128213369469	1
0	1787	898.128213369469	2
0	1791	899.735521142897	1
0	1793	899.735521142897	2
0	1795	901.592871878498	1
0	1797	901.592871878498	2
0	1801	904.84652196186	1
0	1803	904.84652196186	2
0	1805	906.142769041286	1
0	1807	906.142769041286	2
0	1817	916.479899520078	1
0	1819	916.479899520078	2
0	1821	917.955623060575	1
0	1823	917.955623060575	2
0	1827	919.894434555587	1
0	1829	919.894434555587	2
0	1833	921.009342192566	1
0	1835	921.009342192566	2
0	1839	922.270529588947	1
0	1841	922.270529588947	2
0	1843	924.777318314005	1
0	1845	924.777318314005	2
0	1849	926.952112454964	1
0	1851	926.952112454964	2
0	1857	931.486437838908	1
0	1859	931.486437838908	2
0	1865	937.543467606556	1
0	1867	937.543467606556	2
0	1871	939.137834638529	1
0	1873	939.137834638529	2
0	1877	946.64034929803	1
0	1879	946.64034929803	2
0	1883	948.551781905119	1
0	1885	948.551781905119	2
0	1889	950.030301252768	1
0	1891	950.030301252768	2
0	1893	954.688195648364	1
0	1895	954.688195648364	2
0	1897	955.496399805344	1
0	1899	955.496399805344	2
0	1901	956.707805604872	1
0	1903	956.707805604872	2
0	1907	957.223534532226	1
0	1909	957.223534532226	2
0	1913	957.950904496852	1
0	1915	957.950904496852	2
0	1921	959.381233542056	1
0	1923	959.381233542056	2
0	1925	960.076915863596	1
0	1927	960.076915863596	2
0	1935	965.959145907278	1
0	1937	965.959145907278	2
0	1939	966.016946191607	1
0	1941	966.016946191607	2
0	1947	970.368568024249	1
0	1949	970.368568024249	2
0	1951	970.505089529639	1
0	1953	970.505089529639	2
0	1961	975.722184296278	1
0	1963	975.722184296278	2
0	1967	979.601928039591	1
0	1969	979.601928039591	2
0	1971	979.606477150866	1
0	1973	979.606477150866	2
0	1975	979.75976507876	1
0	1977	979.75976507876	2
0	1981	981.052645901982	1
0	1983	981.052645901982	2
0	1987	981.626318143587	1
0	1989	981.626318143587	2
0	1993	982.963721973718	1
0	1995	982.963721973718	2
0	2003	987.031383123211	1
0	2005	987.031383123211	2
0	2009	989.105226039561	1
0	2011	989.105226039561	2
0	2015	992.94467894849	1
0	2017	992.94467894849	2
0	2019	994.738221527584	1
0	2021	994.738221527584	2
0	2023	998.106290844309	1
0	2025	998.106290844309	2
1	299	101.338150892282	8.263715091294
1	305	107.032328714768	13.371795792279
1	311	107.821748422506	6.483597530224
1	317	113.105893043003	6.073564328235
1	321	114.126185230521	6.304436808015
1	329	123.252660890966	10.146767847963
1	333	124.506610302998	10.380425072477
1	341	126.707283282551	3.454622391585
1	345	134.387920529434	9.881310226436
1	349	134.420180276533	7.712896993982
1	355	135.816637906525	1.428717377091
1	365	140.377959516987	5.957779240454
1	369	142.473874447187	6.657236540662
1	373	142.657649656115	2.279690139128
1	381	143.424738920785	0.950864473598
1	389	152.885600138177	10.227950482062
1	395	153.425322267394	10.000583346609
1	399	154.746075625554	1.860475487377
1	407	166.03058783945	12.605265572056
1	411	167.831688538238	13.085612912684
1	415	171.13190438652	5.10131654707
1	423	172.630027884287	4.798339346049
1	431	175.778214862679	4.646310476159
1	437	179.652840945396	7.022813061109
1	443	186.978353938898	11.200139076219
1	449	187.924760979084	8.271920033688
1	453	189.420267681391	2.441913742493
1	459	192.790725646079	4.865964666995
1	463	194.803086827576	5.382819146185
1	471	197.032600561955	4.241874915876
1	475	198.239851196097	3.436764368521
1	485	207.821721041114	10.789120479159
1	489	208.608425207813	10.368574011716
1	497	212.90778482789	5.086063786776
1	503	213.427767637103	4.81934242929
1	509	225.260546652791	12.352761824901
1	513	226.125071133327	12.697303496224
1	517	226.642336947767	1.381790294976
1	525	228.974713327315	2.849642193988
1	531	229.457244097247	2.81490714948
1	537	232.281120447132	3.306407119817
1	543	234.800937979497	5.34369388225
1	551	240.449319282524	8.168198835392
1	555	240.502290422179	5.701352442682
1	559	241.864595076337	1.415275793813
1	565	244.784806769862	4.282516347683
1	571	245.5671586087	3.702563532363
1	577	247.439536206751	2.654729436889
1	581	249.670513781492	4.103355172792
1	589	253.10735084383	5.667814637079
1	593	253.506764707566	3.836250926074
1	601	255.005511672641	1.898160828811
1	605	255.446670978187	1.939906270621
1	611	257.321650956724	2.316139284083
1	621	259.414723060414	3.968052082227
1	625	259.840566910692	2.518915953968
1	635	268.05906462537	8.644341564956
1	641	270.802274282531	10.961707371839
1	647	273.224006920447	5.164942295077
1	653	283.216634392818	12.414360110287
1	657	283.712220738347	10.4882138179
1	661	285.268082465097	2.051448072279
1	669	287.707730776496	3.995510038149
1	673	288.743285061966	3.475202596869
1	681	291.98191107056	4.274180294064
1	687	294.606493999484	5.863208937518
1	695	304.051328210714	12.069417140154
1	699	307.293494662044	12.68700066256
1	707	322.042867535843	17.991539325129
1	713	323.813261130098	16.519766468054
1	717	323.966809241469	1.923941705626
1	721	324.359717009485	0.546455879387
1	725	325.831685041136	1.864875799667
1	733	328.007348573639	3.647631564154
1	739	329.557748854858	3.726063813722
1	749	335.12484036429	7.117491790651
1	755	349.715170818027	20.157421963169
1	761	351.449644488294	16.324804124004
1	767	359.834700795258	10.119529977231
1	773	367.246218533445	15.796574045151
1	777	367.532288357618	7.69758756236
1	781	367.808963920655	0.56274538721
1	789	371.862890078783	4.330601721165
1	793	371.989656335254	4.180692414599
1	797	375.43488568995	3.571995611167
1	809	384.854390757754	12.8647344225
1	813	386.643541510528	11.208655820578
1	817	388.152054207872	3.297663450118
1	825	391.668238793259	5.024697282731
1	833	395.266081206103	7.114026998231
1	839	398.055756963125	6.387518169866
1	845	406.669256806922	11.403175600819
1	849	408.057304509756	10.001547546631
1	853	408.137121745533	1.467864938611
1	857	408.682328817743	0.625024307987
1	869	411.127984730146	2.990862984613
1	875	412.884420459952	4.202091642209
1	881	436.043554714379	24.915569984233
1	885	437.19046503162	24.306044571668
1	893	444.459145199137	8.415590484758
1	899	450.414875318789	13.224410287169
1	905	454.749159250611	10.290014051474
1	909	455.360630572539	4.94575525375
1	915	456.659706506309	1.910547255698
1	919	456.708548852651	1.347918280112
1	927	460.408832641336	3.749126135027
1	933	461.559928933091	4.85138008044
1	941	464.56260170659	4.153769065254
1	945	468.60467021006	7.044741276969
1	949	469.166016321219	4.603414614629
1	957	475.013341373077	6.408671163017
1	963	476.677450297354	7.511433976135
1	967	478.36501216511	3.351670792033
1	973	482.618529158505	5.941078861151
1	977	482.748556545618	4.383544380508
1	987	485.265496782524	2.646967624019
1	993	485.75428086247	3.005724316852
1	997	487.358309921134	2.09281313861
1	1001	492.156136620827	6.401855758357
1	1005	492.174699026854	4.81638910572
1	1013	492.825368075816	0.669231454989
1	1023	495.655868215224	3.48116918837
1	1029	498.570200402043	5.744832326227
1	1035	498.77451553003	3.118647314806
1	1043	505.289449436772	6.719249034729
1	1049	507.858126964046	9.083611434016
1	1053	510.712039266333	5.422589829561
1	1059	513.43323132485	5.575104360804
1	1065	514.798512158468	4.086472892135
1	1069	515.255510134535	1.822278809685
1	1077	517.780485182905	2.981973024437
1	1081	518.065773743376	2.810263608841
1	1087	519.367730543427	1.587245360522
1	1097	521.85084035897	3.785066615594
1	1103	527.840021201659	8.472290658232
1	1107	529.392515840326	7.541675481356
1	1113	530.23845974591	2.398438544251
1	1121	534.350758846725	4.958243006399
1	1125	535.020602800443	4.782143054533
1	1129	535.446969468126	1.096210621401
1	1133	535.586244424128	0.565641623685
1	1143	541.97607049955	6.529101031424
1	1151	548.692968381664	13.106723957536
1	1157	549.911265098437	7.935194598887
1	1161	551.151050971714	2.45808259005
1	1165	551.522085026599	1.610819928162
1	1171	552.471651141913	1.320600170199
1	1181	565.203314748356	13.681229721757
1	1185	568.447703794844	15.976052652931
1	1191	569.450509219113	4.247194470757
1	1197	574.925466322652	6.477762527808
1	1205	585.739825674099	16.289316454986
1	1209	586.0235273201	11.098060997448
1	1213	586.442847660888	0.703021986789
1	1219	587.883748857078	1.860221536978
1	1223	590.92936902158	4.486521360692
1	1227	591.216809001538	3.33306014446
1	1231	591.641623187625	0.712254166045
1	1241	593.901987630508	2.68517862897
1	1245	594.337828111061	2.696204923436
1	1249	595.310045335449	1.408057704941
1	1253	595.323881899517	0.986053788456
1	1265	597.01718458575	1.707139250301
1	1269	597.814891776068	2.491009876551
1	1273	597.820711915682	0.803527329932
1	1283	602.914767246797	5.099875470729
1	1295	605.797031481574	7.976319565892
1	1301	611.316611851138	8.401844604341
1	1307	612.431007082186	6.633975600612
1	1311	617.965089450258	6.64847759912
1	1317	618.623156888031	6.192149805845
1	1323	620.783304000607	2.818214550349
1	1329	623.120452756058	4.497295868027
1	1335	624.327876412199	3.544572411592
1	1341	627.056556556049	3.936103799991
1	1345	628.454185074689	4.12630866249
1	1353	632.723797360961	5.667240804912
1	1361	637.126893663248	8.672708588559
1	1365	639.784555044664	7.060757683703
1	1371	640.589837539554	3.462943876306
1	1377	643.363201936575	3.578646891911
1	1385	646.233812431205	5.643974891651
1	1391	653.901769261606	10.538567325031
1	1397	664.260471116409	18.026658685204
1	1403	666.887898457716	12.98612919611
1	1409	681.864667448264	17.604196331855
1	1415	684.40997176323	17.522073305514
1	1419	684.551068326603	2.686400878339
1	1425	685.832202696618	1.422230933388
1	1433	690.228520336063	5.67745200946
1	1439	693.461083031474	7.628880334856
1	1443	693.668805930716	3.440285594653
1	1449	698.892852263225	5.431769231751
1	1453	699.73836545946	6.069559528744
1	1457	700.200999720531	1.308147457306
1	1465	702.104281272336	2.365915812876
1	1469	702.412976106836	2.211976386305
1	1473	703.202756345923	1.098475073587
1	1483	708.452163541989	6.039187435153
1	1491	715.825426728976	12.622670383053
1	1495	717.764165430579	9.31200188859
1	1505	723.079099430314	7.253672701338
1	1509	724.007697906699	6.24353247612
1	1513	724.346441693799	1.267342263485
1	1517	724.904480287883	0.896782381184
1	1527	727.409963958872	3.063522265073
1	1533	729.265858182682	4.361377894799
1	1541	739.600037603133	12.190073644261
1	1545	740.57660028677	11.310742104088
1	1551	744.030016202707	4.429978599574
1	1555	744.338443692216	3.761843405446
1	1559	748.361583647272	4.331567444565
1	1571	758.907141848755	14.568698156539
1	1577	764.128631227847	15.767047580575
1	1583	776.188773991142	17.281632142387
1	1589	780.435431701976	16.306800474129
1	1595	782.941078638931	6.752304647789
1	1601	786.178173254182	5.742741552206
1	1607	789.902224529962	6.961145891031
1	1613	796.579147927911	10.400974673729
1	1619	800.902044809528	10.999820279566
1	1625	805.966021185403	9.386873257492
1	1631	808.463808175798	7.56176336627
1	1635	808.895208692144	2.929187506741
1	1641	812.238866041482	3.775057865684
1	1647	821.26256217101	12.367353478866
1	1651	822.454802582192	10.21593654071
1	1657	825.533386018829	4.270823847819
1	1663	826.420767827386	3.965965245194
1	1671	828.586286861196	3.052900842367
1	1675	830.681678603645	4.260910776259
1	1681	830.90922415867	2.322937297474
1	1687	834.04381228261	3.362133678965
1	1697	844.630088711685	13.720864553015
1	1703	848.955139955156	14.911327672546
1	1707	853.428392563102	8.798303851417
1	1715	863.18238805815	14.227248102994
1	1719	867.231363399306	13.802970836204
1	1727	869.637289581969	6.454901523819
1	1733	872.189792205686	4.95842880638
1	1737	876.506235469001	6.868945887032
1	1745	880.640109566771	8.450317361085
1	1751	882.647153709326	6.140918240325
1	1757	884.382876328788	3.742766762017
1	1763	886.167162682882	3.520008973556
1	1767	888.490401797898	4.10752546911
1	1775	895.39712608858	9.229963405698
1	1781	897.793072510595	9.302670712697
1	1785	898.128213369469	2.731087280889
1	1791	899.735521142897	1.942448632302
1	1795	901.592871878498	3.464658509029
1	1801	904.84652196186	5.111000818963
1	1805	906.142769041286	4.549897162788
1	1817	916.479899520078	11.633377558218
1	1821	917.955623060575	11.812854019289
1	1827	919.894434555587	3.414535035509
1	1833	921.009342192566	3.053719131991
1	1839	922.270529588947	2.37609503336
1	1843	924.777318314005	3.767976121439
1	1849	926.952112454964	4.681582866017
1	1857	931.486437838908	6.709119524903
1	1865	937.543467606556	10.591355151592
1	1871	939.137834638529	7.651396799621
1	1877	946.64034929803	9.096881691474
1	1883	948.551781905119	9.41394726659
1	1889	950.030301252768	3.389951954738
1	1893	954.688195648364	6.136413743245
1	1897	955.496399805344	5.466098552576
1	1901	956.707805604872	2.019609956508
1	1907	957.223534532226	1.727134726882
1	1913	957.950904496852	1.24309889198
1	1921	959.381233542056	2.15769900983
1	1925	960.076915863596	2.126011366744
1	1935	965.959145907278	6.577912365222
1	1939	966.016946191607	5.940030328011
1	1947	970.368568024249	4.409422116971
1	1951	970.505089529639	4.488143338032
1	1961	975.722184296278	5.353616272029
1	1967	979.601928039591	9.096838509952
1	1971	979.606477150866	3.884292854588
1	1975	979.75976507876	0.157837039169
1	1981	981.052645901982	1.446168751116
1	1987	981.626318143587	1.866553064827
1	1993	982.963721973718	1.911076071736
1	2003	987.031383123211	5.405064979624
1	2009	989.105226039561	6.141504065843
1	2015	992.94467894849	5.913295825279
1	2019	994.738221527584	5.632995488023
1	2023	998.106290844309	5.161611895819
2	300	101.338150892282	6
2	304	106.641777653594	7
2	306	107.032328714768	6
2	310	107.121100242605	7
2	312	107.821748422506	6
2	316	109.306479720522	7
2	318	113.105893043003	6
2	322	114.126185230521	5
2	326	114.830663030408	6
2	328	116.332064557041	7
2	330	123.252660890966	6
2	334	124.506610302998	5
2	338	124.925877138921	6
2	340	125.28964038289	7
2	342	126.707283282551	6
2	346	134.387920529434	5
2	350	134.420180276533	4
2	354	134.591801073618	5
2	356	135.816637906525	4
2	360	137.017572577763	5
2	362	138.424679199065	6
2	364	139.185572257408	7
2	366	140.377959516987	6
2	370	142.473874447187	5
2	374	142.657649656115	4
2	378	142.918657808376	5
2	380	143.13373454268	6
2	382	143.424738920785	5
2	386	149.637417180756	6
2	388	149.883724698253	7
2	390	152.885600138177	6
2	394	152.93306218493	7
2	396	153.425322267394	6
2	400	154.746075625554	5
2	404	158.188272913483	6
2	406	159.131592960351	7
2	408	166.03058783945	6
2	412	167.831688538238	5
2	416	171.13190438652	4
2	420	172.091748348393	5
2	422	172.198789307953	6
2	424	172.630027884287	5
2	428	173.439087302011	6
2	430	175.266438225831	7
2	432	175.778214862679	6
2	436	176.893666938102	7
2	438	179.652840945396	6
2	442	183.425418054091	7
2	444	186.978353938898	6
2	448	187.237432134948	7
2	450	187.924760979084	6
2	454	189.420267681391	5
2	458	191.301044850938	6
2	460	192.790725646079	5
2	464	194.803086827576	4
2	468	195.287157380169	5
2	470	196.33244078335	6
2	472	197.032600561955	5
2	476	198.239851196097	4
2	480	198.340131895789	5
2	482	198.985974090814	6
2	484	199.415606564608	7
2	486	207.821721041114	6
2	490	208.608425207813	5
2	494	208.666313688501	6
2	496	212.507812286989	7
2	498	212.90778482789	6
2	502	213.10661377668	7
2	504	213.427767637103	6
2	508	215.241734377975	7
2	510	225.260546652791	6
2	514	226.125071133327	5
2	518	226.642336947767	4
2	522	226.979052141729	5
2	524	227.266948573296	6
2	526	228.974713327315	5
2	530	229.197324012495	6
2	532	229.457244097247	5
2	536	231.531915453072	6
2	538	232.281120447132	5
2	542	234.456152337635	6
2	544	234.800937979497	5
2	548	237.331627827683	6
2	550	239.139919046992	7
2	552	240.449319282524	6
2	556	240.502290422179	5
2	560	241.864595076337	4
2	564	243.932919356894	5
2	566	244.784806769862	4
2	570	245.035445138769	5
2	572	245.5671586087	4
2	576	245.869257194384	5
2	578	247.439536206751	4
2	582	249.670513781492	3
2	586	251.185258733467	4
2	588	251.712080258472	5
2	590	253.10735084383	4
2	594	253.506764707566	3
2	598	253.622073220434	4
2	600	253.71953156822	5
2	602	255.005511672641	4
2	606	255.446670978187	3
2	610	256.604023135639	4
2	612	257.321650956724	3
2	616	257.605995374185	4
2	618	257.615668021505	5
2	620	258.312694134793	6
2	622	259.414723060414	5
2	626	259.840566910692	4
2	630	260.955948367836	5
2	632	262.944626194296	6
2	634	265.288775552115	7
2	636	268.05906462537	6
2	640	268.440473635127	7
2	642	270.802274282531	6
2	646	273.010184561983	7
2	648	273.224006920447	6
2	652	275.011796479426	7
2	654	283.216634392818	6
2	658	283.712220738347	5
2	662	285.268082465097	4
2	666	285.750559197586	5
2	668	287.374510140332	6
2	670	287.707730776496	5
2	674	288.743285061966	4
2	678	289.070705822951	5
2	680	290.04409214581	6
2	682	291.98191107056	5
2	686	293.32694348651	6
2	688	294.606493999484	5
2	692	295.024331967826	6
2	694	300.847007613387	7
2	696	304.051328210714	6
2	700	307.293494662044	5
2	704	307.29759094076	6
2	706	307.829914203661	7
2	708	322.042867535843	6
2	712	323.15144806333	7
2	714	323.813261130098	6
2	718	323.966809241469	5
2	722	324.359717009485	4
2	726	325.831685041136	3
2	730	325.945103308573	4
2	732	326.694181987479	5
2	734	328.007348573639	4
2	738	329.557468641062	5
2	740	329.557748854858	4
2	744	329.670758330118	5
2	746	331.496145786363	6
2	748	334.013569189816	7
2	750	335.12484036429	6
2	754	341.697181762941	7
2	756	349.715170818027	6
2	760	350.342094801564	7
2	762	351.449644488294	6
2	766	356.01980713544	7
2	768	359.834700795258	6
2	772	362.932551960303	7
2	774	367.246218533445	6
2	778	367.532288357618	5
2	782	367.808963920655	4
2	786	368.752608872316	5
2	788	369.23930879424	6
2	790	371.862890078783	5
2	794	371.989656335254	4
2	798	375.43488568995	3
2	802	375.46941421691	4
2	804	375.552400694826	5
2	806	376.240607863236	6
2	808	376.911804129289	7
2	810	384.854390757754	6
2	814	386.643541510528	5
2	818	388.152054207872	4
2	822	389.285123121295	5
2	824	390.77653962393	6
2	826	391.668238793259	5
2	830	392.181349537107	6
2	832	394.046597124109	7
2	834	395.266081206103	6
2	838	396.927491764704	7
2	840	398.055756963125	6
2	844	398.859481228428	7
2	846	406.669256806922	6
2	850	408.057304509756	5
2	854	408.137121745533	4
2	858	408.682328817743	3
2	862	408.692041376926	4
2	864	409.399019149905	5
2	866	409.421936419908	6
2	868	409.961995711698	7
2	870	411.127984730146	6
2	874	411.852354172695	7
2	876	412.884420459952	6
2	880	417.631761245806	7
2	882	436.043554714379	6
2	886	437.19046503162	5
2	890	437.729784725373	6
2	892	440.750016690921	7
2	894	444.459145199137	6
2	898	448.622399985659	7
2	900	450.414875318789	6
2	904	450.587434135038	7
2	906	454.749159250611	6
2	910	455.360630572539	5
2	914	455.542894051832	6
2	916	456.659706506309	5
2	920	456.708548852651	4
2	924	458.510923640512	5
2	926	458.67061366274	6
2	928	460.408832641336	5
2	932	460.459824178614	6
2	934	461.559928933091	5
2	938	461.644556089671	6
2	940	463.041373763217	7
2	942	464.56260170659	6
2	946	468.60467021006	5
2	950	469.166016321219	4
2	954	470.435276049696	5
2	956	470.753215223651	6
2	958	475.013341373077	5
2	962	475.396910518181	6
2	964	476.677450297354	5
2	968	478.36501216511	4
2	972	480.402969455408	5
2	974	482.618529158505	4
2	978	482.748556545618	3
2	982	483.444996291296	4
2	984	483.794118484487	5
2	986	484.911610445349	6
2	988	485.265496782524	5
2	992	485.371290937407	6
2	994	485.75428086247	5
2	998	487.358309921134	4
2	1002	492.156136620827	3
2	1006	492.174699026854	2
2	1010	492.436401800868	3
2	1012	492.663238929819	4
2	1014	492.825368075816	3
2	1018	493.955509033332	4
2	1020	494.471990099999	5
2	1022	494.64905803407	6
2	1024	495.655868215224	5
2	1028	495.992397459088	6
2	1030	498.570200402043	5
2	1034	498.739273681671	6
2	1036	498.77451553003	5
2	1040	499.25809518079	6
2	1042	499.955948164795	7
2	1044	505.289449436772	6
2	1048	507.37856046893	7
2	1050	507.858126964046	6
2	1054	510.712039266333	5
2	1058	511.619447658212	6
2	1060	513.43323132485	5
2	1064	514.177178057622	6
2	1066	514.798512158468	5
2	1070	515.255510134535	4
2	1074	515.696018343317	5
2	1076	515.699172223228	6
2	1078	517.780485182905	5
2	1082	518.065773743376	4
2	1086	519.314082303996	5
2	1088	519.367730543427	4
2	1092	519.985267172976	5
2	1094	520.369569579062	6
2	1096	520.587134732718	7
2	1098	521.85084035897	6
2	1102	521.892272947814	7
2	1104	527.840021201659	6
2	1108	529.392515840326	5
2	1112	529.440035919798	6
2	1114	530.23845974591	5
2	1118	530.53529302568	6
2	1120	532.884082177996	7
2	1122	534.350758846725	6
2	1126	535.020602800443	5
2	1130	535.446969468126	4
2	1134	535.586244424128	3
2	1138	535.799340619102	4
2	1140	535.926865961706	5
2	1142	536.078701985426	6
2	1144	541.97607049955	5
2	1148	542.922249425975	6
2	1150	544.652477770363	7
2	1152	548.692968381664	6
2	1156	549.256277133939	7
2	1158	549.911265098437	6
2	1162	551.151050971714	5
2	1166	551.522085026599	4
2	1170	551.968233790605	5
2	1172	552.471651141913	4
2	1176	553.671536729717	5
2	1178	556.304227875521	6
2	1180	559.167739064187	7
2	1182	565.203314748356	6
2	1186	568.447703794844	5
2	1190	568.592908329715	6
2	1192	569.450509219113	5
2	1196	571.778434259713	6
2	1198	574.925466322652	5
2	1202	576.988793709826	6
2	1204	581.432718909449	7
2	1206	585.739825674099	6
2	1210	586.0235273201	5
2	1214	586.442847660888	4
2	1218	586.449470233556	5
2	1220	587.883748857078	4
2	1224	590.92936902158	3
2	1228	591.216809001538	2
2	1232	591.641623187625	1
2	1236	592.591922008256	2
2	1238	593.219126745827	3
2	1240	593.373694400832	4
2	1242	593.901987630508	3
2	1246	594.337828111061	2
2	1250	595.310045335449	1
2	1254	595.323881899517	0
2	1258	595.443865553066	1
2	1260	595.761566824174	2
2	1262	595.796911425756	3
2	1264	596.229189691519	4
2	1266	597.01718458575	3
2	1270	597.814891776068	2
2	1274	597.820711915682	1
2	1278	598.608577112223	2
2	1280	599.417683642164	3
2	1282	599.992356935813	4
2	1284	602.914767246797	3
2	1288	603.085421805999	4
2	1290	603.418308381888	5
2	1292	603.500822705485	6
2	1294	603.973006401518	7
2	1296	605.797031481574	6
2	1300	607.483135605474	7
2	1302	611.316611851138	6
2	1306	612.006991980585	7
2	1308	612.431007082186	6
2	1312	617.965089450258	5
2	1316	618.565346183827	6
2	1318	618.623156888031	5
2	1322	618.816545890823	6
2	1324	620.783304000607	5
2	1328	621.517933225191	6
2	1330	623.120452756058	5
2	1334	623.644994110545	6
2	1336	624.327876412199	5
2	1340	624.430974758361	6
2	1342	627.056556556049	5
2	1346	628.454185074689	4
2	1350	628.604816299354	5
2	1352	629.901566053155	6
2	1354	632.723797360961	5
2	1358	633.216514316942	6
2	1360	636.257849410981	7
2	1362	637.126893663248	6
2	1366	639.784555044664	5
2	1370	640.275009751521	6
2	1372	640.589837539554	5
2	1376	641.032051577497	6
2	1378	643.363201936575	5
2	1382	643.968147244091	6
2	1384	646.086679036058	7
2	1386	646.233812431205	6
2	1390	647.72213278602	7
2	1392	653.901769261606	6
2	1396	655.241582647662	7
2	1398	664.260471116409	6
2	1402	665.78267640147	7
2	1404	666.887898457716	6
2	1408	680.769180404558	7
2	1410	681.864667448264	6
2	1414	682.529386502212	7
2	1416	684.40997176323	6
2	1420	684.551068326603	5
2	1424	685.792524583708	6
2	1426	685.832202696618	5
2	1430	687.601108261221	6
2	1432	688.952205131815	7
2	1434	690.228520336063	6
2	1438	692.66613877106	7
2	1440	693.461083031474	6
2	1444	693.668805930716	5
2	1448	697.79032139343	6
2	1450	698.892852263225	5
2	1454	699.73836545946	4
2	1458	700.200999720531	3
2	1462	701.456544135792	4
2	1464	701.472244734669	5
2	1466	702.104281272336	4
2	1470	702.412976106836	3
2	1474	703.202756345923	2
2	1478	703.332753485343	3
2	1480	704.002863615855	4
2	1482	707.380425347614	5
2	1484	708.452163541989	4
2	1488	708.692933229701	5
2	1490	708.760371061652	6
2	1492	715.825426728976	5
2	1496	717.764165430579	4
2	1500	718.06661929969	5
2	1502	718.980944929809	6
2	1504	721.118169417155	7
2	1506	723.079099430314	6
2	1510	724.007697906699	5
2	1514	724.346441693799	4
2	1518	724.904480287883	3
2	1522	725.085171116772	4
2	1524	726.131312781203	5
2	1526	726.234474623643	6
2	1528	727.409963958872	5
2	1532	727.845580368689	6
2	1534	729.265858182682	5
2	1538	730.220600190036	6
2	1540	732.088355307977	7
2	1542	739.600037603133	6
2	1546	740.57660028677	5
2	1550	742.838407982591	6
2	1552	744.030016202707	5
2	1556	744.338443692216	4
2	1560	748.361583647272	3
2	1564	748.862571876709	4
2	1566	749.211669418981	5
2	1568	751.897569049368	6
2	1570	756.947928732916	7
2	1572	758.907141848755	6
2	1576	760.433208800518	7
2	1578	764.128631227847	6
2	1582	765.208263320457	7
2	1584	776.188773991142	6
2	1588	779.734597908139	7
2	1590	780.435431701976	6
2	1594	782.89428895913	7
2	1596	782.941078638931	6
2	1600	785.117139811738	7
2	1602	786.178173254182	6
2	1606	786.933956993566	7
2	1608	789.902224529962	6
2	1612	793.050490505071	7
2	1614	796.579147927911	6
2	1618	799.972957177352	7
2	1620	800.902044809528	6
2	1624	802.367026282935	7
2	1626	805.966021185403	6
2	1630	806.875067218347	7
2	1632	808.463808175798	6
2	1636	808.895208692144	5
2	1640	809.816479084699	6
2	1642	812.238866041482	5
2	1646	812.77894487828	6
2	1648	821.26256217101	5
2	1652	822.454802582192	4
2	1656	824.417920257482	5
2	1658	825.533386018829	4
2	1662	825.848874017346	5
2	1664	826.420767827386	4
2	1668	827.772962316045	5
2	1670	828.545255486582	6
2	1672	828.586286861196	5
2	1676	830.681678603645	4
2	1680	830.710349611612	5
2	1682	830.90922415867	4
2	1686	831.358014760922	5
2	1688	834.04381228261	4
2	1692	834.726579856409	5
2	1694	835.294600080616	6
2	1696	844.178027345094	7
2	1698	844.630088711685	6
2	1702	848.103248292183	7
2	1704	848.955139955156	6
2	1708	853.428392563102	5
2	1712	853.754564336704	6
2	1714	854.402944869865	7
2	1716	863.18238805815	6
2	1720	867.231363399306	5
2	1724	867.839600996448	6
2	1726	868.920874996649	7
2	1728	869.637289581969	6
2	1732	870.215343411991	7
2	1734	872.189792205686	6
2	1738	876.506235469001	5
2	1742	879.108898979906	6
2	1744	879.769425185722	7
2	1746	880.640109566771	6
2	1750	881.369138184326	7
2	1752	882.647153709326	6
2	1756	883.57998901528	7
2	1758	884.382876328788	6
2	1762	884.889155430645	7
2	1764	886.167162682882	6
2	1768	888.490401797898	5
2	1772	889.343209918057	6
2	1774	892.197317407629	7
2	1776	895.39712608858	6
2	1780	895.589310713682	7
2	1782	897.793072510595	6
2	1786	898.128213369469	5
2	1790	899.205759506522	6
2	1792	899.735521142897	5
2	1796	901.592871878498	4
2	1800	902.944542844531	5
2	1802	904.84652196186	4
2	1806	906.142769041286	3
2	1810	906.353602080783	4
2	1812	908.985830333424	5
2	1814	909.814832697149	6
2	1816	911.087102032369	7
2	1818	916.479899520078	6
2	1822	917.955623060575	5
2	1826	919.745502234282	6
2	1828	919.894434555587	5
2	1832	919.912115621685	6
2	1834	921.009342192566	5
2	1838	921.228510997932	6
2	1840	922.270529588947	5
2	1844	924.777318314005	4
2	1848	925.088981206116	5
2	1850	926.952112454964	4
2	1854	930.270756991308	5
2	1856	930.61153268971	6
2	1858	931.486437838908	5
2	1862	932.078886341516	6
2	1864	933.323593593404	7
2	1866	937.543467606556	6
2	1870	938.276751780597	7
2	1872	939.137834638529	6
2	1876	939.245849916926	7
2	1878	946.64034929803	6
2	1882	947.129630803454	7
2	1884	948.551781905119	6
2	1888	948.919580916555	7
2	1890	950.030301252768	6
2	1894	954.688195648364	5
2	1898	955.496399805344	4
2	1902	956.707805604872	3
2	1906	957.050689173355	4
2	1908	957.223534532226	3
2	1912	957.635909946789	4
2	1914	957.950904496852	3
2	1918	958.348277989455	4
2	1920	958.481898915632	5
2	1922	959.381233542056	4
2	1926	960.076915863596	3
2	1930	960.686209754296	4
2	1932	961.813136819361	5
2	1934	962.981782588996	6
2	1936	965.959145907278	5
2	1940	966.016946191607	4
2	1944	966.442690737239	5
2	1946	969.158629932603	6
2	1948	970.368568024249	5
2	1952	970.505089529639	4
2	1956	970.799860905879	5
2	1958	971.597704284064	6
2	1960	972.753403247557	7
2	1962	975.722184296278	6
2	1966	976.920084319155	7
2	1968	979.601928039591	6
2	1972	979.606477150866	5
2	1976	979.75976507876	4
2	1980	980.310599499309	5
2	1982	981.052645901982	4
2	1986	981.313226361516	5
2	1988	981.626318143587	4
2	1992	982.643728713501	5
2	1994	982.963721973718	4
2	1998	983.974865873832	5
2	2000	984.252329819073	6
2	2002	984.764886982068	7
2	2004	987.031383123211	6
2	2008	988.247700477641	7
2	2010	989.105226039561	6
2	2014	991.217401344097	7
2	2016	992.94467894849	6
2	2020	994.738221527584	5
2	2024	998.106290844309	4
2	2028	998.575442008707	5
2	2030	999.037938235197	6
3	300	101.338150892282	10.955319721207
3	306	107.032328714768	16.390659277612
3	312	107.821748422506	16.749049725707
3	318	113.105893043003	20.318991733838
3	322	114.126185230521	16.550340866595
3	330	123.252660890966	24.366278704085
3	334	124.506610302998	25.385757831067
3	342	126.707283282551	20.065505628957
3	346	134.387920529434	27.266820286829
3	350	134.420180276533	25.113700556011
3	356	135.816637906525	20.985974876117
3	366	140.377959516987	24.045894959946
3	370	142.473874447187	17.547997308266
3	374	142.657649656115	17.368009273225
3	382	143.424738920785	8.832937847167
3	390	152.885600138177	15.868027560414
3	396	153.425322267394	15.000643068329
3	400	154.746075625554	15.560503368146
3	408	166.03058783945	23.111930031074
3	412	167.831688538238	24.697953995558
3	416	171.13190438652	21.494487205764
3	424	172.630027884287	22.746303186034
3	432	175.778214862679	22.845152677749
3	438	179.652840945396	21.464568031913
3	444	186.978353938898	27.846760978547
3	450	187.924760979084	15.833012630691
3	454	189.420267681391	17.221478373438
3	460	192.790725646079	19.351638344068
3	464	194.803086827576	19.536648601745
3	472	197.032600561955	20.138933623853
3	476	198.239851196097	14.814433142006
3	486	207.821721041114	20.584288906166
3	490	208.608425207813	17.307380356875
3	498	212.90778482789	17.620627447721
3	504	213.427767637103	17.095326853753
3	510	225.260546652791	26.920414757002
3	514	226.125071133327	27.139097042513
3	518	226.642336947767	27.226730383159
3	526	228.974713327315	20.308399638814
3	532	229.457244097247	16.949431810258
3	538	232.281120447132	19.174506670452
3	544	234.800937979497	19.559203601522
3	552	240.449319282524	13.470267140795
3	556	240.502290422179	13.235341848883
3	560	241.864595076337	12.667271063842
3	566	244.784806769862	13.25289131679
3	572	245.5671586087	11.111006271065
3	578	247.439536206751	10.107908379068
3	582	249.670513781492	10.5305947345
3	590	253.10735084383	9.174431486936
3	594	253.506764707566	8.471319568797
3	602	255.005511672641	9.136254478257
3	606	255.446670978187	4.26141224472
3	612	257.321650956724	5.609570698252
3	622	259.414723060414	5.79264983998
3	626	259.840566910692	6.121035342472
3	636	268.05906462537	11.455041489731
3	642	270.802274282531	13.196278908346
3	648	273.224006920447	15.608338898942
3	654	283.216634392818	24.903940258025
3	658	283.712220738347	22.756272370511
3	662	285.268082465097	22.323456270801
3	670	287.707730776496	22.418955224381
3	674	288.743285061966	20.302811426839
3	682	291.98191107056	18.971726508577
3	688	294.606493999484	19.594697520058
3	696	304.051328210714	18.300769013128
3	700	307.293494662044	19.918984521712
3	708	322.042867535843	32.972161712892
3	714	323.813261130098	33.769168984288
3	718	323.966809241469	30.639865754959
3	722	324.359717009485	29.335385041659
3	726	325.831685041136	24.984677427749
3	734	328.007348573639	20.709757632879
3	740	329.557748854858	21.727834651197
3	750	335.12484036429	11.97339230096
3	756	349.715170818027	23.770067509454
3	762	351.449644488294	24.755462500815
3	768	359.834700795258	30.277232154196
3	774	367.246218533445	37.575460203327
3	778	367.532288357618	36.036142571255
3	782	367.808963920655	33.795394730839
3	790	371.862890078783	30.165708315842
3	794	371.989656335254	21.64756153369
3	798	375.43488568995	19.41507855451
3	810	384.854390757754	21.921838797451
3	814	386.643541510528	17.890932638212
3	818	388.152054207872	18.912745413632
3	826	391.668238793259	16.198824576349
3	834	395.266081206103	19.713680511277
3	840	398.055756963125	21.815149099889
3	846	406.669256806922	29.757452677633
3	850	408.057304509756	18.772181388461
3	854	408.137121745533	17.360582121603
3	858	408.682328817743	16.500979280636
3	870	411.127984730146	17.081387606037
3	876	412.884420459952	15.956928695248
3	882	436.043554714379	37.184073485951
3	886	437.19046503162	28.498423654694
3	894	444.459145199137	35.060126049232
3	900	450.414875318789	40.992938898881
3	906	454.749159250611	44.787163538913
3	910	455.360630572539	43.508276399844
3	916	456.659706506309	39.027945260503
3	920	456.708548852651	18.978764127278
3	928	460.408832641336	19.658815950415
3	934	461.559928933091	12.937528947432
3	942	464.56260170659	13.975167571552
3	946	468.60467021006	13.061776158228
3	950	469.166016321219	10.655092680707
3	958	475.013341373077	16.342727710337
3	964	476.677450297354	16.21762611874
3	968	478.36501216511	16.720456075439
3	974	482.618529158505	19.577155395288
3	978	482.748556545618	12.313280495922
3	988	485.265496782524	14.512281558873
3	994	485.75428086247	10.357370344289
3	998	487.358309921134	6.955340465726
3	1002	492.156136620827	8.711140329531
3	1006	492.174699026854	8.380580542367
3	1014	492.825368075816	7.913757630467
3	1024	495.655868215224	10.284577277817
3	1030	498.570200402043	6.133798601175
3	1036	498.77451553003	6.111276600211
3	1044	505.289449436772	11.33394040344
3	1050	507.858126964046	13.386136864047
3	1054	510.712039266333	16.062981232263
3	1060	513.43323132485	17.440833865762
3	1066	514.798512158468	16.059238476797
3	1070	515.255510134535	15.997414953745
3	1078	517.780485182905	17.82453701811
3	1082	518.065773743376	10.687213274446
3	1088	519.367730543427	7.748282885215
3	1098	521.85084035897	7.673662301348
3	1104	527.840021201659	12.144002858342
3	1108	529.392515840326	13.693343617098
3	1114	530.23845974591	10.924377441914
3	1122	534.350758846725	14.365491673749
3	1126	535.020602800443	14.651033221381
3	1130	535.446969468126	14.859834735408
3	1134	535.586244424128	13.693971476314
3	1144	541.97607049955	12.536034579752
3	1152	548.692968381664	18.157675355984
3	1158	549.911265098437	17.027182920441
3	1162	551.151050971714	15.351710352612
3	1166	551.522085026599	15.595219064893
3	1172	552.471651141913	16.392949156487
3	1182	565.203314748356	22.281065322381
3	1186	568.447703794844	23.795226024481
3	1192	569.450509219113	20.194232085174
3	1198	574.925466322652	22.957232532047
3	1206	585.739825674099	32.068288944382
3	1210	586.0235273201	29.719299444579
3	1214	586.442847660888	27.275108596701
3	1220	587.883748857078	19.290840527363
3	1224	590.92936902158	19.150934761867
3	1228	591.216809001538	14.228015291712
3	1232	591.641623187625	10.208904278176
3	1242	593.901987630508	7.452517396952
3	1246	594.337828111061	1.745906102805
3	1250	595.310045335449	2.090918589622
3	1254	595.323881899517	1.950187498685
3	1266	597.01718458575	1.573319032684
3	1270	597.814891776068	2.053324951894
3	1274	597.820711915682	2.023800489926
3	1284	602.914767246797	6.685577555278
3	1296	605.797031481574	7.188454369351
3	1302	611.316611851138	11.898928208974
3	1308	612.431007082186	12.438650146373
3	1312	617.965089450258	14.879667644259
3	1318	618.623156888031	15.204848506143
3	1324	620.783304000607	17.282481295122
3	1330	623.120452756058	19.14744635454
3	1336	624.327876412199	16.844740806725
3	1342	627.056556556049	15.049564575464
3	1346	628.454185074689	9.888838890862
3	1354	632.723797360961	13.907251470138
3	1362	637.126893663248	15.608960438057
3	1366	639.784555044664	16.139560934119
3	1372	640.589837539554	16.158862781193
3	1378	643.363201936575	14.758385637221
3	1386	646.233812431205	16.33224637805
3	1392	653.901769261606	20.685254944664
3	1398	664.260471116409	28.002621705428
3	1404	666.887898457716	26.612888706195
3	1410	681.864667448264	40.832615870767
3	1416	684.40997176323	40.441824519139
3	1420	684.551068326603	38.464389290545
3	1426	685.832202696618	38.110069910598
3	1434	690.228520336063	34.986937688401
3	1440	693.461083031474	27.678406630004
3	1444	693.668805930716	12.899625526158
3	1450	698.892852263225	16.363465761013
3	1454	699.73836545946	13.945840875752
3	1458	700.200999720531	12.59989145931
3	1466	702.104281272336	13.152076140521
3	1470	702.412976106836	9.746837335776
3	1474	703.202756345923	5.412434952493
3	1484	708.452163541989	6.995619406197
3	1492	715.825426728976	14.353181994307
3	1496	717.764165430579	14.431411945236
3	1506	723.079099430314	19.076235814459
3	1510	724.007697906699	16.627272559085
3	1514	724.346441693799	15.653508464098
3	1518	724.904480287883	16.144109226231
3	1528	727.409963958872	9.343344659182
3	1534	729.265858182682	10.284913252873
3	1542	739.600037603133	18.481868185978
3	1546	740.57660028677	15.491429169998
3	1552	744.030016202707	17.898703421504
3	1556	744.338443692216	18.103969068573
3	1560	748.361583647272	20.516003278583
3	1572	758.907141848755	28.686541658719
3	1578	764.128631227847	32.04027591987
3	1584	776.188773991142	33.350366008551
3	1590	780.435431701976	31.572859825267
3	1596	782.941078638931	33.72940921995
3	1602	786.178173254182	34.280604204814
3	1608	789.902224529962	32.954295797046
3	1614	796.579147927911	36.145939127393
3	1620	800.902044809528	35.693781489071
3	1626	805.966021185403	26.231423277264
3	1632	808.463808175798	25.569519216668
3	1636	808.895208692144	23.778068880406
3	1642	812.238866041482	25.304909047916
3	1648	821.26256217101	28.212071665939
3	1652	822.454802582192	22.48184540484
3	1658	825.533386018829	23.166359735894
3	1664	826.420767827386	19.545700609039
3	1672	828.586286861196	18.769807776497
3	1676	830.681678603645	17.902733725365
3	1682	830.90922415867	6.491303901188
3	1688	834.04381228261	8.194938265264
3	1698	844.630088711685	16.85712639564
3	1704	848.955139955156	20.409884468574
3	1708	853.428392563102	22.71804295149
3	1716	863.18238805815	31.824373297228
3	1720	867.231363399306	32.504783542897
3	1728	869.637289581969	34.342689501353
3	1734	872.189792205686	28.011764860592
3	1738	876.506235469001	28.402987176818
3	1746	880.640109566771	26.885545230067
3	1752	882.647153709326	28.244208839461
3	1758	884.382876328788	16.54327533234
3	1764	886.167162682882	17.246287686233
3	1768	888.490401797898	18.275058385907
3	1776	895.39712608858	16.288227108674
3	1782	897.793072510595	18.023647324873
3	1786	898.128213369469	16.759075185143
3	1792	899.735521142897	16.155532127617
3	1796	901.592871878498	16.703716447853
3	1802	904.84652196186	15.503312043803
3	1806	906.142769041286	13.945451633657
3	1818	916.479899520078	20.890588806396
3	1822	917.955623060575	18.749863554053
3	1828	919.894434555587	16.949891711056
3	1834	921.009342192566	14.655740111783
3	1840	922.270529588947	13.284699255523
3	1844	924.777318314005	14.962485616856
3	1850	926.952112454964	15.865010422595
3	1858	931.486437838908	11.740935604626
3	1866	937.543467606556	17.631351984871
3	1872	939.137834638529	17.909323640597
3	1878	946.64034929803	21.551368091914
3	1884	948.551781905119	18.281024913811
3	1890	950.030301252768	19.418768563058
3	1894	954.688195648364	22.609309306848
3	1898	955.496399805344	22.17280621194
3	1902	956.707805604872	18.431053824275
3	1908	957.223534532226	17.9776846153
3	1914	957.950904496852	10.821273693398
3	1922	959.381233542056	10.461652625501
3	1926	960.076915863596	3.026226690241
3	1936	965.959145907278	8.323235960489
3	1940	966.016946191607	7.668668202152
3	1948	970.368568024249	11.886669108617
3	1952	970.505089529639	9.818879775343
3	1962	975.722184296278	13.909047476917
3	1968	979.601928039591	16.620145450595
3	1972	979.606477150866	13.163786413627
3	1976	979.75976507876	10.601135146157
3	1982	981.052645901982	10.252784996103
3	1988	981.626318143587	10.028613859523
3	1994	982.963721973718	10.210318726161
3	2004	987.031383123211	10.111298804056
3	2010	989.105226039561	8.794626540252
3	2016	992.94467894849	11.631452586974
3	2020	994.738221527584	12.094492814083
3	2024	998.106290844309	14.131424970477
4	300	101.338150892282	0
4	306	107.032328714768	0
4	312	107.821748422506	0
4	318	113.105893043003	0
4	322	114.126185230521	0
4	330	123.252660890966	0
4	334	124.506610302998	0
4	342	126.707283282551	0
4	346	134.387920529434	0
4	350	134.420180276533	0
4	356	135.816637906525	0
4	366	140.377959516987	0
4	370	142.473874447187	0
4	374	142.657649656115	0
4	382	143.424738920785	0
4	390	152.885600138177	0
4	396	153.425322267394	0
4	400	154.746075625554	0
4	408	166.03058783945	0
4	412	167.831688538238	0
4	416	171.13190438652	0
4	424	172.630027884287	0
4	432	175.778214862679	0
4	438	179.652840945396	0
4	444	186.978353938898	0
4	450	187.924760979084	0
4	454	189.420267681391	0
4	460	192.790725646079	0
4	464	194.803086827576	0
4	472	197.032600561955	0
4	476	198.239851196097	0
4	486	207.821721041114	0
4	490	208.608425207813	0
4	498	212.90778482789	0
4	504	213.427767637103	0
4	510	225.260546652791	0
4	514	226.125071133327	0
4	518	226.642336947767	0
4	526	228.974713327315	0
4	532	229.457244097247	0
4	538	232.281120447132	0
4	544	234.800937979497	0
4	552	240.449319282524	0
4	556	240.502290422179	0
4	560	241.864595076337	0
4	566	244.784806769862	0
4	572	245.5671586087	0
4	578	247.439536206751	0
4	582	249.670513781492	0
4	590	253.10735084383	0
4	594	253.506764707566	0
4	602	255.005511672641	0
4	606	255.446670978187	0
4	612	257.321650956724	0
4	622	259.414723060414	0
4	626	259.840566910692	0
4	636	268.05906462537	0
4	642	270.802274282531	0
4	648	273.224006920447	0
4	654	283.216634392818	0
4	658	283.712220738347	0
4	662	285.268082465097	0
4	670	287.707730776496	0
4	674	288.743285061966	0
4	682	291.98191107056	0
4	688	294.606493999484	0
4	696	304.051328210714	0
4	700	307.293494662044	0
4	708	322.042867535843	0
4	714	323.813261130098	0
4	718	323.966809241469	0
4	722	324.359717009485	0
4	726	325.831685041136	0
4	734	328.007348573639	0
4	740	329.557748854858	0
4	750	335.12484036429	0
4	756	349.715170818027	0
4	762	351.449644488294	0
4	768	359.834700795258	0
4	774	367.246218533445	0
4	778	367.532288357618	0
4	782	367.808963920655	0
4	790	371.862890078783	0
4	794	371.989656335254	0
4	798	375.43488568995	0
4	810	384.854390757754	0
4	814	386.643541510528	0
4	818	388.152054207872	0
4	826	391.668238793259	0
4	834	395.266081206103	0
4	840	398.055756963125	0
4	846	406.669256806922	0
4	850	408.057304509756	0
4	854	408.137121745533	0
4	858	408.682328817743	0
4	870	411.127984730146	0
4	876	412.884420459952	0
4	882	436.043554714379	0
4	886	437.19046503162	0
4	894	444.459145199137	0
4	900	450.414875318789	0
4	906	454.749159250611	0
4	910	455.360630572539	0
4	916	456.659706506309	0
4	920	456.708548852651	0
4	928	460.408832641336	0
4	934	461.559928933091	0
4	942	464.56260170659	0
4	946	468.60467021006	0
4	950	469.166016321219	0
4	958	475.013341373077	0
4	964	476.677450297354	0
4	968	478.36501216511	0
4	974	482.618529158505	0
4	978	482.748556545618	0
4	988	485.265496782524	0
4	994	485.75428086247	0
4	998	487.358309921134	0
4	1002	492.156136620827	0
4	1006	492.174699026854	0
4	1014	492.825368075816	0
4	1024	495.655868215224	0
4	1030	498.570200402043	0
4	1036	498.77451553003	0
4	1044	505.289449436772	0
4	1050	507.858126964046	0
4	1054	510.712039266333	0
4	1060	513.43323132485	0
4	1066	514.798512158468	0
4	1070	515.255510134535	0
4	1078	517.780485182905	0
4	1082	518.065773743376	0
4	1088	519.367730543427	0
4	1098	521.85084035897	0
4	1104	527.840021201659	0
4	1108	529.392515840326	0
4	1114	530.23845974591	0
4	1122	534.350758846725	0
4	1126	535.020602800443	0
4	1130	535.446969468126	0
4	1134	535.586244424128	0
4	1144	541.97607049955	0
4	1152	548.692968381664	0
4	1158	549.911265098437	0
4	1162	551.151050971714	0
4	1166	551.522085026599	0
4	1172	552.471651141913	0
4	1182	565.203314748356	0
4	1186	568.447703794844	0
4	1192	569.450509219113	0
4	1198	574.925466322652	0
4	1206	585.739825674099	0
4	1210	586.0235273201	0
4	1214	586.442847660888	0
4	1220	587.883748857078	0
4	1224	590.92936902158	0
4	1228	591.216809001538	0
4	1232	591.641623187625	0
4	1242	593.901987630508	0
4	1246	594.337828111061	0
4	1250	595.310045335449	0
4	1254	595.323881899517	0
4	1266	597.01718458575	0
4	1270	597.814891776068	0
4	1274	597.820711915682	0
4	1284	602.914767246797	0
4	1296	605.797031481574	0
4	1302	611.316611851138	0
4	1308	612.431007082186	0
4	1312	617.965089450258	0
4	1318	618.623156888031	0
4	1324	620.783304000607	0
4	1330	623.120452756058	0
4	1336	624.327876412199	0
4	1342	627.056556556049	0
4	1346	628.454185074689	0
4	1354	632.723797360961	0
4	1362	637.126893663248	0
4	1366	639.784555044664	0
4	1372	640.589837539554	0
4	1378	643.363201936575	0
4	1386	646.233812431205	0
4	1392	653.901769261606	0
4	1398	664.260471116409	0
4	1404	666.887898457716	0
4	1410	681.864667448264	0
4	1416	684.40997176323	0
4	1420	684.551068326603	0
4	1426	685.832202696618	0
4	1434	690.228520336063	0
4	1440	693.461083031474	0
4	1444	693.668805930716	0
4	1450	698.892852263225	0
4	1454	699.73836545946	0
4	1458	700.200999720531	0
4	1466	702.104281272336	0
4	1470	702.412976106836	0
4	1474	703.202756345923	0
4	1484	708.452163541989	0
4	1492	715.825426728976	0
4	1496	717.764165430579	0
4	1506	723.079099430314	0
4	1510	724.007697906699	0
4	1514	724.346441693799	0
4	1518	724.904480287883	0
4	1528	727.409963958872	0
4	1534	729.265858182682	0
4	1542	739.600037603133	0
4	1546	740.57660028677	0
4	1552	744.030016202707	0
4	1556	744.338443692216	0
4	1560	748.361583647272	0
4	1572	758.907141848755	0
4	1578	764.128631227847	0
4	1584	776.188773991142	0
4	1590	780.435431701976	0
4	1596	782.941078638931	0
4	1602	786.178173254182	0
4	1608	789.902224529962	0
4	1614	796.579147927911	0
4	1620	800.902044809528	0
4	1626	805.966021185403	0
4	1632	808.463808175798	0
4	1636	808.895208692144	0
4	1642	812.238866041482	0
4	1648	821.26256217101	0
4	1652	822.454802582192	0
4	1658	825.533386018829	0
4	1664	826.420767827386	0
4	1672	828.586286861196	0
4	1676	830.681678603645	0
4	1682	830.90922415867	0
4	1688	834.04381228261	0
4	1698	844.630088711685	0
4	1704	848.955139955156	0
4	1708	853.428392563102	0
4	1716	863.18238805815	0
4	1720	867.231363399306	0
4	1728	869.637289581969	0
4	1734	872.189792205686	0
4	1738	876.506235469001	0
4	1746	880.640109566771	0
4	1752	882.647153709326	0
4	1758	884.382876328788	0
4	1764	886.167162682882	0
4	1768	888.490401797898	0
4	1776	895.39712608858	0
4	1782	897.793072510595	0
4	1786	898.128213369469	0
4	1792	899.735521142897	0
4	1796	901.592871878498	0
4	1802	904.84652196186	0
4	1806	906.142769041286	0
4	1818	916.479899520078	0
4	1822	917.955623060575	0
4	1828	919.894434555587	0
4	1834	921.009342192566	0
4	1840	922.270529588947	0
4	1844	924.777318314005	0
4	1850	926.952112454964	0
4	1858	931.486437838908	0
4	1866	937.543467606556	0
4	1872	939.137834638529	0
4	1878	946.64034929803	0
4	1884	948.551781905119	0
4	1890	950.030301252768	0
4	1894	954.688195648364	0
4	1898	955.496399805344	0
4	1902	956.707805604872	0
4	1908	957.223534532226	0
4	1914	957.950904496852	0
4	1922	959.381233542056	0
4	1926	960.076915863596	0
4	1936	965.959145907278	0
4	1940	966.016946191607	0
4	1948	970.368568024249	0
4	1952	970.505089529639	0
4	1962	975.722184296278	0
4	1968	979.601928039591	0
4	1972	979.606477150866	0
4	1976	979.75976507876	0
4	1982	981.052645901982	0
4	1988	981.626318143587	0
4	1994	982.963721973718	0
4	2004	987.031383123211	0
4	2010	989.105226039561	0
4	2016	992.94467894849	0
4	2020	994.738221527584	0
4	2024	998.106290844309	0
5	302	101.338150892282	1
5	303	106.641777653594	0
5	308	107.032328714768	1
5	309	107.121100242605	0
5	314	107.821748422506	1
5	315	109.306479720522	0
5	320	113.105893043003	1
5	324	114.126185230521	2
5	325	114.830663030408	1
5	327	116.332064557041	0
5	332	123.252660890966	1
5	336	124.506610302998	2
5	337	124.925877138921	1
5	339	125.28964038289	0
5	344	126.707283282551	1
5	348	134.387920529434	2
5	352	134.420180276533	3
5	353	134.591801073618	2
5	358	135.816637906525	3
5	359	137.017572577763	2
5	361	138.424679199065	1
5	363	139.185572257408	0
5	368	140.377959516987	1
5	372	142.473874447187	2
5	376	142.657649656115	3
5	377	142.918657808376	2
5	379	143.13373454268	1
5	384	143.424738920785	2
5	385	149.637417180756	1
5	387	149.883724698253	0
5	392	152.885600138177	1
5	393	152.93306218493	0
5	398	153.425322267394	1
5	402	154.746075625554	2
5	403	158.188272913483	1
5	405	159.131592960351	0
5	410	166.03058783945	1
5	414	167.831688538238	2
5	418	171.13190438652	3
5	419	172.091748348393	2
5	421	172.198789307953	1
5	426	172.630027884287	2
5	427	173.439087302011	1
5	429	175.266438225831	0
5	434	175.778214862679	1
5	435	176.893666938102	0
5	440	179.652840945396	1
5	441	183.425418054091	0
5	446	186.978353938898	1
5	447	187.237432134948	0
5	452	187.924760979084	1
5	456	189.420267681391	2
5	457	191.301044850938	1
5	462	192.790725646079	2
5	466	194.803086827576	3
5	467	195.287157380169	2
5	469	196.33244078335	1
5	474	197.032600561955	2
5	478	198.239851196097	3
5	479	198.340131895789	2
5	481	198.985974090814	1
5	483	199.415606564608	0
5	488	207.821721041114	1
5	492	208.608425207813	2
5	493	208.666313688501	1
5	495	212.507812286989	0
5	500	212.90778482789	1
5	501	213.10661377668	0
5	506	213.427767637103	1
5	507	215.241734377975	0
5	512	225.260546652791	1
5	516	226.125071133327	2
5	520	226.642336947767	3
5	521	226.979052141729	2
5	523	227.266948573296	1
5	528	228.974713327315	2
5	529	229.197324012495	1
5	534	229.457244097247	2
5	535	231.531915453072	1
5	540	232.281120447132	2
5	541	234.456152337635	1
5	546	234.800937979497	2
5	547	237.331627827683	1
5	549	239.139919046992	0
5	554	240.449319282524	1
5	558	240.502290422179	2
5	562	241.864595076337	3
5	563	243.932919356894	2
5	568	244.784806769862	3
5	569	245.035445138769	2
5	574	245.5671586087	3
5	575	245.869257194384	2
5	580	247.439536206751	3
5	584	249.670513781492	4
5	585	251.185258733467	3
5	587	251.712080258472	2
5	592	253.10735084383	3
5	596	253.506764707566	4
5	597	253.622073220434	3
5	599	253.71953156822	2
5	604	255.005511672641	3
5	608	255.446670978187	4
5	609	256.604023135639	3
5	614	257.321650956724	4
5	615	257.605995374185	3
5	617	257.615668021505	2
5	619	258.312694134793	1
5	624	259.414723060414	2
5	628	259.840566910692	3
5	629	260.955948367836	2
5	631	262.944626194296	1
5	633	265.288775552115	0
5	638	268.05906462537	1
5	639	268.440473635127	0
5	644	270.802274282531	1
5	645	273.010184561983	0
5	650	273.224006920447	1
5	651	275.011796479426	0
5	656	283.216634392818	1
5	660	283.712220738347	2
5	664	285.268082465097	3
5	665	285.750559197586	2
5	667	287.374510140332	1
5	672	287.707730776496	2
5	676	288.743285061966	3
5	677	289.070705822951	2
5	679	290.04409214581	1
5	684	291.98191107056	2
5	685	293.32694348651	1
5	690	294.606493999484	2
5	691	295.024331967826	1
5	693	300.847007613387	0
5	698	304.051328210714	1
5	702	307.293494662044	2
5	703	307.29759094076	1
5	705	307.829914203661	0
5	710	322.042867535843	1
5	711	323.15144806333	0
5	716	323.813261130098	1
5	720	323.966809241469	2
5	724	324.359717009485	3
5	728	325.831685041136	4
5	729	325.945103308573	3
5	731	326.694181987479	2
5	736	328.007348573639	3
5	737	329.557468641062	2
5	742	329.557748854858	3
5	743	329.670758330118	2
5	745	331.496145786363	1
5	747	334.013569189816	0
5	752	335.12484036429	1
5	753	341.697181762941	0
5	758	349.715170818027	1
5	759	350.342094801564	0
5	764	351.449644488294	1
5	765	356.01980713544	0
5	770	359.834700795258	1
5	771	362.932551960303	0
5	776	367.246218533445	1
5	780	367.532288357618	2
5	784	367.808963920655	3
5	785	368.752608872316	2
5	787	369.23930879424	1
5	792	371.862890078783	2
5	796	371.989656335254	3
5	800	375.43488568995	4
5	801	375.46941421691	3
5	803	375.552400694826	2
5	805	376.240607863236	1
5	807	376.911804129289	0
5	812	384.854390757754	1
5	816	386.643541510528	2
5	820	388.152054207872	3
5	821	389.285123121295	2
5	823	390.77653962393	1
5	828	391.668238793259	2
5	829	392.181349537107	1
5	831	394.046597124109	0
5	836	395.266081206103	1
5	837	396.927491764704	0
5	842	398.055756963125	1
5	843	398.859481228428	0
5	848	406.669256806922	1
5	852	408.057304509756	2
5	856	408.137121745533	3
5	860	408.682328817743	4
5	861	408.692041376926	3
5	863	409.399019149905	2
5	865	409.421936419908	1
5	867	409.961995711698	0
5	872	411.127984730146	1
5	873	411.852354172695	0
5	878	412.884420459952	1
5	879	417.631761245806	0
5	884	436.043554714379	1
5	888	437.19046503162	2
5	889	437.729784725373	1
5	891	440.750016690921	0
5	896	444.459145199137	1
5	897	448.622399985659	0
5	902	450.414875318789	1
5	903	450.587434135038	0
5	908	454.749159250611	1
5	912	455.360630572539	2
5	913	455.542894051832	1
5	918	456.659706506309	2
5	922	456.708548852651	3
5	923	458.510923640512	2
5	925	458.67061366274	1
5	930	460.408832641336	2
5	931	460.459824178614	1
5	936	461.559928933091	2
5	937	461.644556089671	1
5	939	463.041373763217	0
5	944	464.56260170659	1
5	948	468.60467021006	2
5	952	469.166016321219	3
5	953	470.435276049696	2
5	955	470.753215223651	1
5	960	475.013341373077	2
5	961	475.396910518181	1
5	966	476.677450297354	2
5	970	478.36501216511	3
5	971	480.402969455408	2
5	976	482.618529158505	3
5	980	482.748556545618	4
5	981	483.444996291296	3
5	983	483.794118484487	2
5	985	484.911610445349	1
5	990	485.265496782524	2
5	991	485.371290937407	1
5	996	485.75428086247	2
5	1000	487.358309921134	3
5	1004	492.156136620827	4
5	1008	492.174699026854	5
5	1009	492.436401800868	4
5	1011	492.663238929819	3
5	1016	492.825368075816	4
5	1017	493.955509033332	3
5	1019	494.471990099999	2
5	1021	494.64905803407	1
5	1026	495.655868215224	2
5	1027	495.992397459088	1
5	1032	498.570200402043	2
5	1033	498.739273681671	1
5	1038	498.77451553003	2
5	1039	499.25809518079	1
5	1041	499.955948164795	0
5	1046	505.289449436772	1
5	1047	507.37856046893	0
5	1052	507.858126964046	1
5	1056	510.712039266333	2
5	1057	511.619447658212	1
5	1062	513.43323132485	2
5	1063	514.177178057622	1
5	1068	514.798512158468	2
5	1072	515.255510134535	3
5	1073	515.696018343317	2
5	1075	515.699172223228	1
5	1080	517.780485182905	2
5	1084	518.065773743376	3
5	1085	519.314082303996	2
5	1090	519.367730543427	3
5	1091	519.985267172976	2
5	1093	520.369569579062	1
5	1095	520.587134732718	0
5	1100	521.85084035897	1
5	1101	521.892272947814	0
5	1106	527.840021201659	1
5	1110	529.392515840326	2
5	1111	529.440035919798	1
5	1116	530.23845974591	2
5	1117	530.53529302568	1
5	1119	532.884082177996	0
5	1124	534.350758846725	1
5	1128	535.020602800443	2
5	1132	535.446969468126	3
5	1136	535.586244424128	4
5	1137	535.799340619102	3
5	1139	535.926865961706	2
5	1141	536.078701985426	1
5	1146	541.97607049955	2
5	1147	542.922249425975	1
5	1149	544.652477770363	0
5	1154	548.692968381664	1
5	1155	549.256277133939	0
5	1160	549.911265098437	1
5	1164	551.151050971714	2
5	1168	551.522085026599	3
5	1169	551.968233790605	2
5	1174	552.471651141913	3
5	1175	553.671536729717	2
5	1177	556.304227875521	1
5	1179	559.167739064187	0
5	1184	565.203314748356	1
5	1188	568.447703794844	2
5	1189	568.592908329715	1
5	1194	569.450509219113	2
5	1195	571.778434259713	1
5	1200	574.925466322652	2
5	1201	576.988793709826	1
5	1203	581.432718909449	0
5	1208	585.739825674099	1
5	1212	586.0235273201	2
5	1216	586.442847660888	3
5	1217	586.449470233556	2
5	1222	587.883748857078	3
5	1226	590.92936902158	4
5	1230	591.216809001538	5
5	1234	591.641623187625	6
5	1235	592.591922008256	5
5	1237	593.219126745827	4
5	1239	593.373694400832	3
5	1244	593.901987630508	4
5	1248	594.337828111061	5
5	1252	595.310045335449	6
5	1256	595.323881899517	7
5	1257	595.443865553066	6
5	1259	595.761566824174	5
5	1261	595.796911425756	4
5	1263	596.229189691519	3
5	1268	597.01718458575	4
5	1272	597.814891776068	5
5	1276	597.820711915682	6
5	1277	598.608577112223	5
5	1279	599.417683642164	4
5	1281	599.992356935813	3
5	1286	602.914767246797	4
5	1287	603.085421805999	3
5	1289	603.418308381888	2
5	1291	603.500822705485	1
5	1293	603.973006401518	0
5	1298	605.797031481574	1
5	1299	607.483135605474	0
5	1304	611.316611851138	1
5	1305	612.006991980585	0
5	1310	612.431007082186	1
5	1314	617.965089450258	2
5	1315	618.565346183827	1
5	1320	618.623156888031	2
5	1321	618.816545890823	1
5	1326	620.783304000607	2
5	1327	621.517933225191	1
5	1332	623.120452756058	2
5	1333	623.644994110545	1
5	1338	624.327876412199	2
5	1339	624.430974758361	1
5	1344	627.056556556049	2
5	1348	628.454185074689	3
5	1349	628.604816299354	2
5	1351	629.901566053155	1
5	1356	632.723797360961	2
5	1357	633.216514316942	1
5	1359	636.257849410981	0
5	1364	637.126893663248	1
5	1368	639.784555044664	2
5	1369	640.275009751521	1
5	1374	640.589837539554	2
5	1375	641.032051577497	1
5	1380	643.363201936575	2
5	1381	643.968147244091	1
5	1383	646.086679036058	0
5	1388	646.233812431205	1
5	1389	647.72213278602	0
5	1394	653.901769261606	1
5	1395	655.241582647662	0
5	1400	664.260471116409	1
5	1401	665.78267640147	0
5	1406	666.887898457716	1
5	1407	680.769180404558	0
5	1412	681.864667448264	1
5	1413	682.529386502212	0
5	1418	684.40997176323	1
5	1422	684.551068326603	2
5	1423	685.792524583708	1
5	1428	685.832202696618	2
5	1429	687.601108261221	1
5	1431	688.952205131815	0
5	1436	690.228520336063	1
5	1437	692.66613877106	0
5	1442	693.461083031474	1
5	1446	693.668805930716	2
5	1447	697.79032139343	1
5	1452	698.892852263225	2
5	1456	699.73836545946	3
5	1460	700.200999720531	4
5	1461	701.456544135792	3
5	1463	701.472244734669	2
5	1468	702.104281272336	3
5	1472	702.412976106836	4
5	1476	703.202756345923	5
5	1477	703.332753485343	4
5	1479	704.002863615855	3
5	1481	707.380425347614	2
5	1486	708.452163541989	3
5	1487	708.692933229701	2
5	1489	708.760371061652	1
5	1494	715.825426728976	2
5	1498	717.764165430579	3
5	1499	718.06661929969	2
5	1501	718.980944929809	1
5	1503	721.118169417155	0
5	1508	723.079099430314	1
5	1512	724.007697906699	2
5	1516	724.346441693799	3
5	1520	724.904480287883	4
5	1521	725.085171116772	3
5	1523	726.131312781203	2
5	1525	726.234474623643	1
5	1530	727.409963958872	2
5	1531	727.845580368689	1
5	1536	729.265858182682	2
5	1537	730.220600190036	1
5	1539	732.088355307977	0
5	1544	739.600037603133	1
5	1548	740.57660028677	2
5	1549	742.838407982591	1
5	1554	744.030016202707	2
5	1558	744.338443692216	3
5	1562	748.361583647272	4
5	1563	748.862571876709	3
5	1565	749.211669418981	2
5	1567	751.897569049368	1
5	1569	756.947928732916	0
5	1574	758.907141848755	1
5	1575	760.433208800518	0
5	1580	764.128631227847	1
5	1581	765.208263320457	0
5	1586	776.188773991142	1
5	1587	779.734597908139	0
5	1592	780.435431701976	1
5	1593	782.89428895913	0
5	1598	782.941078638931	1
5	1599	785.117139811738	0
5	1604	786.178173254182	1
5	1605	786.933956993566	0
5	1610	789.902224529962	1
5	1611	793.050490505071	0
5	1616	796.579147927911	1
5	1617	799.972957177352	0
5	1622	800.902044809528	1
5	1623	802.367026282935	0
5	1628	805.966021185403	1
5	1629	806.875067218347	0
5	1634	808.463808175798	1
5	1638	808.895208692144	2
5	1639	809.816479084699	1
5	1644	812.238866041482	2
5	1645	812.77894487828	1
5	1650	821.26256217101	2
5	1654	822.454802582192	3
5	1655	824.417920257482	2
5	1660	825.533386018829	3
5	1661	825.848874017346	2
5	1666	826.420767827386	3
5	1667	827.772962316045	2
5	1669	828.545255486582	1
5	1674	828.586286861196	2
5	1678	830.681678603645	3
5	1679	830.710349611612	2
5	1684	830.90922415867	3
5	1685	831.358014760922	2
5	1690	834.04381228261	3
5	1691	834.726579856409	2
5	1693	835.294600080616	1
5	1695	844.178027345094	0
5	1700	844.630088711685	1
5	1701	848.103248292183	0
5	1706	848.955139955156	1
5	1710	853.428392563102	2
5	1711	853.754564336704	1
5	1713	854.402944869865	0
5	1718	863.18238805815	1
5	1722	867.231363399306	2
5	1723	867.839600996448	1
5	1725	868.920874996649	0
5	1730	869.637289581969	1
5	1731	870.215343411991	0
5	1736	872.189792205686	1
5	1740	876.506235469001	2
5	1741	879.108898979906	1
5	1743	879.769425185722	0
5	1748	880.640109566771	1
5	1749	881.369138184326	0
5	1754	882.647153709326	1
5	1755	883.57998901528	0
5	1760	884.382876328788	1
5	1761	884.889155430645	0
5	1766	886.167162682882	1
5	1770	888.490401797898	2
5	1771	889.343209918057	1
5	1773	892.197317407629	0
5	1778	895.39712608858	1
5	1779	895.589310713682	0
5	1784	897.793072510595	1
5	1788	898.128213369469	2
5	1789	899.205759506522	1
5	1794	899.735521142897	2
5	1798	901.592871878498	3
5	1799	902.944542844531	2
5	1804	904.84652196186	3
5	1808	906.142769041286	4
5	1809	906.353602080783	3
5	1811	908.985830333424	2
5	1813	909.814832697149	1
5	1815	911.087102032369	0
5	1820	916.479899520078	1
5	1824	917.955623060575	2
5	1825	919.745502234282	1
5	1830	919.894434555587	2
5	1831	919.912115621685	1
5	1836	921.009342192566	2
5	1837	921.228510997932	1
5	1842	922.270529588947	2
5	1846	924.777318314005	3
5	1847	925.088981206116	2
5	1852	926.952112454964	3
5	1853	930.270756991308	2
5	1855	930.61153268971	1
5	1860	931.486437838908	2
5	1861	932.078886341516	1
5	1863	933.323593593404	0
5	1868	937.543467606556	1
5	1869	938.276751780597	0
5	1874	939.137834638529	1
5	1875	939.245849916926	0
5	1880	946.64034929803	1
5	1881	947.129630803454	0
5	1886	948.551781905119	1
5	1887	948.919580916555	0
5	1892	950.030301252768	1
5	1896	954.688195648364	2
5	1900	955.496399805344	3
5	1904	956.707805604872	4
5	1905	957.050689173355	3
5	1910	957.223534532226	4
5	1911	957.635909946789	3
5	1916	957.950904496852	4
5	1917	958.348277989455	3
5	1919	958.481898915632	2
5	1924	959.381233542056	3
5	1928	960.076915863596	4
5	1929	960.686209754296	3
5	1931	961.813136819361	2
5	1933	962.981782588996	1
5	1938	965.959145907278	2
5	1942	966.016946191607	3
5	1943	966.442690737239	2
5	1945	969.158629932603	1
5	1950	970.368568024249	2
5	1954	970.505089529639	3
5	1955	970.799860905879	2
5	1957	971.597704284064	1
5	1959	972.753403247557	0
5	1964	975.722184296278	1
5	1965	976.920084319155	0
5	1970	979.601928039591	1
5	1974	979.606477150866	2
5	1978	979.75976507876	3
5	1979	980.310599499309	2
5	1984	981.052645901982	3
5	1985	981.313226361516	2
5	1990	981.626318143587	3
5	1991	982.643728713501	2
5	1996	982.963721973718	3
5	1997	983.974865873832	2
5	1999	984.252329819073	1
5	2001	984.764886982068	0
5	2006	987.031383123211	1
5	2007	988.247700477641	0
5	2012	989.105226039561	1
5	2013	991.217401344097	0
5	2018	992.94467894849	1
5	2022	994.738221527584	2
5	2026	998.106290844309	3
5	2027	998.575442008707	2
5	2029	999.037938235197	1

