version 3
run General-43-20221103-10:28:22-6760
attr configname General
attr datetime 20221103-10:28:22
attr datetimef 20221103-102822
attr experiment General
attr inifile block.ini
attr iterationvars "$0=4, $1=30"
attr iterationvarsd 4/30
attr iterationvarsf 4,30-
attr measurement "$0=4, $1=30"
attr network Block
attr processid 6760
attr repetition 3
attr replication #3
attr resultdir results
attr runnumber 43
attr seedset 43
config network Block
config repeat 5
config sim-time-limit 1000s
config warmup-period 100s
config **.alloca.resourceModuleName "\"risorse\""
config **.dealloca.resourceModuleName "\"risorse\""
config **.is.delay exponential(3s)
config **.servente.serviceTime exponential(4s)
config **.dealloca.resourceAmount 2
config **.alloca.resourceAmount 2
config **.risorse.amount 6
config **.sorgente.numJobs (30)
config **.result-recording-modes all

vector 0 Block.servente queueLength:vector ETV
attr interpolationmode sample-hold
attr recordingmode vector
attr title "queue length"
vector 1 Block.servente queueingTime:vector ETV
attr interpolationmode none
attr recordingmode vector
attr title "queueing time at dequeue"
attr unit s
vector 2 Block.alloca queueLength:vector ETV
attr interpolationmode sample-hold
attr recordingmode vector
attr title "queue length"
vector 3 Block.alloca queueingTime:vector ETV
attr interpolationmode none
attr recordingmode vector
attr title "queueing time at dequeue"
attr unit s
vector 4 Block.risorse amount:vector ETV
attr interpolationmode sample-hold
attr recordingmode vector
attr title "available resource"
vector 5 Block.is delayedJobs:vector ETV
attr interpolationmode sample-hold
attr recordingmode vector
attr title "number of delayed jobs"
0	249	100.458975578682	1
0	251	100.458975578682	2
0	255	103.020730087251	1
0	257	103.020730087251	2
0	263	106.776899601795	1
0	265	106.776899601795	2
0	267	108.005791377653	1
0	269	108.005791377653	2
0	275	118.208718190148	1
0	277	118.208718190148	2
0	281	128.978320654818	1
0	283	128.978320654818	2
0	285	129.557599472933	1
0	287	129.557599472933	2
0	293	136.086599885824	1
0	295	136.086599885824	2
0	297	146.035947620109	1
0	299	146.035947620109	2
0	301	149.076805515285	1
0	303	149.076805515285	2
0	307	150.549231752286	1
0	309	150.549231752286	2
0	317	154.263049765116	1
0	319	154.263049765116	2
0	323	160.247792742479	1
0	325	160.247792742479	2
0	327	162.113350069723	1
0	329	162.113350069723	2
0	335	165.445062675829	1
0	337	165.445062675829	2
0	339	165.653269186796	1
0	341	165.653269186796	2
0	343	167.947901370848	1
0	345	167.947901370848	2
0	353	173.929931394685	1
0	355	173.929931394685	2
0	357	173.931378170689	1
0	359	173.931378170689	2
0	365	180.884084525526	1
0	367	180.884084525526	2
0	371	187.561220305596	1
0	373	187.561220305596	2
0	377	196.669831840387	1
0	379	196.669831840387	2
0	383	199.580029460106	1
0	385	199.580029460106	2
0	389	205.944847274332	1
0	391	205.944847274332	2
0	395	208.008018084432	1
0	397	208.008018084432	2
0	401	218.086221668227	1
0	403	218.086221668227	2
0	407	222.862790879824	1
0	409	222.862790879824	2
0	411	223.078805020851	1
0	413	223.078805020851	2
0	419	236.026541630114	1
0	421	236.026541630114	2
0	425	241.491532543319	1
0	427	241.491532543319	2
0	431	243.762685210557	1
0	433	243.762685210557	2
0	437	263.537260841312	1
0	439	263.537260841312	2
0	441	267.007340211571	1
0	443	267.007340211571	2
0	449	276.290738789828	1
0	451	276.290738789828	2
0	455	286.929085686395	1
0	457	286.929085686395	2
0	459	288.404674796394	1
0	461	288.404674796394	2
0	465	294.035543121806	1
0	467	294.035543121806	2
0	473	305.237735310746	1
0	475	305.237735310746	2
0	477	305.808743254676	1
0	479	305.808743254676	2
0	485	315.694870937042	1
0	487	315.694870937042	2
0	489	316.933040455817	1
0	491	316.933040455817	2
0	493	319.142581416015	1
0	495	319.142581416015	2
0	499	322.093809629294	1
0	501	322.093809629294	2
0	507	332.952462746694	1
0	509	332.952462746694	2
0	515	341.975230319287	1
0	517	341.975230319287	2
0	521	343.377097201031	1
0	523	343.377097201031	2
0	527	352.852798247539	1
0	529	352.852798247539	2
0	533	356.933884672175	1
0	535	356.933884672175	2
0	539	367.19517793113	1
0	541	367.19517793113	2
0	543	368.414906384759	1
0	545	368.414906384759	2
0	549	374.759096475374	1
0	551	374.759096475374	2
0	555	375.119963947259	1
0	557	375.119963947259	2
0	561	381.99488743954	1
0	563	381.99488743954	2
0	569	392.272758745095	1
0	571	392.272758745095	2
0	575	395.000789813975	1
0	577	395.000789813975	2
0	579	399.400748773307	1
0	581	399.400748773307	2
0	587	402.410483931404	1
0	589	402.410483931404	2
0	591	403.732215784149	1
0	593	403.732215784149	2
0	599	408.290975737987	1
0	601	408.290975737987	2
0	605	409.253515741446	1
0	607	409.253515741446	2
0	609	410.11204120369	1
0	611	410.11204120369	2
0	615	410.903599861924	1
0	617	410.903599861924	2
0	623	412.484809318747	1
0	625	412.484809318747	2
0	629	422.255139095332	1
0	631	422.255139095332	2
0	633	422.544907770873	1
0	635	422.544907770873	2
0	639	428.599096957904	1
0	641	428.599096957904	2
0	643	430.55013505724	1
0	645	430.55013505724	2
0	647	430.604007743763	1
0	649	430.604007743763	2
0	655	431.931346683914	1
0	657	431.931346683914	2
0	665	437.811311684939	1
0	667	437.811311684939	2
0	669	438.091836820904	1
0	671	438.091836820904	2
0	677	446.030255876572	1
0	679	446.030255876572	2
0	681	449.85777334124	1
0	683	449.85777334124	2
0	689	452.316491881476	1
0	691	452.316491881476	2
0	695	456.730626688715	1
0	697	456.730626688715	2
0	701	460.482796343962	1
0	703	460.482796343962	2
0	705	461.128120313449	1
0	707	461.128120313449	2
0	711	463.575593597178	1
0	713	463.575593597178	2
0	719	465.802334519012	1
0	721	465.802334519012	2
0	725	469.876121181598	1
0	727	469.876121181598	2
0	729	470.063388232446	1
0	731	470.063388232446	2
0	735	471.171159797143	1
0	737	471.171159797143	2
0	743	478.663384598047	1
0	745	478.663384598047	2
0	749	481.28726576662	1
0	751	481.28726576662	2
0	755	485.378934489492	1
0	757	485.378934489492	2
0	759	488.050769062321	1
0	761	488.050769062321	2
0	763	491.480023628269	1
0	765	491.480023628269	2
0	771	493.651847084686	1
0	773	493.651847084686	2
0	779	497.106388850855	1
0	781	497.106388850855	2
0	785	512.318629635125	1
0	787	512.318629635125	2
0	791	518.319040670804	1
0	793	518.319040670804	2
0	797	527.499431817695	1
0	799	527.499431817695	2
0	803	538.131792821243	1
0	805	538.131792821243	2
0	807	539.524146026526	1
0	809	539.524146026526	2
0	811	540.083080963883	1
0	813	540.083080963883	2
0	819	541.131604623581	1
0	821	541.131604623581	2
0	827	544.066691688966	1
0	829	544.066691688966	2
0	831	545.31054007507	1
0	833	545.31054007507	2
0	839	552.376599577652	1
0	841	552.376599577652	2
0	845	554.586246476082	1
0	847	554.586246476082	2
0	851	558.089322975558	1
0	853	558.089322975558	2
0	857	560.424348805327	1
0	859	560.424348805327	2
0	863	565.559851943247	1
0	865	565.559851943247	2
0	869	567.198652871179	1
0	871	567.198652871179	2
0	875	570.876296808374	1
0	877	570.876296808374	2
0	881	576.839586289132	1
0	883	576.839586289132	2
0	885	576.944029440381	1
0	887	576.944029440381	2
0	893	585.489350948548	1
0	895	585.489350948548	2
0	899	585.946126571445	1
0	901	585.946126571445	2
0	903	587.265691057091	1
0	905	587.265691057091	2
0	911	593.32017114951	1
0	913	593.32017114951	2
0	917	606.364993530016	1
0	919	606.364993530016	2
0	923	617.488007218936	1
0	925	617.488007218936	2
0	929	623.731283316779	1
0	931	623.731283316779	2
0	935	636.336504031403	1
0	937	636.336504031403	2
0	939	637.787755000751	1
0	941	637.787755000751	2
0	945	643.734808470055	1
0	947	643.734808470055	2
0	951	648.871627117315	1
0	953	648.871627117315	2
0	957	651.998297045711	1
0	959	651.998297045711	2
0	961	653.028632582952	1
0	963	653.028632582952	2
0	969	658.684453152299	1
0	971	658.684453152299	2
0	975	660.607631446391	1
0	977	660.607631446391	2
0	983	669.626662731122	1
0	985	669.626662731122	2
0	989	674.644709630192	1
0	991	674.644709630192	2
0	995	681.404652137103	1
0	997	681.404652137103	2
0	999	685.291346471732	1
0	1001	685.291346471732	2
0	1005	686.652576532254	1
0	1007	686.652576532254	2
0	1011	689.451179976787	1
0	1013	689.451179976787	2
0	1015	690.556135245287	1
0	1017	690.556135245287	2
0	1019	692.521705546946	1
0	1021	692.521705546946	2
0	1027	694.646126800943	1
0	1029	694.646126800943	2
0	1031	694.74790813368	1
0	1033	694.74790813368	2
0	1037	699.172164909985	1
0	1039	699.172164909985	2
0	1045	706.892504834506	1
0	1047	706.892504834506	2
0	1053	712.869560783758	1
0	1055	712.869560783758	2
0	1061	716.339392017118	1
0	1063	716.339392017118	2
0	1065	717.614433465964	1
0	1067	717.614433465964	2
0	1069	718.087837144201	1
0	1071	718.087837144201	2
0	1073	718.787384036436	1
0	1075	718.787384036436	2
0	1081	721.117215905287	1
0	1083	721.117215905287	2
0	1087	721.857590175281	1
0	1089	721.857590175281	2
0	1097	734.091222009212	1
0	1099	734.091222009212	2
0	1101	736.039565999764	1
0	1103	736.039565999764	2
0	1109	737.590937492692	1
0	1111	737.590937492692	2
0	1115	751.334425685793	1
0	1117	751.334425685793	2
0	1121	752.864147636306	1
0	1123	752.864147636306	2
0	1125	753.025064417409	1
0	1127	753.025064417409	2
0	1131	755.746677330321	1
0	1133	755.746677330321	2
0	1139	761.337591655722	1
0	1141	761.337591655722	2
0	1145	766.481593077147	1
0	1147	766.481593077147	2
0	1151	769.967933554255	1
0	1153	769.967933554255	2
0	1157	777.685427030168	1
0	1159	777.685427030168	2
0	1161	777.859051016956	1
0	1163	777.859051016956	2
0	1169	782.393926770387	1
0	1171	782.393926770387	2
0	1173	783.77331397354	1
0	1175	783.77331397354	2
0	1181	799.543424943341	1
0	1183	799.543424943341	2
0	1187	801.328793589243	1
0	1189	801.328793589243	2
0	1193	804.498524005441	1
0	1195	804.498524005441	2
0	1197	805.829046599348	1
0	1199	805.829046599348	2
0	1201	806.462245435399	1
0	1203	806.462245435399	2
0	1205	809.34874641025	1
0	1207	809.34874641025	2
0	1209	811.976114627659	1
0	1211	811.976114627659	2
0	1213	812.038480130151	1
0	1215	812.038480130151	2
0	1217	813.095644819266	1
0	1219	813.095644819266	2
0	1233	818.408717972564	1
0	1235	818.408717972564	2
0	1241	823.146019609301	1
0	1243	823.146019609301	2
0	1245	823.381823137048	1
0	1247	823.381823137048	2
0	1249	825.935624389725	1
0	1251	825.935624389725	2
0	1255	829.355097167837	1
0	1257	829.355097167837	2
0	1261	830.679707480253	1
0	1263	830.679707480253	2
0	1269	833.759117705468	1
0	1271	833.759117705468	2
0	1277	841.362506503982	1
0	1279	841.362506503982	2
0	1283	841.521135528295	1
0	1285	841.521135528295	2
0	1289	848.202502803944	1
0	1291	848.202502803944	2
0	1295	853.625043361503	1
0	1297	853.625043361503	2
0	1301	856.685559814389	1
0	1303	856.685559814389	2
0	1305	857.434635932155	1
0	1307	857.434635932155	2
0	1313	862.424154992109	1
0	1315	862.424154992109	2
0	1319	864.470046480532	1
0	1321	864.470046480532	2
0	1325	867.228985256744	1
0	1327	867.228985256744	2
0	1329	867.706919068396	1
0	1331	867.706919068396	2
0	1333	868.737699890302	1
0	1335	868.737699890302	2
0	1343	872.458280610482	1
0	1345	872.458280610482	2
0	1349	877.210590304269	1
0	1351	877.210590304269	2
0	1355	885.449300178939	1
0	1357	885.449300178939	2
0	1359	885.552041250225	1
0	1361	885.552041250225	2
0	1365	885.85747474762	1
0	1367	885.85747474762	2
0	1369	886.700425650142	1
0	1371	886.700425650142	2
0	1375	888.513596395346	1
0	1377	888.513596395346	2
0	1383	891.484274879744	1
0	1385	891.484274879744	2
0	1391	894.642359150301	1
0	1393	894.642359150301	2
0	1395	895.75882450194	1
0	1397	895.75882450194	2
0	1403	904.722197354179	1
0	1405	904.722197354179	2
0	1409	914.042201678745	1
0	1411	914.042201678745	2
0	1413	915.00500347995	1
0	1415	915.00500347995	2
0	1421	928.926715037711	1
0	1423	928.926715037711	2
0	1427	931.934592839222	1
0	1429	931.934592839222	2
0	1433	937.007903481958	1
0	1435	937.007903481958	2
0	1439	943.805694707453	1
0	1441	943.805694707453	2
0	1445	951.424946716028	1
0	1447	951.424946716028	2
0	1451	955.134832975823	1
0	1453	955.134832975823	2
0	1455	957.107843533252	1
0	1457	957.107843533252	2
0	1463	961.331168230365	1
0	1465	961.331168230365	2
0	1469	968.206608318394	1
0	1471	968.206608318394	2
0	1475	969.288855783166	1
0	1477	969.288855783166	2
0	1479	969.533436481049	1
0	1481	969.533436481049	2
0	1483	970.257409172386	1
0	1485	970.257409172386	2
0	1491	974.901620348759	1
0	1493	974.901620348759	2
0	1499	980.367954050146	1
0	1501	980.367954050146	2
0	1503	983.012585745171	1
0	1505	983.012585745171	2
0	1511	987.655482576117	1
0	1513	987.655482576117	2
0	1517	992.097701546682	1
0	1519	992.097701546682	2
0	1523	996.621311652373	1
0	1525	996.621311652373	2
1	249	100.458975578682	11.76026347431
1	255	103.020730087251	3.228138161668
1	263	106.776899601795	6.317924023113
1	267	108.005791377653	4.985061290402
1	275	118.208718190148	11.431818588353
1	281	128.978320654818	20.972529277165
1	285	129.557599472933	11.348881282785
1	293	136.086599885824	7.108279231006
1	297	146.035947620109	16.478348147176
1	301	149.076805515285	12.990205629461
1	307	150.549231752286	4.513284132177
1	317	154.263049765116	5.186244249831
1	323	160.247792742479	9.698560990193
1	327	162.113350069723	7.850300304607
1	335	165.445062675829	5.19726993335
1	339	165.653269186796	3.539919117073
1	343	167.947901370848	2.502838695019
1	353	173.929931394685	8.276662207889
1	357	173.931378170689	5.983476799841
1	365	180.884084525526	6.954153130841
1	371	187.561220305596	13.629842134907
1	377	196.669831840387	15.785747314861
1	383	199.580029460106	12.01880915451
1	389	205.944847274332	9.275015433945
1	395	208.008018084432	8.427988624326
1	401	218.086221668227	12.141374393895
1	407	222.862790879824	14.854772795392
1	411	223.078805020851	4.992583352624
1	419	236.026541630114	13.16375075029
1	425	241.491532543319	18.412727522468
1	431	243.762685210557	7.736143580443
1	437	263.537260841312	22.045728297993
1	441	267.007340211571	23.244655001014
1	449	276.290738789828	12.753477948516
1	455	286.929085686395	19.921745474824
1	459	288.404674796394	12.113936006566
1	465	294.035543121806	7.106457435411
1	473	305.237735310746	16.833060514352
1	477	305.808743254676	11.77320013287
1	485	315.694870937042	10.457135626296
1	489	316.933040455817	11.124297201141
1	493	319.142581416015	3.447710478973
1	499	322.093809629294	5.160769173477
1	507	332.952462746694	13.809881330679
1	515	341.975230319287	19.881420689993
1	521	343.377097201031	10.424634454337
1	527	352.852798247539	10.877567928252
1	533	356.933884672175	13.556787471144
1	539	367.19517793113	14.342379683591
1	543	368.414906384759	11.481021712584
1	549	374.759096475374	7.563918544244
1	555	375.119963947259	6.7050575625
1	561	381.99488743954	7.235790964166
1	569	392.272758745095	17.152794797836
1	575	395.000789813975	13.005902374435
1	579	399.400748773307	7.127990028212
1	587	402.410483931404	7.409694117429
1	591	403.732215784149	4.331467010842
1	599	408.290975737987	5.880491806583
1	605	409.253515741446	5.521299957297
1	609	410.11204120369	1.821065465703
1	615	410.903599861924	1.650084120478
1	623	412.484809318747	2.372768115057
1	629	422.255139095332	11.351539233408
1	633	422.544907770873	10.060098452126
1	639	428.599096957904	6.343957862572
1	643	430.55013505724	8.005227286367
1	647	430.604007743763	2.004910785859
1	655	431.931346683914	1.381211626674
1	665	437.811311684939	7.207303941176
1	669	438.091836820904	6.16049013699
1	677	446.030255876572	8.218944191633
1	681	449.85777334124	11.765936520336
1	689	452.316491881476	6.286236004904
1	695	456.730626688715	6.872853347475
1	701	460.482796343962	8.166304462486
1	705	461.128120313449	4.397493624734
1	711	463.575593597178	3.092797253216
1	719	465.802334519012	4.674214205563
1	725	469.876121181598	6.30052758442
1	729	470.063388232446	4.261053713434
1	735	471.171159797143	1.295038615545
1	743	478.663384598047	8.599996365601
1	749	481.28726576662	10.116105969477
1	755	485.378934489492	6.715549891445
1	759	488.050769062321	6.763503295701
1	763	491.480023628269	6.101089138777
1	771	493.651847084686	5.601078022365
1	779	497.106388850855	5.626365222586
1	785	512.318629635125	18.666782550439
1	791	518.319040670804	21.212651819949
1	797	527.499431817695	15.18080218257
1	803	538.131792821243	19.812752150439
1	807	539.524146026526	12.024714208831
1	811	540.083080963883	1.95128814264
1	819	541.131604623581	1.607458597055
1	827	544.066691688966	3.983610725083
1	831	545.31054007507	4.178935451489
1	839	552.376599577652	8.309907888686
1	845	554.586246476082	9.275706401012
1	851	558.089322975558	5.712723397906
1	857	560.424348805327	5.838102329245
1	863	565.559851943247	7.470528967689
1	869	567.198652871179	6.774304065852
1	875	570.876296808374	5.316444865127
1	881	576.839586289132	9.640933417953
1	885	576.944029440381	6.067732632007
1	893	585.489350948548	8.649764659416
1	899	585.946126571445	9.002097131064
1	903	587.265691057091	1.776340108543
1	911	593.32017114951	7.374044578065
1	917	606.364993530016	19.099302472925
1	923	617.488007218936	24.167836069426
1	929	623.731283316779	17.366289786763
1	935	636.336504031403	18.848496812467
1	939	637.787755000751	14.056471683972
1	945	643.734808470055	7.398304438652
1	951	648.871627117315	11.083872116564
1	957	651.998297045711	8.263488575656
1	961	653.028632582952	4.157005465637
1	969	658.684453152299	6.686156106588
1	975	660.607631446391	7.578998863439
1	983	669.626662731122	10.942209578823
1	989	674.644709630192	14.037078183801
1	995	681.404652137103	11.777989405981
1	999	685.291346471732	10.64663684154
1	1005	686.652576532254	5.247924395151
1	1011	689.451179976787	4.159833505055
1	1015	690.556135245287	3.903558713033
1	1019	692.521705546946	3.070525570159
1	1027	694.646126800943	4.089991555656
1	1031	694.74790813368	2.226202586734
1	1037	699.172164909985	4.526038109042
1	1045	706.892504834506	12.144596700826
1	1053	712.869560783758	13.697395873773
1	1061	716.339392017118	9.446887182612
1	1065	717.614433465964	4.744872682206
1	1069	718.087837144201	1.748445127083
1	1073	718.787384036436	1.172950570472
1	1081	721.117215905287	3.029378761086
1	1087	721.857590175281	3.070206138845
1	1097	734.091222009212	12.974006103925
1	1101	736.039565999764	14.181975824483
1	1109	737.590937492692	3.49971548348
1	1115	751.334425685793	15.294859686029
1	1121	752.864147636306	15.273210143614
1	1125	753.025064417409	1.690638731616
1	1131	755.746677330321	2.882529694015
1	1139	761.337591655722	8.312527238313
1	1145	766.481593077147	10.734915746826
1	1151	769.967933554255	8.630341898533
1	1157	777.685427030168	11.203833953021
1	1161	777.859051016956	7.891117462701
1	1169	782.393926770387	4.708499740219
1	1173	783.77331397354	5.914262956584
1	1181	799.543424943341	17.149498172954
1	1187	801.328793589243	17.555479615703
1	1193	804.498524005441	4.9550990621
1	1197	805.829046599348	4.500253010105
1	1201	806.462245435399	1.963721429958
1	1205	809.34874641025	3.519699810902
1	1209	811.976114627659	5.51386919226
1	1213	812.038480130151	2.689733719901
1	1217	813.095644819266	1.119530191607
1	1233	818.408717972564	6.370237842413
1	1241	823.146019609301	10.050374790035
1	1245	823.381823137048	4.973105164484
1	1249	825.935624389725	2.789604780424
1	1255	829.355097167837	5.973274030789
1	1261	830.679707480253	4.744083090528
1	1269	833.759117705468	4.404020537631
1	1277	841.362506503982	10.682799023729
1	1283	841.521135528295	7.762017822827
1	1289	848.202502803944	6.839996299962
1	1295	853.625043361503	12.103907833208
1	1301	856.685559814389	8.483057010445
1	1305	857.434635932155	3.809592570652
1	1313	862.424154992109	5.73859517772
1	1319	864.470046480532	7.035410548377
1	1325	867.228985256744	4.804830264635
1	1329	867.706919068396	3.236872587864
1	1333	868.737699890302	1.508714633558
1	1343	872.458280610482	4.751361542086
1	1349	877.210590304269	8.472890413967
1	1355	885.449300178939	12.991019568457
1	1359	885.552041250225	8.341450945956
1	1365	885.85747474762	0.408174568681
1	1369	886.700425650142	1.148384399917
1	1375	888.513596395346	2.656121647726
1	1383	891.484274879744	4.783849229602
1	1391	894.642359150301	6.128762754955
1	1395	895.75882450194	4.274549622196
1	1403	904.722197354179	10.079838203878
1	1409	914.042201678745	18.283377176805
1	1413	915.00500347995	10.282806125771
1	1421	928.926715037711	14.884513358966
1	1427	931.934592839222	16.929589359272
1	1433	937.007903481958	8.081188444247
1	1439	943.805694707453	11.871101868231
1	1445	951.424946716028	14.41704323407
1	1451	955.134832975823	11.32913826837
1	1455	957.107843533252	5.682896817224
1	1463	961.331168230365	6.196335254542
1	1469	968.206608318394	11.098764785142
1	1475	969.288855783166	7.957687552801
1	1479	969.533436481049	1.326828162655
1	1483	970.257409172386	0.96855338922
1	1491	974.901620348759	5.36818386771
1	1499	980.367954050146	10.11054487776
1	1503	983.012585745171	8.110965396412
1	1511	987.655482576117	7.287528525971
1	1517	992.097701546682	9.085115801511
1	1523	996.621311652373	8.965829076256
2	250	100.458975578682	25
2	254	101.385437053521	26
2	256	103.020730087251	25
2	260	106.366577035508	26
2	262	106.466797580551	27
2	264	106.776899601795	26
2	268	108.005791377653	25
2	272	108.97285529778	26
2	274	109.749827631636	27
2	276	118.208718190148	26
2	280	125.020445055049	27
2	282	128.978320654818	26
2	286	129.557599472933	25
2	290	129.67370588255	26
2	292	131.112183798619	27
2	294	136.086599885824	26
2	298	146.035947620109	25
2	302	149.076805515285	24
2	306	150.028266398159	25
2	308	150.549231752286	24
2	312	150.843499002162	25
2	314	151.228105622861	26
2	316	153.016698432705	27
2	318	154.263049765116	26
2	322	155.852338642087	27
2	324	160.247792742479	26
2	328	162.113350069723	25
2	332	163.641814067678	26
2	334	164.142511235037	27
2	336	165.445062675829	26
2	340	165.653269186796	25
2	344	167.947901370848	24
2	348	168.772370554914	25
2	350	169.312718182471	26
2	352	170.769343341957	27
2	354	173.929931394685	26
2	358	173.931378170689	25
2	362	174.623702878243	26
2	364	176.259742523771	27
2	366	180.884084525526	26
2	370	181.550372349885	27
2	372	187.561220305596	26
2	376	192.326288336943	27
2	378	196.669831840387	26
2	382	197.698709196681	27
2	384	199.580029460106	26
2	388	202.781046148432	27
2	390	205.944847274332	26
2	394	207.013230142799	27
2	396	208.008018084432	26
2	400	208.476149828595	27
2	402	218.086221668227	26
2	406	219.638547417662	27
2	408	222.862790879824	26
2	412	223.078805020851	25
2	416	223.915558855702	26
2	418	223.977153997897	27
2	420	236.026541630114	26
2	424	238.687495130832	27
2	426	241.491532543319	26
2	430	242.336009336013	27
2	432	243.762685210557	26
2	436	247.894934213563	27
2	438	263.537260841312	26
2	442	267.007340211571	25
2	446	267.357729490246	26
2	448	270.572237671231	27
2	450	276.290738789828	26
2	454	276.615976902587	27
2	456	286.929085686395	26
2	460	288.404674796394	25
2	464	290.504221349501	26
2	466	294.035543121806	25
2	470	295.557201515036	26
2	472	300.93352300057	27
2	474	305.237735310746	26
2	478	305.808743254676	25
2	482	305.901845251314	26
2	484	308.516270567232	27
2	486	315.694870937042	26
2	490	316.933040455817	25
2	494	319.142581416015	24
2	498	319.215977838761	25
2	500	322.093809629294	24
2	504	324.063117701032	25
2	506	325.787320066141	26
2	508	332.952462746694	25
2	512	333.985951062793	26
2	514	336.865169531894	27
2	516	341.975230319287	26
2	520	342.172754239376	27
2	522	343.377097201031	26
2	526	345.906388092222	27
2	528	352.852798247539	26
2	532	352.868086994191	27
2	534	356.933884672175	26
2	538	359.768554023518	27
2	540	367.19517793113	26
2	544	368.414906384759	25
2	548	373.320031298618	26
2	550	374.759096475374	25
2	554	374.867112482563	26
2	556	375.119963947259	25
2	560	379.159613966916	26
2	562	381.99488743954	25
2	566	382.607532521534	26
2	568	384.01734651883	27
2	570	392.272758745095	26
2	574	393.983839847059	27
2	576	395.000789813975	26
2	580	399.400748773307	25
2	584	400.284048337791	26
2	586	401.512816580678	27
2	588	402.410483931404	26
2	592	403.732215784149	25
2	596	404.167738678159	26
2	598	406.610883021533	27
2	600	408.290975737987	26
2	604	408.618253202065	27
2	606	409.253515741446	26
2	610	410.11204120369	25
2	614	410.249244591853	26
2	616	410.903599861924	25
2	620	411.274194553868	26
2	622	412.023875197097	27
2	624	412.484809318747	26
2	628	416.668269062944	27
2	630	422.255139095332	26
2	634	422.544907770873	25
2	638	426.026195546675	26
2	640	428.599096957904	25
2	644	430.55013505724	24
2	648	430.604007743763	23
2	652	431.063876565733	24
2	654	431.277223184306	25
2	656	431.931346683914	24
2	660	433.099440236601	25
2	662	434.342002227182	26
2	664	437.664732895133	27
2	666	437.811311684939	26
2	670	438.091836820904	25
2	674	443.40232646767	26
2	676	445.763861682106	27
2	678	446.030255876572	26
2	682	449.85777334124	25
2	686	451.327851797136	26
2	688	451.361379571075	27
2	690	452.316491881476	26
2	694	455.051805753433	27
2	696	456.730626688715	26
2	700	458.431217584689	27
2	702	460.482796343962	26
2	706	461.128120313449	25
2	710	463.117059712744	26
2	712	463.575593597178	25
2	716	463.987386975147	26
2	718	464.036749741519	27
2	720	465.802334519012	26
2	724	468.903931986099	27
2	726	469.876121181598	26
2	730	470.063388232446	25
2	734	470.563252264009	26
2	736	471.171159797143	25
2	740	471.506024035451	26
2	742	474.162359065108	27
2	744	478.663384598047	26
2	748	478.685393602647	27
2	750	481.28726576662	26
2	754	482.508866081788	27
2	756	485.378934489492	26
2	760	488.050769062321	25
2	764	491.480023628269	24
2	768	491.672460302033	25
2	770	493.081720634856	26
2	772	493.651847084686	25
2	776	494.037912502822	26
2	778	495.825066932325	27
2	780	497.106388850855	26
2	784	497.293175521083	27
2	786	512.318629635125	26
2	790	516.204829594045	27
2	792	518.319040670804	26
2	796	525.394951348527	27
2	798	527.499431817695	26
2	802	527.547898987291	27
2	804	538.131792821243	26
2	808	539.524146026526	25
2	812	540.083080963883	24
2	816	540.764018695482	25
2	818	541.119851691882	26
2	820	541.131604623581	25
2	824	543.35104843299	26
2	826	543.43667542941	27
2	828	544.066691688966	26
2	832	545.31054007507	25
2	836	548.031990318752	26
2	838	549.126489138647	27
2	840	552.376599577652	26
2	844	553.803724824899	27
2	846	554.586246476082	26
2	850	554.82843817641	27
2	852	558.089322975558	26
2	856	560.091212625464	27
2	858	560.424348805327	26
2	862	562.318777855441	27
2	864	565.559851943247	26
2	868	566.160824988327	27
2	870	567.198652871179	26
2	874	567.416803474898	27
2	876	570.876296808374	26
2	880	573.006572202364	27
2	882	576.839586289132	26
2	886	576.944029440381	25
2	890	577.668325601497	26
2	892	578.049321811313	27
2	894	585.489350948548	26
2	898	585.787674815818	27
2	900	585.946126571445	26
2	904	587.265691057091	25
2	908	588.581729103321	26
2	910	591.405317133748	27
2	912	593.32017114951	26
2	916	598.579837424708	27
2	918	606.364993530016	26
2	922	606.443909226292	27
2	924	617.488007218936	26
2	928	617.494733481965	27
2	930	623.731283316779	26
2	934	631.47888487124	27
2	936	636.336504031403	26
2	940	637.787755000751	25
2	944	639.698463515961	26
2	946	643.734808470055	25
2	950	645.69373356439	26
2	952	648.871627117315	25
2	956	649.391608501072	26
2	958	651.998297045711	25
2	962	653.028632582952	24
2	966	653.573450656973	25
2	968	653.573467413464	26
2	970	658.684453152299	25
2	974	660.067158142919	26
2	976	660.607631446391	25
2	980	661.125702880341	26
2	982	668.787495447017	27
2	984	669.626662731122	26
2	988	669.882163851895	27
2	990	674.644709630192	26
2	994	676.459910384525	27
2	996	681.404652137103	26
2	1000	685.291346471732	25
2	1004	686.445710340905	26
2	1006	686.652576532254	25
2	1010	687.953479300907	26
2	1012	689.451179976787	25
2	1016	690.556135245287	24
2	1020	692.521705546946	23
2	1024	692.552821880748	24
2	1026	693.684396617993	25
2	1028	694.646126800943	24
2	1032	694.74790813368	23
2	1036	696.5154812188	24
2	1038	699.172164909985	23
2	1042	700.939678527281	24
2	1044	705.531060223908	25
2	1046	706.892504834506	24
2	1050	707.029837888341	25
2	1052	707.276458616778	26
2	1054	712.869560783758	25
2	1058	714.647084228273	26
2	1060	714.727161706411	27
2	1062	716.339392017118	26
2	1066	717.614433465964	25
2	1070	718.087837144201	24
2	1074	718.787384036436	23
2	1078	720.054823912343	24
2	1080	720.565504158446	25
2	1082	721.117215905287	24
2	1086	721.419737829782	25
2	1088	721.857590175281	24
2	1092	722.145306917704	25
2	1094	724.371088780343	26
2	1096	729.505355391626	27
2	1098	734.091222009212	26
2	1102	736.039565999764	25
2	1106	736.752742817447	26
2	1108	736.764048822903	27
2	1110	737.590937492692	26
2	1114	742.346280469986	27
2	1116	751.334425685793	26
2	1120	752.628186991957	27
2	1122	752.864147636306	26
2	1126	753.025064417409	25
2	1130	754.958243792847	26
2	1132	755.746677330321	25
2	1136	756.311554990028	26
2	1138	756.672584707253	27
2	1140	761.337591655722	26
2	1144	764.094420191268	27
2	1146	766.481593077147	26
2	1150	767.004776836481	27
2	1152	769.967933554255	26
2	1156	775.224022609315	27
2	1158	777.685427030168	26
2	1162	777.859051016956	25
2	1166	778.898981030015	26
2	1168	780.232635787995	27
2	1170	782.393926770387	26
2	1174	783.77331397354	25
2	1178	787.722363596859	26
2	1180	794.201115257731	27
2	1182	799.543424943341	26
2	1186	800.733840472303	27
2	1188	801.328793589243	26
2	1192	801.606369373186	27
2	1194	804.498524005441	26
2	1198	805.829046599348	25
2	1202	806.462245435399	24
2	1206	809.34874641025	23
2	1210	811.976114627659	22
2	1214	812.038480130151	21
2	1218	813.095644819266	20
2	1222	813.9352943265	21
2	1224	814.005020179969	22
2	1226	814.017949328537	23
2	1228	814.428959302146	24
2	1230	815.049835933357	25
2	1232	815.551454979194	26
2	1234	818.408717972564	25
2	1238	818.74789554753	26
2	1240	819.442546400144	27
2	1242	823.146019609301	26
2	1246	823.381823137048	25
2	1250	825.935624389725	24
2	1254	826.246506261116	25
2	1256	829.355097167837	24
2	1260	830.01612497037	25
2	1262	830.679707480253	24
2	1266	831.993989351965	25
2	1268	832.893683153836	26
2	1270	833.759117705468	25
2	1274	834.330650805569	26
2	1276	840.437795298411	27
2	1278	841.362506503982	26
2	1282	841.504309857247	27
2	1284	841.521135528295	26
2	1288	842.708228100077	27
2	1290	848.202502803944	26
2	1294	849.521714970616	27
2	1296	853.625043361503	26
2	1300	855.583289520843	27
2	1302	856.685559814389	26
2	1306	857.434635932155	25
2	1310	857.704220380852	26
2	1312	859.912985740817	27
2	1314	862.424154992109	26
2	1318	863.478985285937	27
2	1320	864.470046480532	26
2	1324	865.152341443496	27
2	1326	867.228985256744	26
2	1330	867.706919068396	25
2	1334	868.737699890302	24
2	1338	870.289177580613	25
2	1340	870.397021003201	26
2	1342	872.172945508086	27
2	1344	872.458280610482	26
2	1348	873.191880058462	27
2	1350	877.210590304269	26
2	1354	877.278154697133	27
2	1356	885.449300178939	26
2	1360	885.552041250225	25
2	1364	885.568562168721	26
2	1366	885.85747474762	25
2	1370	886.700425650142	24
2	1374	887.382398301935	25
2	1376	888.513596395346	24
2	1380	889.024520446624	25
2	1382	890.750034931555	26
2	1384	891.484274879744	25
2	1388	892.159104918628	26
2	1390	893.841551321578	27
2	1392	894.642359150301	26
2	1396	895.75882450194	25
2	1400	896.821968351968	26
2	1402	902.282781967139	27
2	1404	904.722197354179	26
2	1408	906.306084238015	27
2	1410	914.042201678745	26
2	1414	915.00500347995	25
2	1418	919.178637638101	26
2	1420	920.36025500761	27
2	1422	928.926715037711	26
2	1426	931.632259041429	27
2	1428	931.934592839222	26
2	1432	932.598091891299	27
2	1434	937.007903481958	26
2	1438	941.48692788106	27
2	1440	943.805694707453	26
2	1444	943.822033035204	27
2	1446	951.424946716028	26
2	1450	951.587511827865	27
2	1452	955.134832975823	26
2	1456	957.107843533252	25
2	1460	957.745559642175	26
2	1462	957.978793952144	27
2	1464	961.331168230365	26
2	1468	962.251444636511	27
2	1470	968.206608318394	26
2	1474	968.341642011067	27
2	1476	969.288855783166	26
2	1480	969.533436481049	25
2	1484	970.257409172386	24
2	1488	970.329064721751	25
2	1490	971.979031988605	26
2	1492	974.901620348759	25
2	1496	976.10272184885	26
2	1498	977.452106869929	27
2	1500	980.367954050146	26
2	1504	983.012585745171	25
2	1508	984.010132321954	26
2	1510	986.775812214326	27
2	1512	987.655482576117	26
2	1516	989.427428476511	27
2	1518	992.097701546682	26
2	1522	993.758218071872	27
2	1524	996.621311652373	26
2	1528	997.593076158943	27
3	250	100.458975578682	94.414672052569
3	256	103.020730087251	96.651629258527
3	264	106.776899601795	97.829966404021
3	268	108.005791377653	98.719694991277
3	276	118.208718190148	103.2023088621
3	282	128.978320654818	111.71000030103
3	286	129.557599472933	108.38911329688
3	294	136.086599885824	109.58482873056
3	298	146.035947620109	114.98983814742
3	302	149.076805515285	117.25110896453
3	308	150.549231752286	114.7555413969
3	318	154.263049765116	117.64502441525
3	324	160.247792742479	122.00236696896
3	328	162.113350069723	123.13839243913
3	336	165.445062675829	122.48586820407
3	340	165.653269186796	121.16784884515
3	344	167.947901370848	119.51152261608
3	354	173.929931394685	123.72114313858
3	358	173.931378170689	120.27032355104
3	366	180.884084525526	115.4016817417
3	372	187.561220305596	120.00813915286
3	378	196.669831840387	127.59898698393
3	384	199.580029460106	128.7254372355
3	390	205.944847274332	123.76218291395
3	396	208.008018084432	119.21490952251
3	402	218.086221668227	120.21211800069
3	408	222.862790879824	121.4773538263
3	412	223.078805020851	116.71222798534
3	420	236.026541630114	129.55974404956
3	426	241.491532543319	132.51867724554
3	432	243.762685210557	134.01285757892
3	438	263.537260841312	138.51681578626
3	442	267.007340211571	137.33363432902
3	450	276.290738789828	145.17855499121
3	456	286.929085686395	136.90081928824
3	460	288.404674796394	137.56117579423
3	466	294.035543121806	142.80743749895
3	474	305.237735310746	152.22103687804
3	478	305.808743254676	149.95640461259
3	486	315.694870937042	152.05305686936
3	490	316.933040455817	152.79052922078
3	494	319.142581416015	150.3702108611
3	500	322.093809629294	152.78109144682
3	508	332.952462746694	162.18311940474
3	516	341.975230319287	167.35152744104
3	522	343.377097201031	167.11735467726
3	528	352.852798247539	171.30242589765
3	534	356.933884672175	164.60759633523
3	540	367.19517793113	169.49646873445
3	544	368.414906384759	165.63386023633
3	550	374.759096475374	167.74586633257
3	556	375.119963947259	166.64381411866
3	562	381.99488743954	162.35634002188
3	570	392.272758745095	168.35719988939
3	576	395.000789813975	171.02363581608
3	580	399.400748773307	160.71325364247
3	588	402.410483931404	160.07447459539
3	592	403.732215784149	155.83728157059
3	600	408.290975737987	140.93324624774
3	606	409.253515741446	138.68127807022
3	610	410.11204120369	133.4960643011
3	616	410.903599861924	120.39937851242
3	624	412.484809318747	116.92760780371
3	630	422.255139095332	121.32161609476
3	634	422.544907770873	116.64306251956
3	640	428.599096957904	120.08282639067
3	644	430.55013505724	111.33415721848
3	648	430.604007743763	106.54089004273
3	656	431.931346683914	106.14402661777
3	666	437.811311684939	103.82536062215
3	670	438.091836820904	101.22666728901
3	678	446.030255876572	103.8575016372
3	682	449.85777334124	103.95138524902
3	690	452.316491881476	99.448404887285
3	696	456.730626688715	96.962072665197
3	702	460.482796343962	87.162765045344
3	706	461.128120313449	86.261007830886
3	712	463.575593597178	84.415979630262
3	720	465.802334519012	83.194801997478
3	726	469.876121181598	85.858774662768
3	730	470.063388232446	76.079548385387
3	736	471.171159797143	70.887111459352
3	744	478.663384598047	77.150568017369
3	750	481.28726576662	77.119527088461
3	756	485.378934489492	78.768051467959
3	760	488.050769062321	79.432515860256
3	764	491.480023628269	81.230779036416
3	772	493.651847084686	82.377652530818
3	780	497.106388850855	85.082513653758
3	786	512.318629635125	95.650360572181
3	792	518.319040670804	92.292845124129
3	798	527.499431817695	96.435555251962
3	804	538.131792821243	106.85456963694
3	808	539.524146026526	106.42470578992
3	812	540.083080963883	105.7410787367
3	820	541.131604623581	103.46687172845
3	828	544.066691688966	100.6643652213
3	832	545.31054007507	99.546678392964
3	840	552.376599577652	101.04874778052
3	846	554.586246476082	103.22486690501
3	852	558.089322975558	103.03751722213
3	858	560.424348805327	101.99313122064
3	864	565.559851943247	102.4427922305
3	870	567.198652871179	103.21126589603
3	876	570.876296808374	106.83954706686
3	882	576.839586289132	107.93565430303
3	886	576.944029440381	106.38077717637
3	894	585.489350948548	113.9833269131
3	900	585.946126571445	111.78376750634
3	904	587.265691057091	108.58029745444
3	912	593.32017114951	110.81130506772
3	918	606.364993530016	114.69253322798
3	924	617.488007218936	124.40628658408
3	930	623.731283316779	129.69337081396
3	936	636.336504031403	140.51143709908
3	940	637.787755000751	140.49457947967
3	946	643.734808470055	127.52997887601
3	952	648.871627117315	123.47667576879
3	958	651.998297045711	124.45039805842
3	962	653.028632582952	112.26461388747
3	970	658.684453152299	117.56460146042
3	976	660.607631446391	117.2565830134
3	984	669.626662731122	126.18998730171
3	990	674.644709630192	126.61271931144
3	996	681.404652137103	132.27816299846
3	1000	685.291346471732	131.48762164683
3	1006	686.652576532254	131.82413835584
3	1012	689.451179976787	129.35996735132
3	1016	690.556135245287	128.23735738985
3	1020	692.521705546946	126.36088055862
3	1028	694.646126800943	127.22932332604
3	1032	694.74790813368	121.74133593132
3	1038	699.172164909985	121.50383930849
3	1046	706.892504834506	128.84318302319
3	1054	712.869560783758	127.08188596794
3	1062	716.339392017118	127.7576629138
3	1066	717.614433465964	126.20911633222
3	1070	718.087837144201	119.50799971949
3	1074	718.787384036436	112.34347481014
3	1082	721.117215905287	103.62248242332
3	1088	721.857590175281	90.378705304041
3	1098	734.091222009212	94.392758493251
3	1102	736.039565999764	90.345832435374
3	1110	737.590937492692	88.19932899162
3	1116	751.334425685793	97.76097502882
3	1122	752.864147636306	99.290680222842
3	1126	753.025064417409	92.95790627449
3	1132	755.746677330321	94.62097444998
3	1140	761.337591655722	92.550096208705
3	1146	766.481593077147	96.599429225252
3	1152	769.967933554255	93.50802316973
3	1158	777.685427030168	91.239716689263
3	1162	777.859051016956	89.905571716049
3	1170	782.393926770387	89.841104889639
3	1174	783.77331397354	90.088917355547
3	1182	799.543424943341	103.02794372454
3	1188	801.328793589243	100.38911506196
3	1194	804.498524005441	98.967463781533
3	1198	805.829046599348	98.799208711007
3	1202	806.462245435399	99.185786818621
3	1206	809.34874641025	94.701662181977
3	1210	811.976114627659	97.248952921248
3	1214	812.038480130151	91.983656217808
3	1218	813.095644819266	92.53014066082
3	1234	818.408717972564	96.988980142782
3	1242	823.146019609301	101.0007126916
3	1246	823.381823137048	99.010734356705
3	1250	825.935624389725	96.430268998099
3	1256	829.355097167837	92.60235435039
3	1262	830.679707480253	93.91565865735
3	1270	833.759117705468	91.412837235482
3	1278	841.362506503982	88.734319512025
3	1284	841.521135528295	86.562891735448
3	1290	848.202502803944	91.890947813916
3	1296	853.625043361503	96.95245865425
3	1302	856.685559814389	92.591139623121
3	1306	857.434635932155	90.429859095674
3	1314	862.424154992109	87.200132382794
3	1320	864.470046480532	85.571065450517
3	1326	867.228985256744	86.996349468749
3	1330	867.706919068396	79.984555471537
3	1334	868.737699890302	74.536584632571
3	1344	872.458280610482	71.724440138179
3	1350	877.210590304269	75.604220931083
3	1356	885.449300178939	71.514005852439
3	1360	885.552041250225	71.547021070256
3	1366	885.85747474762	71.839525419083
3	1370	886.700425650142	72.271466347996
3	1376	888.513596395346	73.463760461989
3	1384	891.484274879744	75.93281990055
3	1392	894.642359150301	75.894463602771
3	1396	895.75882450194	76.316278101796
3	1404	904.722197354179	78.475691093063
3	1410	914.042201678745	84.026076708375
3	1414	915.00500347995	83.011014127985
3	1422	928.926715037711	96.033031883875
3	1428	931.934592839222	97.603942033653
3	1434	937.007903481958	96.570108183547
3	1440	943.805694707453	102.30138485021
3	1446	951.424946716028	108.71671861595
3	1452	955.134832975823	105.61311800521
3	1456	957.107843533252	101.52455401241
3	1464	961.331168230365	103.62694784951
3	1470	968.206608318394	108.29362257758
3	1476	969.288855783166	105.80987049723
3	1480	969.533436481049	104.38109503755
3	1484	970.257409172386	99.968231591773
3	1492	974.901620348759	104.50459934556
3	1500	980.367954050146	108.19500854206
3	1504	983.012585745171	109.82070568671
3	1512	987.655482576117	110.37732787898
3	1518	992.097701546682	106.52913937796
3	1524	996.621311652373	109.23891335044
4	250	100.458975578682	0
4	256	103.020730087251	0
4	264	106.776899601795	0
4	268	108.005791377653	0
4	276	118.208718190148	0
4	282	128.978320654818	0
4	286	129.557599472933	0
4	294	136.086599885824	0
4	298	146.035947620109	0
4	302	149.076805515285	0
4	308	150.549231752286	0
4	318	154.263049765116	0
4	324	160.247792742479	0
4	328	162.113350069723	0
4	336	165.445062675829	0
4	340	165.653269186796	0
4	344	167.947901370848	0
4	354	173.929931394685	0
4	358	173.931378170689	0
4	366	180.884084525526	0
4	372	187.561220305596	0
4	378	196.669831840387	0
4	384	199.580029460106	0
4	390	205.944847274332	0
4	396	208.008018084432	0
4	402	218.086221668227	0
4	408	222.862790879824	0
4	412	223.078805020851	0
4	420	236.026541630114	0
4	426	241.491532543319	0
4	432	243.762685210557	0
4	438	263.537260841312	0
4	442	267.007340211571	0
4	450	276.290738789828	0
4	456	286.929085686395	0
4	460	288.404674796394	0
4	466	294.035543121806	0
4	474	305.237735310746	0
4	478	305.808743254676	0
4	486	315.694870937042	0
4	490	316.933040455817	0
4	494	319.142581416015	0
4	500	322.093809629294	0
4	508	332.952462746694	0
4	516	341.975230319287	0
4	522	343.377097201031	0
4	528	352.852798247539	0
4	534	356.933884672175	0
4	540	367.19517793113	0
4	544	368.414906384759	0
4	550	374.759096475374	0
4	556	375.119963947259	0
4	562	381.99488743954	0
4	570	392.272758745095	0
4	576	395.000789813975	0
4	580	399.400748773307	0
4	588	402.410483931404	0
4	592	403.732215784149	0
4	600	408.290975737987	0
4	606	409.253515741446	0
4	610	410.11204120369	0
4	616	410.903599861924	0
4	624	412.484809318747	0
4	630	422.255139095332	0
4	634	422.544907770873	0
4	640	428.599096957904	0
4	644	430.55013505724	0
4	648	430.604007743763	0
4	656	431.931346683914	0
4	666	437.811311684939	0
4	670	438.091836820904	0
4	678	446.030255876572	0
4	682	449.85777334124	0
4	690	452.316491881476	0
4	696	456.730626688715	0
4	702	460.482796343962	0
4	706	461.128120313449	0
4	712	463.575593597178	0
4	720	465.802334519012	0
4	726	469.876121181598	0
4	730	470.063388232446	0
4	736	471.171159797143	0
4	744	478.663384598047	0
4	750	481.28726576662	0
4	756	485.378934489492	0
4	760	488.050769062321	0
4	764	491.480023628269	0
4	772	493.651847084686	0
4	780	497.106388850855	0
4	786	512.318629635125	0
4	792	518.319040670804	0
4	798	527.499431817695	0
4	804	538.131792821243	0
4	808	539.524146026526	0
4	812	540.083080963883	0
4	820	541.131604623581	0
4	828	544.066691688966	0
4	832	545.31054007507	0
4	840	552.376599577652	0
4	846	554.586246476082	0
4	852	558.089322975558	0
4	858	560.424348805327	0
4	864	565.559851943247	0
4	870	567.198652871179	0
4	876	570.876296808374	0
4	882	576.839586289132	0
4	886	576.944029440381	0
4	894	585.489350948548	0
4	900	585.946126571445	0
4	904	587.265691057091	0
4	912	593.32017114951	0
4	918	606.364993530016	0
4	924	617.488007218936	0
4	930	623.731283316779	0
4	936	636.336504031403	0
4	940	637.787755000751	0
4	946	643.734808470055	0
4	952	648.871627117315	0
4	958	651.998297045711	0
4	962	653.028632582952	0
4	970	658.684453152299	0
4	976	660.607631446391	0
4	984	669.626662731122	0
4	990	674.644709630192	0
4	996	681.404652137103	0
4	1000	685.291346471732	0
4	1006	686.652576532254	0
4	1012	689.451179976787	0
4	1016	690.556135245287	0
4	1020	692.521705546946	0
4	1028	694.646126800943	0
4	1032	694.74790813368	0
4	1038	699.172164909985	0
4	1046	706.892504834506	0
4	1054	712.869560783758	0
4	1062	716.339392017118	0
4	1066	717.614433465964	0
4	1070	718.087837144201	0
4	1074	718.787384036436	0
4	1082	721.117215905287	0
4	1088	721.857590175281	0
4	1098	734.091222009212	0
4	1102	736.039565999764	0
4	1110	737.590937492692	0
4	1116	751.334425685793	0
4	1122	752.864147636306	0
4	1126	753.025064417409	0
4	1132	755.746677330321	0
4	1140	761.337591655722	0
4	1146	766.481593077147	0
4	1152	769.967933554255	0
4	1158	777.685427030168	0
4	1162	777.859051016956	0
4	1170	782.393926770387	0
4	1174	783.77331397354	0
4	1182	799.543424943341	0
4	1188	801.328793589243	0
4	1194	804.498524005441	0
4	1198	805.829046599348	0
4	1202	806.462245435399	0
4	1206	809.34874641025	0
4	1210	811.976114627659	0
4	1214	812.038480130151	0
4	1218	813.095644819266	0
4	1234	818.408717972564	0
4	1242	823.146019609301	0
4	1246	823.381823137048	0
4	1250	825.935624389725	0
4	1256	829.355097167837	0
4	1262	830.679707480253	0
4	1270	833.759117705468	0
4	1278	841.362506503982	0
4	1284	841.521135528295	0
4	1290	848.202502803944	0
4	1296	853.625043361503	0
4	1302	856.685559814389	0
4	1306	857.434635932155	0
4	1314	862.424154992109	0
4	1320	864.470046480532	0
4	1326	867.228985256744	0
4	1330	867.706919068396	0
4	1334	868.737699890302	0
4	1344	872.458280610482	0
4	1350	877.210590304269	0
4	1356	885.449300178939	0
4	1360	885.552041250225	0
4	1366	885.85747474762	0
4	1370	886.700425650142	0
4	1376	888.513596395346	0
4	1384	891.484274879744	0
4	1392	894.642359150301	0
4	1396	895.75882450194	0
4	1404	904.722197354179	0
4	1410	914.042201678745	0
4	1414	915.00500347995	0
4	1422	928.926715037711	0
4	1428	931.934592839222	0
4	1434	937.007903481958	0
4	1440	943.805694707453	0
4	1446	951.424946716028	0
4	1452	955.134832975823	0
4	1456	957.107843533252	0
4	1464	961.331168230365	0
4	1470	968.206608318394	0
4	1476	969.288855783166	0
4	1480	969.533436481049	0
4	1484	970.257409172386	0
4	1492	974.901620348759	0
4	1500	980.367954050146	0
4	1504	983.012585745171	0
4	1512	987.655482576117	0
4	1518	992.097701546682	0
4	1524	996.621311652373	0
5	252	100.458975578682	2
5	253	101.385437053521	1
5	258	103.020730087251	2
5	259	106.366577035508	1
5	261	106.466797580551	0
5	266	106.776899601795	1
5	270	108.005791377653	2
5	271	108.97285529778	1
5	273	109.749827631636	0
5	278	118.208718190148	1
5	279	125.020445055049	0
5	284	128.978320654818	1
5	288	129.557599472933	2
5	289	129.67370588255	1
5	291	131.112183798619	0
5	296	136.086599885824	1
5	300	146.035947620109	2
5	304	149.076805515285	3
5	305	150.028266398159	2
5	310	150.549231752286	3
5	311	150.843499002162	2
5	313	151.228105622861	1
5	315	153.016698432705	0
5	320	154.263049765116	1
5	321	155.852338642087	0
5	326	160.247792742479	1
5	330	162.113350069723	2
5	331	163.641814067678	1
5	333	164.142511235037	0
5	338	165.445062675829	1
5	342	165.653269186796	2
5	346	167.947901370848	3
5	347	168.772370554914	2
5	349	169.312718182471	1
5	351	170.769343341957	0
5	356	173.929931394685	1
5	360	173.931378170689	2
5	361	174.623702878243	1
5	363	176.259742523771	0
5	368	180.884084525526	1
5	369	181.550372349885	0
5	374	187.561220305596	1
5	375	192.326288336943	0
5	380	196.669831840387	1
5	381	197.698709196681	0
5	386	199.580029460106	1
5	387	202.781046148432	0
5	392	205.944847274332	1
5	393	207.013230142799	0
5	398	208.008018084432	1
5	399	208.476149828595	0
5	404	218.086221668227	1
5	405	219.638547417662	0
5	410	222.862790879824	1
5	414	223.078805020851	2
5	415	223.915558855702	1
5	417	223.977153997897	0
5	422	236.026541630114	1
5	423	238.687495130832	0
5	428	241.491532543319	1
5	429	242.336009336013	0
5	434	243.762685210557	1
5	435	247.894934213563	0
5	440	263.537260841312	1
5	444	267.007340211571	2
5	445	267.357729490246	1
5	447	270.572237671231	0
5	452	276.290738789828	1
5	453	276.615976902587	0
5	458	286.929085686395	1
5	462	288.404674796394	2
5	463	290.504221349501	1
5	468	294.035543121806	2
5	469	295.557201515036	1
5	471	300.93352300057	0
5	476	305.237735310746	1
5	480	305.808743254676	2
5	481	305.901845251314	1
5	483	308.516270567232	0
5	488	315.694870937042	1
5	492	316.933040455817	2
5	496	319.142581416015	3
5	497	319.215977838761	2
5	502	322.093809629294	3
5	503	324.063117701032	2
5	505	325.787320066141	1
5	510	332.952462746694	2
5	511	333.985951062793	1
5	513	336.865169531894	0
5	518	341.975230319287	1
5	519	342.172754239376	0
5	524	343.377097201031	1
5	525	345.906388092222	0
5	530	352.852798247539	1
5	531	352.868086994191	0
5	536	356.933884672175	1
5	537	359.768554023518	0
5	542	367.19517793113	1
5	546	368.414906384759	2
5	547	373.320031298618	1
5	552	374.759096475374	2
5	553	374.867112482563	1
5	558	375.119963947259	2
5	559	379.159613966916	1
5	564	381.99488743954	2
5	565	382.607532521534	1
5	567	384.01734651883	0
5	572	392.272758745095	1
5	573	393.983839847059	0
5	578	395.000789813975	1
5	582	399.400748773307	2
5	583	400.284048337791	1
5	585	401.512816580678	0
5	590	402.410483931404	1
5	594	403.732215784149	2
5	595	404.167738678159	1
5	597	406.610883021533	0
5	602	408.290975737987	1
5	603	408.618253202065	0
5	608	409.253515741446	1
5	612	410.11204120369	2
5	613	410.249244591853	1
5	618	410.903599861924	2
5	619	411.274194553868	1
5	621	412.023875197097	0
5	626	412.484809318747	1
5	627	416.668269062944	0
5	632	422.255139095332	1
5	636	422.544907770873	2
5	637	426.026195546675	1
5	642	428.599096957904	2
5	646	430.55013505724	3
5	650	430.604007743763	4
5	651	431.063876565733	3
5	653	431.277223184306	2
5	658	431.931346683914	3
5	659	433.099440236601	2
5	661	434.342002227182	1
5	663	437.664732895133	0
5	668	437.811311684939	1
5	672	438.091836820904	2
5	673	443.40232646767	1
5	675	445.763861682106	0
5	680	446.030255876572	1
5	684	449.85777334124	2
5	685	451.327851797136	1
5	687	451.361379571075	0
5	692	452.316491881476	1
5	693	455.051805753433	0
5	698	456.730626688715	1
5	699	458.431217584689	0
5	704	460.482796343962	1
5	708	461.128120313449	2
5	709	463.117059712744	1
5	714	463.575593597178	2
5	715	463.987386975147	1
5	717	464.036749741519	0
5	722	465.802334519012	1
5	723	468.903931986099	0
5	728	469.876121181598	1
5	732	470.063388232446	2
5	733	470.563252264009	1
5	738	471.171159797143	2
5	739	471.506024035451	1
5	741	474.162359065108	0
5	746	478.663384598047	1
5	747	478.685393602647	0
5	752	481.28726576662	1
5	753	482.508866081788	0
5	758	485.378934489492	1
5	762	488.050769062321	2
5	766	491.480023628269	3
5	767	491.672460302033	2
5	769	493.081720634856	1
5	774	493.651847084686	2
5	775	494.037912502822	1
5	777	495.825066932325	0
5	782	497.106388850855	1
5	783	497.293175521083	0
5	788	512.318629635125	1
5	789	516.204829594045	0
5	794	518.319040670804	1
5	795	525.394951348527	0
5	800	527.499431817695	1
5	801	527.547898987291	0
5	806	538.131792821243	1
5	810	539.524146026526	2
5	814	540.083080963883	3
5	815	540.764018695482	2
5	817	541.119851691882	1
5	822	541.131604623581	2
5	823	543.35104843299	1
5	825	543.43667542941	0
5	830	544.066691688966	1
5	834	545.31054007507	2
5	835	548.031990318752	1
5	837	549.126489138647	0
5	842	552.376599577652	1
5	843	553.803724824899	0
5	848	554.586246476082	1
5	849	554.82843817641	0
5	854	558.089322975558	1
5	855	560.091212625464	0
5	860	560.424348805327	1
5	861	562.318777855441	0
5	866	565.559851943247	1
5	867	566.160824988327	0
5	872	567.198652871179	1
5	873	567.416803474898	0
5	878	570.876296808374	1
5	879	573.006572202364	0
5	884	576.839586289132	1
5	888	576.944029440381	2
5	889	577.668325601497	1
5	891	578.049321811313	0
5	896	585.489350948548	1
5	897	585.787674815818	0
5	902	585.946126571445	1
5	906	587.265691057091	2
5	907	588.581729103321	1
5	909	591.405317133748	0
5	914	593.32017114951	1
5	915	598.579837424708	0
5	920	606.364993530016	1
5	921	606.443909226292	0
5	926	617.488007218936	1
5	927	617.494733481965	0
5	932	623.731283316779	1
5	933	631.47888487124	0
5	938	636.336504031403	1
5	942	637.787755000751	2
5	943	639.698463515961	1
5	948	643.734808470055	2
5	949	645.69373356439	1
5	954	648.871627117315	2
5	955	649.391608501072	1
5	960	651.998297045711	2
5	964	653.028632582952	3
5	965	653.573450656973	2
5	967	653.573467413464	1
5	972	658.684453152299	2
5	973	660.067158142919	1
5	978	660.607631446391	2
5	979	661.125702880341	1
5	981	668.787495447017	0
5	986	669.626662731122	1
5	987	669.882163851895	0
5	992	674.644709630192	1
5	993	676.459910384525	0
5	998	681.404652137103	1
5	1002	685.291346471732	2
5	1003	686.445710340905	1
5	1008	686.652576532254	2
5	1009	687.953479300907	1
5	1014	689.451179976787	2
5	1018	690.556135245287	3
5	1022	692.521705546946	4
5	1023	692.552821880748	3
5	1025	693.684396617993	2
5	1030	694.646126800943	3
5	1034	694.74790813368	4
5	1035	696.5154812188	3
5	1040	699.172164909985	4
5	1041	700.939678527281	3
5	1043	705.531060223908	2
5	1048	706.892504834506	3
5	1049	707.029837888341	2
5	1051	707.276458616778	1
5	1056	712.869560783758	2
5	1057	714.647084228273	1
5	1059	714.727161706411	0
5	1064	716.339392017118	1
5	1068	717.614433465964	2
5	1072	718.087837144201	3
5	1076	718.787384036436	4
5	1077	720.054823912343	3
5	1079	720.565504158446	2
5	1084	721.117215905287	3
5	1085	721.419737829782	2
5	1090	721.857590175281	3
5	1091	722.145306917704	2
5	1093	724.371088780343	1
5	1095	729.505355391626	0
5	1100	734.091222009212	1
5	1104	736.039565999764	2
5	1105	736.752742817447	1
5	1107	736.764048822903	0
5	1112	737.590937492692	1
5	1113	742.346280469986	0
5	1118	751.334425685793	1
5	1119	752.628186991957	0
5	1124	752.864147636306	1
5	1128	753.025064417409	2
5	1129	754.958243792847	1
5	1134	755.746677330321	2
5	1135	756.311554990028	1
5	1137	756.672584707253	0
5	1142	761.337591655722	1
5	1143	764.094420191268	0
5	1148	766.481593077147	1
5	1149	767.004776836481	0
5	1154	769.967933554255	1
5	1155	775.224022609315	0
5	1160	777.685427030168	1
5	1164	777.859051016956	2
5	1165	778.898981030015	1
5	1167	780.232635787995	0
5	1172	782.393926770387	1
5	1176	783.77331397354	2
5	1177	787.722363596859	1
5	1179	794.201115257731	0
5	1184	799.543424943341	1
5	1185	800.733840472303	0
5	1190	801.328793589243	1
5	1191	801.606369373186	0
5	1196	804.498524005441	1
5	1200	805.829046599348	2
5	1204	806.462245435399	3
5	1208	809.34874641025	4
5	1212	811.976114627659	5
5	1216	812.038480130151	6
5	1220	813.095644819266	7
5	1221	813.9352943265	6
5	1223	814.005020179969	5
5	1225	814.017949328537	4
5	1227	814.428959302146	3
5	1229	815.049835933357	2
5	1231	815.551454979194	1
5	1236	818.408717972564	2
5	1237	818.74789554753	1
5	1239	819.442546400144	0
5	1244	823.146019609301	1
5	1248	823.381823137048	2
5	1252	825.935624389725	3
5	1253	826.246506261116	2
5	1258	829.355097167837	3
5	1259	830.01612497037	2
5	1264	830.679707480253	3
5	1265	831.993989351965	2
5	1267	832.893683153836	1
5	1272	833.759117705468	2
5	1273	834.330650805569	1
5	1275	840.437795298411	0
5	1280	841.362506503982	1
5	1281	841.504309857247	0
5	1286	841.521135528295	1
5	1287	842.708228100077	0
5	1292	848.202502803944	1
5	1293	849.521714970616	0
5	1298	853.625043361503	1
5	1299	855.583289520843	0
5	1304	856.685559814389	1
5	1308	857.434635932155	2
5	1309	857.704220380852	1
5	1311	859.912985740817	0
5	1316	862.424154992109	1
5	1317	863.478985285937	0
5	1322	864.470046480532	1
5	1323	865.152341443496	0
5	1328	867.228985256744	1
5	1332	867.706919068396	2
5	1336	868.737699890302	3
5	1337	870.289177580613	2
5	1339	870.397021003201	1
5	1341	872.172945508086	0
5	1346	872.458280610482	1
5	1347	873.191880058462	0
5	1352	877.210590304269	1
5	1353	877.278154697133	0
5	1358	885.449300178939	1
5	1362	885.552041250225	2
5	1363	885.568562168721	1
5	1368	885.85747474762	2
5	1372	886.700425650142	3
5	1373	887.382398301935	2
5	1378	888.513596395346	3
5	1379	889.024520446624	2
5	1381	890.750034931555	1
5	1386	891.484274879744	2
5	1387	892.159104918628	1
5	1389	893.841551321578	0
5	1394	894.642359150301	1
5	1398	895.75882450194	2
5	1399	896.821968351968	1
5	1401	902.282781967139	0
5	1406	904.722197354179	1
5	1407	906.306084238015	0
5	1412	914.042201678745	1
5	1416	915.00500347995	2
5	1417	919.178637638101	1
5	1419	920.36025500761	0
5	1424	928.926715037711	1
5	1425	931.632259041429	0
5	1430	931.934592839222	1
5	1431	932.598091891299	0
5	1436	937.007903481958	1
5	1437	941.48692788106	0
5	1442	943.805694707453	1
5	1443	943.822033035204	0
5	1448	951.424946716028	1
5	1449	951.587511827865	0
5	1454	955.134832975823	1
5	1458	957.107843533252	2
5	1459	957.745559642175	1
5	1461	957.978793952144	0
5	1466	961.331168230365	1
5	1467	962.251444636511	0
5	1472	968.206608318394	1
5	1473	968.341642011067	0
5	1478	969.288855783166	1
5	1482	969.533436481049	2
5	1486	970.257409172386	3
5	1487	970.329064721751	2
5	1489	971.979031988605	1
5	1494	974.901620348759	2
5	1495	976.10272184885	1
5	1497	977.452106869929	0
5	1502	980.367954050146	1
5	1506	983.012585745171	2
5	1507	984.010132321954	1
5	1509	986.775812214326	0
5	1514	987.655482576117	1
5	1515	989.427428476511	0
5	1520	992.097701546682	1
5	1521	993.758218071872	0
5	1526	996.621311652373	1
5	1527	997.593076158943	0

