version 3
run General-23-20221103-10:28:22-6760
attr configname General
attr datetime 20221103-10:28:22
attr datetimef 20221103-102822
attr experiment General
attr inifile block.ini
attr iterationvars "$0=3, $1=20"
attr iterationvarsd 3/20
attr iterationvarsf 3,20-
attr measurement "$0=3, $1=20"
attr network Block
attr processid 6760
attr repetition 3
attr replication #3
attr resultdir results
attr runnumber 23
attr seedset 23
config network Block
config repeat 5
config sim-time-limit 1000s
config warmup-period 100s
config **.alloca.resourceModuleName "\"risorse\""
config **.dealloca.resourceModuleName "\"risorse\""
config **.is.delay exponential(3s)
config **.servente.serviceTime exponential(3s)
config **.dealloca.resourceAmount 2
config **.alloca.resourceAmount 2
config **.risorse.amount 6
config **.sorgente.numJobs (20)
config **.result-recording-modes all

vector 0 Block.servente queueLength:vector ETV
attr interpolationmode sample-hold
attr recordingmode vector
attr title "queue length"
vector 1 Block.servente queueingTime:vector ETV
attr interpolationmode none
attr recordingmode vector
attr title "queueing time at dequeue"
attr unit s
vector 2 Block.alloca queueLength:vector ETV
attr interpolationmode sample-hold
attr recordingmode vector
attr title "queue length"
vector 3 Block.alloca queueingTime:vector ETV
attr interpolationmode none
attr recordingmode vector
attr title "queueing time at dequeue"
attr unit s
vector 4 Block.risorse amount:vector ETV
attr interpolationmode sample-hold
attr recordingmode vector
attr title "available resource"
vector 5 Block.is delayedJobs:vector ETV
attr interpolationmode sample-hold
attr recordingmode vector
attr title "number of delayed jobs"
0	227	103.988689477301	1
0	229	103.988689477301	2
0	231	104.412281283977	1
0	233	104.412281283977	2
0	239	109.8987345301	1
0	241	109.8987345301	2
0	245	113.559648097121	1
0	247	113.559648097121	2
0	251	123.875598032655	1
0	253	123.875598032655	2
0	257	130.912856622868	1
0	259	130.912856622868	2
0	261	131.95220729244	1
0	263	131.95220729244	2
0	265	132.430729687098	1
0	267	132.430729687098	2
0	271	132.887579464479	1
0	273	132.887579464479	2
0	281	142.144471578936	1
0	283	142.144471578936	2
0	285	142.145742504115	1
0	287	142.145742504115	2
0	289	143.176223030156	1
0	291	143.176223030156	2
0	297	145.189031739102	1
0	299	145.189031739102	2
0	301	145.280215670322	1
0	303	145.280215670322	2
0	307	151.601877539227	1
0	309	151.601877539227	2
0	311	151.953645685754	1
0	313	151.953645685754	2
0	319	155.613872484001	1
0	321	155.613872484001	2
0	323	155.696602571581	1
0	325	155.696602571581	2
0	329	156.327958378503	1
0	331	156.327958378503	2
0	341	160.752740584067	1
0	343	160.752740584067	2
0	345	165.276789182803	1
0	347	165.276789182803	2
0	353	175.896601090966	1
0	355	175.896601090966	2
0	359	177.492494943175	1
0	361	177.492494943175	2
0	363	182.258657152795	1
0	365	182.258657152795	2
0	369	184.156004088715	1
0	371	184.156004088715	2
0	375	185.911388440206	1
0	377	185.911388440206	2
0	381	187.332616061788	1
0	383	187.332616061788	2
0	389	192.532158891848	1
0	391	192.532158891848	2
0	393	195.028391439594	1
0	395	195.028391439594	2
0	397	195.480786736821	1
0	399	195.480786736821	2
0	407	205.616997965997	1
0	409	205.616997965997	2
0	411	205.711988794721	1
0	413	205.711988794721	2
0	417	213.623933530905	1
0	419	213.623933530905	2
0	423	215.840547845715	1
0	425	215.840547845715	2
0	427	215.974766139807	1
0	429	215.974766139807	2
0	435	219.548646393961	1
0	437	219.548646393961	2
0	439	220.402078238487	1
0	441	220.402078238487	2
0	449	233.955342319872	1
0	451	233.955342319872	2
0	455	238.543183497897	1
0	457	238.543183497897	2
0	461	240.604616052423	1
0	463	240.604616052423	2
0	467	243.264751932592	1
0	469	243.264751932592	2
0	473	244.903806489378	1
0	475	244.903806489378	2
0	477	246.373277911944	1
0	479	246.373277911944	2
0	481	248.387515607005	1
0	483	248.387515607005	2
0	487	249.97520096204	1
0	489	249.97520096204	2
0	493	251.011475394001	1
0	495	251.011475394001	2
0	503	254.12699971165	1
0	505	254.12699971165	2
0	509	260.293286084165	1
0	511	260.293286084165	2
0	515	268.549223349975	1
0	517	268.549223349975	2
0	521	272.54797762841	1
0	523	272.54797762841	2
0	527	273.584035191421	1
0	529	273.584035191421	2
0	531	278.15106320115	1
0	533	278.15106320115	2
0	537	279.305228805704	1
0	539	279.305228805704	2
0	541	279.621198627404	1
0	543	279.621198627404	2
0	549	282.027861240038	1
0	551	282.027861240038	2
0	557	286.046188363623	1
0	559	286.046188363623	2
0	561	287.140310509554	1
0	563	287.140310509554	2
0	569	289.205942575938	1
0	571	289.205942575938	2
0	575	294.920875244273	1
0	577	294.920875244273	2
0	581	299.180662599958	1
0	583	299.180662599958	2
0	585	300.384885413743	1
0	587	300.384885413743	2
0	591	302.754261878542	1
0	593	302.754261878542	2
0	597	306.045590348854	1
0	599	306.045590348854	2
0	605	317.732186289617	1
0	607	317.732186289617	2
0	609	319.622029384315	1
0	611	319.622029384315	2
0	617	322.19158833747	1
0	619	322.19158833747	2
0	621	322.61724389542	1
0	623	322.61724389542	2
0	629	323.549102959294	1
0	631	323.549102959294	2
0	635	329.158438479905	1
0	637	329.158438479905	2
0	639	329.996932598918	1
0	641	329.996932598918	2
0	645	332.08277555988	1
0	647	332.08277555988	2
0	651	332.773134697704	1
0	653	332.773134697704	2
0	657	333.716650454041	1
0	659	333.716650454041	2
0	665	337.35523565937	1
0	667	337.35523565937	2
0	669	340.089083445822	1
0	671	340.089083445822	2
0	673	340.782004324315	1
0	675	340.782004324315	2
0	681	347.04980826	1
0	683	347.04980826	2
0	687	347.739261258061	1
0	689	347.739261258061	2
0	693	348.472506914846	1
0	695	348.472506914846	2
0	697	348.547461606867	1
0	699	348.547461606867	2
0	701	348.632752884379	1
0	703	348.632752884379	2
0	707	350.688131093652	1
0	709	350.688131093652	2
0	715	352.253451209499	1
0	717	352.253451209499	2
0	719	352.430707130437	1
0	721	352.430707130437	2
0	729	357.69798586416	1
0	731	357.69798586416	2
0	735	357.827437984483	1
0	737	357.827437984483	2
0	739	357.966133522537	1
0	741	357.966133522537	2
0	745	359.32159203394	1
0	747	359.32159203394	2
0	751	359.77828859185	1
0	753	359.77828859185	2
0	759	361.379434593844	1
0	761	361.379434593844	2
0	763	364.931290790566	1
0	765	364.931290790566	2
0	769	365.466619457857	1
0	771	365.466619457857	2
0	775	366.5586996279	1
0	777	366.5586996279	2
0	783	366.89354862549	1
0	785	366.89354862549	2
0	791	380.460856326018	1
0	793	380.460856326018	2
0	795	380.935403603416	1
0	797	380.935403603416	2
0	799	381.265204960421	1
0	801	381.265204960421	2
0	807	381.674057062388	1
0	809	381.674057062388	2
0	815	386.265365501247	1
0	817	386.265365501247	2
0	819	386.803695197604	1
0	821	386.803695197604	2
0	823	386.86826769141	1
0	825	386.86826769141	2
0	829	387.991206705664	1
0	831	387.991206705664	2
0	833	387.996953208138	1
0	835	387.996953208138	2
0	837	388.137540153179	1
0	839	388.137540153179	2
0	843	388.814505443558	1
0	845	388.814505443558	2
0	851	391.193152510502	1
0	853	391.193152510502	2
0	859	397.774756628738	1
0	861	397.774756628738	2
0	863	398.010349131966	1
0	865	398.010349131966	2
0	873	402.742426753617	1
0	875	402.742426753617	2
0	879	407.6338924655	1
0	881	407.6338924655	2
0	885	410.586840555144	1
0	887	410.586840555144	2
0	893	414.970919617675	1
0	895	414.970919617675	2
0	899	417.830146225803	1
0	901	417.830146225803	2
0	905	422.241361061034	1
0	907	422.241361061034	2
0	909	423.044265648279	1
0	911	423.044265648279	2
0	915	426.647251423295	1
0	917	426.647251423295	2
0	921	429.976678159956	1
0	923	429.976678159956	2
0	927	434.345829500379	1
0	929	434.345829500379	2
0	935	436.39587257013	1
0	937	436.39587257013	2
0	941	437.453735209556	1
0	943	437.453735209556	2
0	947	438.842256781754	1
0	949	438.842256781754	2
0	951	441.010082185143	1
0	953	441.010082185143	2
0	959	448.112019869104	1
0	961	448.112019869104	2
0	965	452.734910990945	1
0	967	452.734910990945	2
0	971	457.074213030767	1
0	973	457.074213030767	2
0	977	462.238276698837	1
0	979	462.238276698837	2
0	983	466.039920540852	1
0	985	466.039920540852	2
0	989	469.766687045115	1
0	991	469.766687045115	2
0	993	471.34696838199	1
0	995	471.34696838199	2
0	999	474.884082968977	1
0	1001	474.884082968977	2
0	1005	476.632349879457	1
0	1007	476.632349879457	2
0	1011	478.813456984571	1
0	1013	478.813456984571	2
0	1017	480.720079544438	1
0	1019	480.720079544438	2
0	1023	481.046605613872	1
0	1025	481.046605613872	2
0	1029	482.078236701415	1
0	1031	482.078236701415	2
0	1037	490.603691105795	1
0	1039	490.603691105795	2
0	1041	491.214662117957	1
0	1043	491.214662117957	2
0	1047	492.426461306053	1
0	1049	492.426461306053	2
0	1053	495.51345858575	1
0	1055	495.51345858575	2
0	1061	498.979613397967	1
0	1063	498.979613397967	2
0	1067	506.53369737862	1
0	1069	506.53369737862	2
0	1073	520.23644211395	1
0	1075	520.23644211395	2
0	1077	520.962833776031	1
0	1079	520.962833776031	2
0	1083	523.84802850382	1
0	1085	523.84802850382	2
0	1089	524.517459117425	1
0	1091	524.517459117425	2
0	1095	529.534345055326	1
0	1097	529.534345055326	2
0	1099	530.781414619549	1
0	1101	530.781414619549	2
0	1103	530.884406964591	1
0	1105	530.884406964591	2
0	1111	533.564616477199	1
0	1113	533.564616477199	2
0	1121	543.562577746051	1
0	1123	543.562577746051	2
0	1125	545.484080213669	1
0	1127	545.484080213669	2
0	1133	550.963732250686	1
0	1135	550.963732250686	2
0	1137	551.647750017868	1
0	1139	551.647750017868	2
0	1145	552.138789991154	1
0	1147	552.138789991154	2
0	1149	554.152349830142	1
0	1151	554.152349830142	2
0	1157	566.278373989498	1
0	1159	566.278373989498	2
0	1163	571.78867844288	1
0	1165	571.78867844288	2
0	1167	571.874947351648	1
0	1169	571.874947351648	2
0	1171	573.651459923454	1
0	1173	573.651459923454	2
0	1177	575.112178832211	1
0	1179	575.112178832211	2
0	1185	585.561760403095	1
0	1187	585.561760403095	2
0	1189	586.227400949049	1
0	1191	586.227400949049	2
0	1199	591.396590826223	1
0	1201	591.396590826223	2
0	1205	592.725895601994	1
0	1207	592.725895601994	2
0	1209	592.752387699832	1
0	1211	592.752387699832	2
0	1217	598.067406101533	1
0	1219	598.067406101533	2
0	1221	599.712346039842	1
0	1223	599.712346039842	2
0	1225	600.047065173885	1
0	1227	600.047065173885	2
0	1229	600.968921444505	1
0	1231	600.968921444505	2
0	1235	601.580604961116	1
0	1237	601.580604961116	2
0	1241	602.353603853739	1
0	1243	602.353603853739	2
0	1251	606.4135402223	1
0	1253	606.4135402223	2
0	1259	615.899767628196	1
0	1261	615.899767628196	2
0	1265	621.370978107772	1
0	1267	621.370978107772	2
0	1271	623.355526835987	1
0	1273	623.355526835987	2
0	1277	623.824365052288	1
0	1279	623.824365052288	2
0	1283	627.010576740808	1
0	1285	627.010576740808	2
0	1289	629.903286512372	1
0	1291	629.903286512372	2
0	1295	637.946451613467	1
0	1297	637.946451613467	2
0	1299	640.414751845948	1
0	1301	640.414751845948	2
0	1303	640.539632247716	1
0	1305	640.539632247716	2
0	1307	641.006252316826	1
0	1309	641.006252316826	2
0	1319	643.00308469228	1
0	1321	643.00308469228	2
0	1325	655.699045655261	1
0	1327	655.699045655261	2
0	1329	656.37463896418	1
0	1331	656.37463896418	2
0	1335	659.613957185485	1
0	1337	659.613957185485	2
0	1339	659.659964789266	1
0	1341	659.659964789266	2
0	1343	659.783823982441	1
0	1345	659.783823982441	2
0	1349	661.222914532653	1
0	1351	661.222914532653	2
0	1361	669.322056311767	1
0	1363	669.322056311767	2
0	1367	670.173869838985	1
0	1369	670.173869838985	2
0	1373	674.399797912434	1
0	1375	674.399797912434	2
0	1377	676.185094706415	1
0	1379	676.185094706415	2
0	1383	679.481488463967	1
0	1385	679.481488463967	2
0	1389	681.040517154546	1
0	1391	681.040517154546	2
0	1395	685.060501795116	1
0	1397	685.060501795116	2
0	1399	685.783840839723	1
0	1401	685.783840839723	2
0	1403	686.50934642637	1
0	1405	686.50934642637	2
0	1411	689.598337842768	1
0	1413	689.598337842768	2
0	1419	692.009237898524	1
0	1421	692.009237898524	2
0	1423	692.972698710786	1
0	1425	692.972698710786	2
0	1429	693.255641708911	1
0	1431	693.255641708911	2
0	1435	695.475137662429	1
0	1437	695.475137662429	2
0	1443	703.766981187272	1
0	1445	703.766981187272	2
0	1451	710.88639351844	1
0	1453	710.88639351844	2
0	1455	711.235690354206	1
0	1457	711.235690354206	2
0	1463	720.895247334059	1
0	1465	720.895247334059	2
0	1469	722.926962438516	1
0	1471	722.926962438516	2
0	1473	723.228463955237	1
0	1475	723.228463955237	2
0	1479	726.820283690937	1
0	1481	726.820283690937	2
0	1487	730.425293250917	1
0	1489	730.425293250917	2
0	1493	735.176523559105	1
0	1495	735.176523559105	2
0	1497	737.817762442322	1
0	1499	737.817762442322	2
0	1501	738.042937961102	1
0	1503	738.042937961102	2
0	1511	742.020324297635	1
0	1513	742.020324297635	2
0	1517	744.099258373367	1
0	1519	744.099258373367	2
0	1521	746.57126160248	1
0	1523	746.57126160248	2
0	1525	746.860690713033	1
0	1527	746.860690713033	2
0	1535	761.147009701783	1
0	1537	761.147009701783	2
0	1541	767.369711739961	1
0	1543	767.369711739961	2
0	1545	768.315640730433	1
0	1547	768.315640730433	2
0	1553	773.8701598684	1
0	1555	773.8701598684	2
0	1559	779.573040295436	1
0	1561	779.573040295436	2
0	1565	797.414347702225	1
0	1567	797.414347702225	2
0	1571	801.207809521191	1
0	1573	801.207809521191	2
0	1577	805.370002079182	1
0	1579	805.370002079182	2
0	1583	810.951556122331	1
0	1585	810.951556122331	2
0	1587	811.762190507944	1
0	1589	811.762190507944	2
0	1591	812.098244836653	1
0	1593	812.098244836653	2
0	1595	812.79975788057	1
0	1597	812.79975788057	2
0	1607	817.618721373405	1
0	1609	817.618721373405	2
0	1611	819.209551340912	1
0	1613	819.209551340912	2
0	1617	821.400036744146	1
0	1619	821.400036744146	2
0	1625	835.793171118137	1
0	1627	835.793171118137	2
0	1631	838.239856686886	1
0	1633	838.239856686886	2
0	1635	842.058919899837	1
0	1637	842.058919899837	2
0	1639	842.758532746197	1
0	1641	842.758532746197	2
0	1647	844.628978328752	1
0	1649	844.628978328752	2
0	1653	849.535461934725	1
0	1655	849.535461934725	2
0	1661	852.879582336586	1
0	1663	852.879582336586	2
0	1667	857.290417215733	1
0	1669	857.290417215733	2
0	1671	866.443427876157	1
0	1673	866.443427876157	2
0	1675	866.475201161295	1
0	1677	866.475201161295	2
0	1685	871.983526261875	1
0	1687	871.983526261875	2
0	1689	873.438441464997	1
0	1691	873.438441464997	2
0	1697	876.896668051032	1
0	1699	876.896668051032	2
0	1703	878.673249459388	1
0	1705	878.673249459388	2
0	1709	882.406670829547	1
0	1711	882.406670829547	2
0	1715	886.863716608975	1
0	1717	886.863716608975	2
0	1721	889.447373358782	1
0	1723	889.447373358782	2
0	1727	891.107753012376	1
0	1729	891.107753012376	2
0	1731	894.19929668475	1
0	1733	894.19929668475	2
0	1739	903.29304078018	1
0	1741	903.29304078018	2
0	1745	909.524702546982	1
0	1747	909.524702546982	2
0	1751	909.782458514113	1
0	1753	909.782458514113	2
0	1755	912.982585568036	1
0	1757	912.982585568036	2
0	1759	913.799943255783	1
0	1761	913.799943255783	2
0	1767	917.074442218198	1
0	1769	917.074442218198	2
0	1775	925.74875470196	1
0	1777	925.74875470196	2
0	1779	928.313694455849	1
0	1781	928.313694455849	2
0	1783	929.213048524979	1
0	1785	929.213048524979	2
0	1791	930.730877779749	1
0	1793	930.730877779749	2
0	1795	932.997126747196	1
0	1797	932.997126747196	2
0	1799	933.185820774629	1
0	1801	933.185820774629	2
0	1809	935.16887036357	1
0	1811	935.16887036357	2
0	1817	939.879331019165	1
0	1819	939.879331019165	2
0	1821	940.450486887018	1
0	1823	940.450486887018	2
0	1827	940.871514425353	1
0	1829	940.871514425353	2
0	1833	941.29140670343	1
0	1835	941.29140670343	2
0	1839	942.834915262041	1
0	1841	942.834915262041	2
0	1847	944.25265844947	1
0	1849	944.25265844947	2
0	1853	944.358591032984	1
0	1855	944.358591032984	2
0	1859	948.245140257778	1
0	1861	948.245140257778	2
0	1865	952.424082672367	1
0	1867	952.424082672367	2
0	1871	959.694003401256	1
0	1873	959.694003401256	2
0	1875	959.956291123829	1
0	1877	959.956291123829	2
0	1883	983.060137440854	1
0	1885	983.060137440854	2
0	1889	983.76181437697	1
0	1891	983.76181437697	2
0	1893	985.583345916518	1
0	1895	985.583345916518	2
0	1899	988.713592175834	1
0	1901	988.713592175834	2
1	227	103.988689477301	10.609961900538
1	231	104.412281283977	8.016832481717
1	239	109.8987345301	5.910045052799
1	245	113.559648097121	9.147366813144
1	251	123.875598032655	13.976863502555
1	257	130.912856622868	17.353208525747
1	261	131.95220729244	8.076609259785
1	265	132.430729687098	1.51787306423
1	271	132.887579464479	0.935372172039
1	281	142.144471578936	9.713741891838
1	285	142.145742504115	9.258163039636
1	289	143.176223030156	1.03175145122
1	297	145.189031739102	3.043289234987
1	301	145.280215670322	2.103992640166
1	307	151.601877539227	6.412845800125
1	311	151.953645685754	6.673430015432
1	319	155.613872484001	4.011994944774
1	323	155.696602571581	3.742956885827
1	329	156.327958378503	0.714085894502
1	341	160.752740584067	5.056138012486
1	345	165.276789182803	8.9488308043
1	353	175.896601090966	15.143860506899
1	359	177.492494943175	12.215705760372
1	363	182.258657152795	6.362056061829
1	369	184.156004088715	6.66350914554
1	375	185.911388440206	3.652731287411
1	381	187.332616061788	3.176611973073
1	389	192.532158891848	6.620770451642
1	393	195.028391439594	7.695775377806
1	397	195.480786736821	2.948627844973
1	407	205.616997965997	10.588606526403
1	411	205.711988794721	10.2312020579
1	417	213.623933530905	8.006935564908
1	423	215.840547845715	10.128559050994
1	427	215.974766139807	2.350832608902
1	435	219.548646393961	3.708098548246
1	439	220.402078238487	4.42731209868
1	449	233.955342319872	14.406695925911
1	455	238.543183497897	18.14110525941
1	461	240.604616052423	6.649273732551
1	467	243.264751932592	4.721568434695
1	473	244.903806489378	4.299190436955
1	477	246.373277911944	3.108525979352
1	481	248.387515607005	3.483709117627
1	487	249.97520096204	3.601923050096
1	493	251.011475394001	2.623959786996
1	503	254.12699971165	4.15179874961
1	509	260.293286084165	9.281810690164
1	515	268.549223349975	14.422223638325
1	521	272.54797762841	12.254691544245
1	527	273.584035191421	5.034811841446
1	531	278.15106320115	5.60308557274
1	537	279.305228805704	5.721193614283
1	541	279.621198627404	1.470135426254
1	549	282.027861240038	2.722632434334
1	557	286.046188363623	6.424989736219
1	561	287.140310509554	5.112449269516
1	569	289.205942575938	3.159754212315
1	575	294.920875244273	7.780564734719
1	581	299.180662599958	9.97472002402
1	585	300.384885413743	5.46401016947
1	591	302.754261878542	3.573599278584
1	597	306.045590348854	5.660704935111
1	605	317.732186289617	14.977924411075
1	609	319.622029384315	13.576439035461
1	617	322.19158833747	4.459402047853
1	621	322.61724389542	2.995214511105
1	629	323.549102959294	1.357514621824
1	635	329.158438479905	6.541194584485
1	639	329.996932598918	6.447829639624
1	645	332.08277555988	2.924337079975
1	651	332.773134697704	2.776202098786
1	657	333.716650454041	1.633874894161
1	665	337.35523565937	4.582100961666
1	669	340.089083445822	6.372432991781
1	673	340.782004324315	3.426768664945
1	681	347.04980826	6.960724814178
1	687	347.739261258061	6.957256933746
1	693	348.472506914846	1.422698654846
1	697	348.547461606867	0.808200348806
1	701	348.632752884379	0.160245969533
1	707	350.688131093652	2.140669486785
1	715	352.253451209499	3.62069832512
1	719	352.430707130437	1.742576036785
1	729	357.69798586416	5.444534654661
1	735	357.827437984483	5.396730854046
1	739	357.966133522537	0.268147658377
1	745	359.32159203394	1.494154049457
1	751	359.77828859185	1.812155069313
1	759	361.379434593844	2.057842559904
1	763	364.931290790566	5.153002198716
1	769	365.466619457857	4.087184864013
1	775	366.5586996279	1.627408837334
1	783	366.89354862549	1.426929167633
1	791	380.460856326018	13.902156698118
1	795	380.935403603416	14.041854977926
1	799	381.265204960421	0.804348634403
1	807	381.674057062388	0.738653458972
1	815	386.265365501247	5.000160540826
1	819	386.803695197604	5.129638135216
1	823	386.86826769141	0.602902190163
1	829	387.991206705664	1.18751150806
1	833	387.996953208138	1.128685516728
1	837	388.137540153179	0.146333447515
1	843	388.814505443558	0.81755223542
1	851	391.193152510502	3.055612357323
1	859	397.774756628738	8.96025118518
1	863	398.010349131966	6.817196621464
1	873	402.742426753617	4.967670124879
1	879	407.6338924655	9.623543333534
1	885	410.586840555144	7.844413801527
1	893	414.970919617675	7.337027152175
1	899	417.830146225803	7.243305670659
1	905	422.241361061034	7.270441443359
1	909	423.044265648279	5.214119422476
1	915	426.647251423295	4.405890362261
1	921	429.976678159956	6.932412511677
1	927	434.345829500379	7.698578077084
1	935	436.39587257013	6.419194410174
1	941	437.453735209556	3.107905709177
1	947	438.842256781754	2.446384211624
1	951	441.010082185143	3.556346975587
1	959	448.112019869104	9.26976308735
1	965	452.734910990945	11.724828805802
1	971	457.074213030767	8.962193161663
1	977	462.238276698837	9.503365707892
1	983	466.039920540852	8.965707510085
1	989	469.766687045115	7.528410346278
1	993	471.34696838199	5.307047841138
1	999	474.884082968977	5.117395923862
1	1005	476.632349879457	5.285381497467
1	1011	478.813456984571	3.929374015594
1	1017	480.720079544438	4.087729664981
1	1023	481.046605613872	2.233148629301
1	1029	482.078236701415	1.358157156977
1	1037	490.603691105795	9.557085491923
1	1041	491.214662117957	9.136425416542
1	1047	492.426461306053	1.822770200258
1	1053	495.51345858575	4.298796467793
1	1061	498.979613397967	6.553152091914
1	1067	506.53369737862	11.02023879287
1	1073	520.23644211395	21.256828715983
1	1077	520.962833776031	14.429136397411
1	1083	523.84802850382	3.61158638987
1	1089	524.517459117425	3.554625341394
1	1095	529.534345055326	5.686316551506
1	1099	530.781414619549	6.263955502124
1	1103	530.884406964591	1.350061909265
1	1111	533.564616477199	2.78320185765
1	1121	543.562577746051	12.67817078146
1	1125	545.484080213669	11.91946373647
1	1133	550.963732250686	7.401154504635
1	1137	551.647750017868	6.163669804199
1	1145	552.138789991154	1.175057740468
1	1149	554.152349830142	2.504599812274
1	1157	566.278373989498	14.139583998344
1	1163	571.78867844288	17.636328612738
1	1167	571.874947351648	5.59657336215
1	1171	573.651459923454	1.862781480574
1	1177	575.112178832211	3.237231480563
1	1185	585.561760403095	11.910300479641
1	1189	586.227400949049	11.115222116838
1	1199	591.396590826223	5.834830423128
1	1205	592.725895601994	6.498494652945
1	1209	592.752387699832	1.355796873609
1	1217	598.067406101533	5.341510499539
1	1221	599.712346039842	6.95995834001
1	1225	600.047065173885	1.979659072352
1	1229	600.968921444505	1.256575404663
1	1235	601.580604961116	1.533539787231
1	1241	602.353603853739	1.384682409234
1	1251	606.4135402223	4.832935261184
1	1259	615.899767628196	13.546163774457
1	1265	621.370978107772	14.957437885472
1	1271	623.355526835987	7.455759207791
1	1277	623.824365052288	2.453386944516
1	1283	627.010576740808	3.655049904821
1	1289	629.903286512372	6.078921460084
1	1295	637.946451613467	10.935874872659
1	1299	640.414751845948	10.511465333576
1	1303	640.539632247716	2.593180634249
1	1307	641.006252316826	0.591500470878
1	1319	643.00308469228	2.463452444564
1	1325	655.699045655261	14.692793338435
1	1329	656.37463896418	13.3715542719
1	1335	659.613957185485	3.914911530224
1	1339	659.659964789266	3.285325825086
1	1343	659.783823982441	0.169866796956
1	1349	661.222914532653	1.562949743387
1	1361	669.322056311767	9.538232329326
1	1367	670.173869838985	8.950955306332
1	1373	674.399797912434	5.077741600667
1	1377	676.185094706415	6.01122486743
1	1383	679.481488463967	5.081690551533
1	1389	681.040517154546	4.855422448131
1	1395	685.060501795116	5.579013331149
1	1399	685.783840839723	4.743323685177
1	1403	686.50934642637	1.448844631254
1	1411	689.598337842768	3.814497003045
1	1419	692.009237898524	5.499891472154
1	1423	692.972698710786	3.374360868018
1	1429	693.255641708911	1.246403810387
1	1435	695.475137662429	2.502438951643
1	1443	703.766981187272	10.511339478361
1	1451	710.88639351844	15.411255856011
1	1455	711.235690354206	7.468709166934
1	1463	720.895247334059	10.008853815619
1	1469	722.926962438516	11.69127208431
1	1473	723.228463955237	2.333216621178
1	1479	726.820283690937	3.893321252421
1	1487	730.425293250917	7.19682929568
1	1493	735.176523559105	8.356239868168
1	1497	737.817762442322	7.392469191405
1	1501	738.042937961102	2.866414401997
1	1511	742.020324297635	4.202561855313
1	1517	744.099258373367	6.056320412265
1	1521	746.57126160248	4.550937304845
1	1525	746.860690713033	2.761432339666
1	1535	761.147009701783	14.575748099303
1	1541	767.369711739961	20.509021026928
1	1545	768.315640730433	7.16863102865
1	1553	773.8701598684	6.500448128439
1	1559	779.573040295436	11.257399565003
1	1565	797.414347702225	23.544187833825
1	1571	801.207809521191	21.634769225755
1	1577	805.370002079182	7.955654376957
1	1583	810.951556122331	9.74374660114
1	1587	811.762190507944	6.392188428762
1	1591	812.098244836653	1.146688714322
1	1595	812.79975788057	1.037567372626
1	1607	817.618721373405	5.520476536752
1	1611	819.209551340912	6.409793460342
1	1617	821.400036744146	3.781315370741
1	1625	835.793171118137	16.583619777225
1	1631	838.239856686886	16.83981994274
1	1635	842.058919899837	6.2657487817
1	1639	842.758532746197	4.518676059311
1	1647	844.628978328752	2.570058428915
1	1653	849.535461934725	6.776929188528
1	1661	852.879582336586	8.250604007834
1	1667	857.290417215733	7.754955281008
1	1671	866.443427876157	13.563845539571
1	1675	866.475201161295	9.184783945562
1	1685	871.983526261875	5.540098385718
1	1689	873.438441464997	6.963240303702
1	1697	876.896668051032	4.913141789157
1	1703	878.673249459388	5.234807994391
1	1709	882.406670829547	5.510002778515
1	1715	886.863716608975	8.190467149587
1	1721	889.447373358782	7.040702529235
1	1727	891.107753012376	4.244036403401
1	1731	894.19929668475	4.751923325968
1	1739	903.29304078018	12.185287767804
1	1745	909.524702546982	15.325405862232
1	1751	909.782458514113	6.489417733933
1	1755	912.982585568036	3.457883021054
1	1759	913.799943255783	4.01748474167
1	1767	917.074442218198	4.091856650162
1	1775	925.74875470196	11.948811446177
1	1779	928.313694455849	11.239252237651
1	1783	929.213048524979	3.464293823019
1	1791	930.730877779749	2.4171833239
1	1795	932.997126747196	3.784078222217
1	1799	933.185820774629	2.45494299488
1	1809	935.16887036357	2.171743616374
1	1817	939.879331019165	6.693510244536
1	1821	940.450486887018	5.281616523448
1	1827	940.871514425353	0.992183406188
1	1833	941.29140670343	0.840919816412
1	1839	942.834915262041	1.963400836688
1	1847	944.25265844947	2.96125174604
1	1853	944.358591032984	1.523675770943
1	1859	948.245140257778	3.992481808308
1	1865	952.424082672367	8.065491639383
1	1871	959.694003401256	11.448863143478
1	1875	959.956291123829	7.532208451462
1	1883	983.060137440854	23.366134039598
1	1889	983.76181437697	23.805523253141
1	1893	985.583345916518	2.523208475664
1	1899	988.713592175834	4.951777798864
2	228	103.988689477301	16
2	232	104.412281283977	15
2	236	104.51894566998	16
2	238	106.794336588336	17
2	240	109.8987345301	16
2	244	112.562469930489	17
2	246	113.559648097121	16
2	250	118.016178405328	17
2	252	123.875598032655	16
2	256	127.075591471764	17
2	258	130.912856622868	16
2	262	131.95220729244	15
2	266	132.430729687098	14
2	270	132.541154528422	15
2	272	132.887579464479	14
2	276	133.256344511032	15
2	278	133.360203161578	16
2	280	135.00357055078	17
2	282	142.144471578936	16
2	286	142.145742504115	15
2	290	143.176223030156	14
2	294	143.660720906315	15
2	296	144.125199953365	16
2	298	145.189031739102	15
2	302	145.280215670322	14
2	306	147.394413704864	15
2	308	151.601877539227	14
2	312	151.953645685754	13
2	316	152.145241818962	14
2	318	152.529234408298	15
2	320	155.613872484001	14
2	324	155.696602571581	13
2	328	155.943669045959	14
2	330	156.327958378503	13
2	334	156.405118205219	14
2	336	156.757986999829	15
2	338	157.229477479193	16
2	340	158.208705096991	17
2	342	160.752740584067	16
2	346	165.276789182803	15
2	350	165.75554616246	16
2	352	167.088035023274	17
2	354	175.896601090966	16
2	358	176.685574562209	17
2	360	177.492494943175	16
2	364	182.258657152795	15
2	368	182.673215869814	16
2	370	184.156004088715	15
2	374	184.993621094273	16
2	376	185.911388440206	15
2	380	186.714232955093	16
2	382	187.332616061788	15
2	386	190.203850888981	16
2	388	191.601416627241	17
2	390	192.532158891848	16
2	394	195.028391439594	15
2	398	195.480786736821	14
2	402	195.912031458572	15
2	404	197.275689784061	16
2	406	201.616166756731	17
2	408	205.616997965997	16
2	412	205.711988794721	15
2	416	206.532817445057	16
2	418	213.623933530905	15
2	422	214.288423166103	16
2	424	215.840547845715	15
2	428	215.974766139807	14
2	432	216.399646030263	15
2	434	219.334288507142	16
2	436	219.548646393961	15
2	440	220.402078238487	14
2	444	220.722730014728	15
2	446	221.360300393038	16
2	448	221.567934665065	17
2	450	233.955342319872	16
2	454	236.880663034744	17
2	456	238.543183497897	16
2	460	238.804684369286	17
2	462	240.604616052423	16
2	466	240.768830851678	17
2	468	243.264751932592	16
2	472	244.536304356708	17
2	474	244.903806489378	16
2	478	246.373277911944	15
2	482	248.387515607005	14
2	486	249.842146004064	15
2	488	249.97520096204	14
2	492	250.267133323001	15
2	494	251.011475394001	14
2	498	251.180667934308	15
2	500	251.417989710587	16
2	502	251.980486353583	17
2	504	254.12699971165	16
2	508	256.420267299611	17
2	510	260.293286084165	16
2	514	262.416876055995	17
2	516	268.549223349975	16
2	520	270.649948866044	17
2	522	272.54797762841	16
2	526	272.954085818953	17
2	528	273.584035191421	16
2	532	278.15106320115	15
2	536	278.284472310911	16
2	538	279.305228805704	15
2	542	279.621198627404	14
2	546	280.870465040043	15
2	548	281.46622627212	16
2	550	282.027861240038	15
2	554	282.259992455258	16
2	556	283.558823781682	17
2	558	286.046188363623	16
2	562	287.140310509554	15
2	566	288.813777678754	16
2	568	288.856282263275	17
2	570	289.205942575938	16
2	574	289.22528973075	17
2	576	294.920875244273	16
2	580	295.064131464336	17
2	582	299.180662599958	16
2	586	300.384885413743	15
2	590	300.808346335304	16
2	592	302.754261878542	15
2	596	304.456543412101	16
2	598	306.045590348854	15
2	602	306.702632585129	16
2	604	309.139518637931	17
2	606	317.732186289617	16
2	610	319.622029384315	15
2	614	320.252605317208	16
2	616	320.446058061631	17
2	618	322.19158833747	16
2	622	322.61724389542	15
2	626	322.632356661676	16
2	628	323.243269960806	17
2	630	323.549102959294	16
2	634	323.963076247839	17
2	636	329.158438479905	16
2	640	329.996932598918	15
2	644	331.41811757338	16
2	646	332.08277555988	15
2	650	332.55400728479	16
2	652	332.773134697704	15
2	656	333.125003904612	16
2	658	333.716650454041	15
2	662	336.300158301746	16
2	664	336.507554674416	17
2	666	337.35523565937	16
2	670	340.089083445822	15
2	674	340.782004324315	14
2	678	342.973395579521	15
2	680	345.640833873831	16
2	682	347.04980826	15
2	686	347.290247611533	16
2	688	347.739261258061	15
2	692	348.007380804345	16
2	694	348.472506914846	15
2	698	348.547461606867	14
2	702	348.632752884379	13
2	706	349.824858392424	14
2	708	350.688131093652	13
2	712	351.084446380645	14
2	714	351.682056678903	15
2	716	352.253451209499	14
2	720	352.430707130437	13
2	724	354.049556048253	14
2	726	355.311732233805	15
2	728	355.313324871959	16
2	730	357.69798586416	15
2	734	357.746227080724	16
2	736	357.827437984483	15
2	740	357.966133522537	14
2	744	359.043939143713	15
2	746	359.32159203394	14
2	750	359.34212096685	15
2	752	359.77828859185	14
2	756	360.6583870256	15
2	758	360.843809648197	16
2	760	361.379434593844	15
2	764	364.931290790566	14
2	768	365.465342103869	15
2	770	365.466619457857	14
2	774	365.939305257934	15
2	776	366.5586996279	14
2	780	366.707980646883	15
2	782	366.853622406186	16
2	784	366.89354862549	15
2	788	368.349467487887	16
2	790	368.543017123042	17
2	792	380.460856326018	16
2	796	380.935403603416	15
2	800	381.265204960421	14
2	804	381.570920980622	15
2	806	381.65686417147	16
2	808	381.674057062388	15
2	812	381.745029806193	16
2	814	383.194115430095	17
2	816	386.265365501247	16
2	820	386.803695197604	15
2	824	386.86826769141	14
2	828	386.897671766828	15
2	830	387.991206705664	14
2	834	387.996953208138	13
2	838	388.137540153179	12
2	842	388.388465946973	13
2	844	388.814505443558	12
2	848	390.201817131049	13
2	850	391.161592522346	14
2	852	391.193152510502	13
2	856	395.389304675206	14
2	858	396.641375991103	15
2	860	397.774756628738	14
2	864	398.010349131966	13
2	868	399.072810217048	14
2	870	400.270505041888	15
2	872	400.82325856157	16
2	874	402.742426753617	15
2	878	403.356838461427	16
2	880	407.6338924655	15
2	884	407.822984898323	16
2	886	410.586840555144	15
2	890	411.092859027904	16
2	892	412.187927100241	17
2	894	414.970919617675	16
2	898	417.72819565747	17
2	900	417.830146225803	16
2	904	421.848836894632	17
2	906	422.241361061034	16
2	910	423.044265648279	15
2	914	424.747665252899	16
2	916	426.647251423295	15
2	920	427.789431971977	16
2	922	429.976678159956	15
2	926	430.229635899366	16
2	928	434.345829500379	15
2	932	434.509843499581	16
2	934	434.717481972547	17
2	936	436.39587257013	16
2	940	436.758314611894	17
2	942	437.453735209556	16
2	946	438.472484806922	17
2	948	438.842256781754	16
2	952	441.010082185143	15
2	956	441.247143808746	16
2	958	442.774517739236	17
2	960	448.112019869104	16
2	964	449.902788383964	17
2	966	452.734910990945	16
2	970	456.235471559526	17
2	972	457.074213030767	16
2	976	457.557706766733	17
2	978	462.238276698837	16
2	982	462.620592464774	17
2	984	466.039920540852	16
2	988	466.494669663118	17
2	990	469.766687045115	16
2	994	471.34696838199	15
2	998	472.740387360824	16
2	1000	474.884082968977	15
2	1004	475.352283082898	16
2	1006	476.632349879457	15
2	1010	477.719185242442	16
2	1012	478.813456984571	15
2	1016	479.419986665409	16
2	1018	480.720079544438	15
2	1022	480.874335339217	16
2	1024	481.046605613872	15
2	1028	481.964365263332	16
2	1030	482.078236701415	15
2	1034	483.513831740936	16
2	1036	483.879874348836	17
2	1038	490.603691105795	16
2	1042	491.214662117957	15
2	1046	491.906423197189	16
2	1048	492.426461306053	15
2	1052	492.906582719127	16
2	1054	495.51345858575	15
2	1058	496.679382349232	16
2	1060	498.394511606854	17
2	1062	498.979613397967	16
2	1066	503.507197845436	17
2	1068	506.53369737862	16
2	1072	507.181671199897	17
2	1074	520.23644211395	16
2	1078	520.962833776031	15
2	1082	521.083468014924	16
2	1084	523.84802850382	15
2	1088	524.032487142659	16
2	1090	524.517459117425	15
2	1094	525.381042202087	16
2	1096	529.534345055326	15
2	1100	530.781414619549	14
2	1104	530.884406964591	13
2	1108	531.265100325153	14
2	1110	531.343264899553	15
2	1112	533.564616477199	14
2	1116	533.861898056681	15
2	1118	534.385472097487	16
2	1120	534.767256835602	17
2	1122	543.562577746051	16
2	1126	545.484080213669	15
2	1130	548.271349663823	16
2	1132	548.370291461272	17
2	1134	550.963732250686	16
2	1138	551.647750017868	15
2	1142	551.699493921528	16
2	1144	551.735338263278	17
2	1146	552.138789991154	16
2	1150	554.152349830142	15
2	1154	554.296115154464	16
2	1156	562.56961292505	17
2	1158	566.278373989498	16
2	1162	568.856324301057	17
2	1164	571.78867844288	16
2	1168	571.874947351648	15
2	1172	573.651459923454	14
2	1176	573.840691255997	15
2	1178	575.112178832211	14
2	1182	577.151381241728	15
2	1184	580.976929357935	16
2	1186	585.561760403095	15
2	1190	586.227400949049	14
2	1194	587.197463188687	15
2	1196	587.714146677701	16
2	1198	590.840227674101	17
2	1200	591.396590826223	16
2	1204	591.607276649704	17
2	1206	592.725895601994	16
2	1210	592.752387699832	15
2	1214	593.141376801276	16
2	1216	596.559400619529	17
2	1218	598.067406101533	16
2	1222	599.712346039842	15
2	1226	600.047065173885	14
2	1230	600.968921444505	13
2	1234	601.30483785673	14
2	1236	601.580604961116	13
2	1240	602.093590408507	14
2	1242	602.353603853739	13
2	1246	603.042760594029	14
2	1248	604.33170625846	15
2	1250	605.911426476923	16
2	1252	606.4135402223	15
2	1256	606.552209769489	16
2	1258	607.902875596704	17
2	1260	615.899767628196	16
2	1264	618.856173036952	17
2	1266	621.370978107772	16
2	1270	621.949900587664	17
2	1272	623.355526835987	16
2	1276	623.608823488652	17
2	1278	623.824365052288	16
2	1282	624.953690840299	17
2	1284	627.010576740808	16
2	1288	628.614516387799	17
2	1290	629.903286512372	16
2	1294	631.409835050749	17
2	1296	637.946451613467	16
2	1300	640.414751845948	15
2	1304	640.539632247716	14
2	1308	641.006252316826	13
2	1312	641.79810391191	14
2	1314	641.802795561665	15
2	1316	642.564765445481	16
2	1318	642.904713918474	17
2	1320	643.00308469228	16
2	1324	645.376944638141	17
2	1326	655.699045655261	16
2	1330	656.37463896418	15
2	1334	657.658194031659	16
2	1336	659.613957185485	15
2	1340	659.659964789266	14
2	1344	659.783823982441	13
2	1348	661.102198105389	14
2	1350	661.222914532653	13
2	1354	662.809124567412	14
2	1356	662.818113066985	15
2	1358	664.200104421893	16
2	1360	665.975136950926	17
2	1362	669.322056311767	16
2	1366	669.932664873176	17
2	1368	670.173869838985	16
2	1372	670.467298169879	17
2	1374	674.399797912434	16
2	1378	676.185094706415	15
2	1382	676.844787577931	16
2	1384	679.481488463967	15
2	1388	680.533235442222	16
2	1390	681.040517154546	15
2	1394	682.538983041104	16
2	1396	685.060501795116	15
2	1400	685.783840839723	14
2	1404	686.50934642637	13
2	1408	687.286524116808	14
2	1410	687.48000341141	15
2	1412	689.598337842768	14
2	1416	689.690104438195	15
2	1418	690.184945083249	16
2	1420	692.009237898524	15
2	1424	692.972698710786	14
2	1428	693.153759237996	15
2	1430	693.255641708911	14
2	1434	694.004844901158	15
2	1436	695.475137662429	14
2	1440	698.911350911213	15
2	1442	699.91833005307	16
2	1444	703.766981187272	15
2	1448	705.100433976141	16
2	1450	708.788006548384	17
2	1452	710.88639351844	16
2	1456	711.235690354206	15
2	1460	712.316393230836	16
2	1462	712.817871611301	17
2	1464	720.895247334059	16
2	1468	722.070482277219	17
2	1470	722.926962438516	16
2	1474	723.228463955237	15
2	1478	724.912412548074	16
2	1480	726.820283690937	15
2	1484	726.829533852935	16
2	1486	729.453857164002	17
2	1488	730.425293250917	16
2	1492	733.320135279313	17
2	1494	735.176523559105	16
2	1498	737.817762442322	15
2	1502	738.042937961102	14
2	1506	738.228294775926	15
2	1508	738.309096094346	16
2	1510	740.582681100663	17
2	1512	742.020324297635	16
2	1516	742.648007901504	17
2	1518	744.099258373367	16
2	1522	746.57126160248	15
2	1526	746.860690713033	14
2	1530	748.548806513707	15
2	1532	749.248281131823	16
2	1534	750.336123334415	17
2	1536	761.147009701783	16
2	1540	761.374709727411	17
2	1542	767.369711739961	16
2	1546	768.315640730433	15
2	1550	769.213405116978	16
2	1552	769.842676009024	17
2	1554	773.8701598684	16
2	1558	774.620099624935	17
2	1560	779.573040295436	16
2	1564	779.939884076019	17
2	1566	797.414347702225	16
2	1570	797.727284018835	17
2	1572	801.207809521191	16
2	1576	802.046427305487	17
2	1578	805.370002079182	16
2	1582	809.481768294712	17
2	1584	810.951556122331	16
2	1588	811.762190507944	15
2	1592	812.098244836653	14
2	1596	812.79975788057	13
2	1600	813.511033513202	14
2	1602	813.603437300828	15
2	1604	813.65859040533	16
2	1606	814.070783960832	17
2	1608	817.618721373405	16
2	1612	819.209551340912	15
2	1616	820.299483017032	16
2	1618	821.400036744146	15
2	1622	823.346244473421	16
2	1624	824.738144539721	17
2	1626	835.793171118137	16
2	1630	836.055543447605	17
2	1632	838.239856686886	16
2	1636	842.058919899837	15
2	1640	842.758532746197	14
2	1644	843.160364020718	15
2	1646	844.055974781621	16
2	1648	844.628978328752	15
2	1652	846.359902548674	16
2	1654	849.535461934725	15
2	1658	850.114362633823	16
2	1660	850.981227346561	17
2	1662	852.879582336586	16
2	1666	853.224785588397	17
2	1668	857.290417215733	16
2	1672	866.443427876157	15
2	1676	866.475201161295	14
2	1680	866.620932230983	15
2	1682	867.197442983017	16
2	1684	867.706612984989	17
2	1686	871.983526261875	16
2	1690	873.438441464997	15
2	1694	873.514072777955	16
2	1696	873.824646667466	17
2	1698	876.896668051032	16
2	1702	877.740659209415	17
2	1704	878.673249459388	16
2	1708	881.85123438605	17
2	1710	882.406670829547	16
2	1714	883.641317136451	17
2	1716	886.863716608975	16
2	1720	886.929102910368	17
2	1722	889.447373358782	16
2	1726	890.401430618666	17
2	1728	891.107753012376	16
2	1732	894.19929668475	15
2	1736	897.939162639418	16
2	1738	900.878197979098	17
2	1740	903.29304078018	16
2	1744	906.14307138422	17
2	1746	909.524702546982	16
2	1750	909.655285327581	17
2	1752	909.782458514113	16
2	1756	912.982585568036	15
2	1760	913.799943255783	14
2	1764	915.363704168107	15
2	1766	915.952170759308	16
2	1768	917.074442218198	15
2	1772	921.341583347957	16
2	1774	922.07268702061	17
2	1776	925.74875470196	16
2	1780	928.313694455849	15
2	1784	929.213048524979	14
2	1788	929.526657866694	15
2	1790	929.689895291047	16
2	1792	930.730877779749	15
2	1796	932.997126747196	14
2	1800	933.185820774629	13
2	1804	933.407507775991	14
2	1806	933.645226260748	15
2	1808	934.443276103769	16
2	1810	935.16887036357	15
2	1814	935.638340018151	16
2	1816	938.631308080563	17
2	1818	939.879331019165	16
2	1822	940.450486887018	15
2	1826	940.488061332761	16
2	1828	940.871514425353	15
2	1832	940.986098495631	16
2	1834	941.29140670343	15
2	1838	942.533926800573	16
2	1840	942.834915262041	15
2	1844	943.131463809827	16
2	1846	944.082488251359	17
2	1848	944.25265844947	16
2	1852	944.334120122684	17
2	1854	944.358591032984	16
2	1858	944.637291277722	17
2	1860	948.245140257778	16
2	1864	949.196136291166	17
2	1866	952.424082672367	16
2	1870	953.680864691147	17
2	1872	959.694003401256	16
2	1876	959.956291123829	15
2	1880	964.039660974899	16
2	1882	964.192061719538	17
2	1884	983.060137440854	16
2	1888	983.409662992323	17
2	1890	983.76181437697	16
2	1894	985.583345916518	15
2	1898	985.712473787003	16
2	1900	988.713592175834	15
2	1904	988.714736998436	16
2	1906	994.259509326001	17
3	228	103.988689477301	50.230947227402
3	232	104.412281283977	50.38004321248
3	240	109.8987345301	54.303557135786
3	246	113.559648097121	47.893474741025
3	252	123.875598032655	56.457788795952
3	258	130.912856622868	63.14595270487
3	262	131.95220729244	63.574742572861
3	266	132.430729687098	56.328770085377
3	272	132.887579464479	54.049677342696
3	282	142.144471578936	58.087829821497
3	286	142.145742504115	56.164563714212
3	290	143.176223030156	56.784925595787
3	298	145.189031739102	56.690811580926
3	302	145.280215670322	54.508259068702
3	308	151.601877539227	59.895199743301
3	312	151.953645685754	53.685174442054
3	320	155.613872484001	56.897929402104
3	324	155.696602571581	51.177656901601
3	330	156.327958378503	49.533621790167
3	342	160.752740584067	48.190270653578
3	346	165.276789182803	47.260610777475
3	354	175.896601090966	48.821009619202
3	360	177.492494943175	44.951340414753
3	364	182.258657152795	49.002312641763
3	370	184.156004088715	50.795800927137
3	376	185.911388440206	50.907817889426
3	382	187.332616061788	43.671895155473
3	390	192.532158891848	48.406958938483
3	394	195.028391439594	47.63397773473
3	398	195.480786736821	43.335544917859
3	408	205.616997965997	53.087763557699
3	412	205.711988794721	49.768319748762
3	418	213.623933530905	57.218815325686
3	424	215.840547845715	59.082560845886
3	428	215.974766139807	58.745288660614
3	436	219.548646393961	61.33994129697
3	440	220.402078238487	54.646532076027
3	450	233.955342319872	66.867307296598
3	456	238.543183497897	61.857608935688
3	462	240.604616052423	57.931400182609
3	468	243.264751932592	58.271130838319
3	474	244.903806489378	58.189573534285
3	478	246.373277911944	56.169427022963
3	482	248.387515607005	56.786098979764
3	488	249.97520096204	54.063169503468
3	494	251.011475394001	53.73578560994
3	504	254.12699971165	52.510832954919
3	510	260.293286084165	53.760468639108
3	516	268.549223349975	54.260800183872
3	522	272.54797762841	56.148331598147
3	528	273.584035191421	54.249746684279
3	532	278.15106320115	57.428333186422
3	538	279.305228805704	57.944928412666
3	542	279.621198627404	58.053263962339
3	550	282.027861240038	45.147198205294
3	558	286.046188363623	47.241503994337
3	562	287.140310509554	46.371479657876
3	570	289.205942575938	44.66963821923
3	576	294.920875244273	45.078729240209
3	582	299.180662599958	48.913529276957
3	586	300.384885413743	49.204217479435
3	592	302.754261878542	51.336272167955
3	598	306.045590348854	54.065103995271
3	606	317.732186289617	61.311918990006
3	610	319.622029384315	57.20515332832
3	618	322.19158833747	51.541639471426
3	622	322.61724389542	49.663158076467
3	630	323.549102959294	45.264630648383
3	636	329.158438479905	48.287973439862
3	640	329.996932598918	48.530706326798
3	646	332.08277555988	49.822783104622
3	652	332.773134697704	49.214310916022
3	658	333.716650454041	44.902872775287
3	666	337.35523565937	48.498953396095
3	670	340.089083445822	50.863793715072
3	674	340.782004324315	45.717872859979
3	682	347.04980826	46.241461924696
3	688	347.739261258061	43.28271784596
3	694	348.472506914846	41.769874329717
3	698	348.547461606867	39.407942968936
3	702	348.632752884379	28.380147567171
3	708	350.688131093652	30.242073032021
3	716	352.253451209499	29.621094547823
3	720	352.430707130437	29.187437169631
3	730	357.69798586416	33.734909616321
3	736	357.827437984483	26.409320411103
3	740	357.966133522537	25.412126237747
3	746	359.32159203394	26.196588129328
3	752	359.77828859185	23.478130290104
3	760	361.379434593844	24.871879919428
3	764	364.931290790566	21.957895211045
3	770	365.466619457857	19.825785584026
3	776	366.5586996279	19.268452016367
3	784	366.89354862549	18.886167821145
3	792	380.460856326018	30.635997933594
3	796	380.935403603416	29.850957222771
3	800	381.265204960421	29.583148281518
3	808	381.674057062388	27.624501014135
3	816	386.265365501247	30.953633267442
3	820	386.803695197604	31.490370325645
3	824	386.86826769141	29.122040610686
3	830	387.991206705664	28.947267561951
3	834	387.996953208138	28.654832241288
3	838	388.137540153179	27.479153127579
3	844	388.814505443558	27.970695795361
3	852	391.193152510502	25.727810406633
3	860	397.774756628738	31.835451370804
3	864	398.010349131966	31.302368485083
3	874	402.742426753617	35.888804347431
3	880	407.6338924655	39.284424977613
3	886	410.586840555144	42.043823432102
3	894	414.970919617675	33.399998637053
3	900	417.830146225803	36.173282054333
3	906	422.241361061034	40.496331254841
3	910	423.044265648279	39.850150218184
3	916	426.647251423295	39.749579656467
3	922	429.976678159956	41.588212212983
3	928	434.345829500379	44.14401236933
3	936	436.39587257013	45.234280047784
3	942	437.453735209556	42.06443053435
3	948	438.842256781754	42.200880790651
3	952	441.010082185143	41.937271968095
3	960	448.112019869104	47.841514827216
3	966	452.734910990945	51.911652429375
3	972	457.074213030767	53.71737456934
3	978	462.238276698837	54.415291800514
3	984	466.039920540852	54.947061512948
3	990	469.766687045115	57.578759944874
3	994	471.34696838199	53.61877272452
3	1000	474.884082968977	53.035246074345
3	1006	476.632349879457	51.884684626558
3	1012	478.813456984571	51.024025012594
3	1018	480.720079544438	50.490443645072
3	1024	481.046605613872	46.536762114291
3	1030	482.078236701415	47.360754728868
3	1038	490.603691105795	53.845376493901
3	1042	491.214662117957	52.742177311035
3	1048	492.426461306053	51.179317497307
3	1054	495.51345858575	52.738940846514
3	1062	498.979613397967	49.076825014003
3	1068	506.53369737862	50.298225819094
3	1074	520.23644211395	62.678735347217
3	1078	520.962833776031	58.342241311257
3	1084	523.84802850382	57.353358840702
3	1090	524.517459117425	51.777071756601
3	1096	529.534345055326	54.182061972428
3	1100	530.781414619549	53.062229377107
3	1104	530.884406964591	51.464420299182
3	1112	533.564616477199	52.690281137982
3	1122	543.562577746051	61.598212482719
3	1126	545.484080213669	61.970248472733
3	1134	550.963732250686	67.08385790185
3	1138	551.647750017868	59.741326820679
3	1146	552.138789991154	59.232207272027
3	1150	554.152349830142	57.47296748091
3	1158	566.278373989498	67.883862382644
3	1164	571.78867844288	68.281480597444
3	1168	571.874947351648	64.693276151751
3	1172	573.651459923454	52.56799190853
3	1178	575.112178832211	51.079691689552
3	1186	585.561760403095	60.180718201008
3	1190	586.227400949049	54.962300623896
3	1200	591.396590826223	60.05332592667
3	1206	592.725895601994	58.863997545313
3	1210	592.752387699832	58.366915602345
3	1218	598.067406101533	63.300149265931
3	1222	599.712346039842	51.440996376019
3	1226	600.047065173885	51.676773712613
3	1230	600.968921444505	49.269427522977
3	1236	601.580604961116	49.845266697838
3	1242	602.353603853739	48.057488699275
3	1252	606.4135402223	43.84392729725
3	1260	615.899767628196	47.043443327139
3	1266	621.370978107772	47.530286851775
3	1272	623.355526835987	46.204145594259
3	1278	623.824365052288	42.847435694353
3	1284	627.010576740808	39.813113552121
3	1290	629.903286512372	42.189139834671
3	1296	637.946451613467	47.106223939366
3	1300	640.414751845948	48.807475196244
3	1304	640.539632247716	47.39825544644
3	1308	641.006252316826	44.446851697297
3	1320	643.00308469228	41.69824683555
3	1326	655.699045655261	53.605455246754
3	1330	656.37463896418	53.331878370151
3	1336	659.613957185485	55.282250927025
3	1340	659.659964789266	53.748538312343
3	1344	659.783823982441	53.231614212952
3	1350	661.222914532653	53.320038935949
3	1362	669.322056311767	50.465883274815
3	1368	670.173869838985	48.223969251321
3	1374	674.399797912434	50.790974423782
3	1378	676.185094706415	51.231403866116
3	1384	679.481488463967	50.866972076168
3	1390	681.040517154546	49.630682103797
3	1396	685.060501795116	43.262397883206
3	1400	685.783840839723	43.981045278058
3	1404	686.50934642637	43.944580980889
3	1412	689.598337842768	46.693623924294
3	1420	692.009237898524	46.632293260383
3	1424	692.972698710786	35.314504679127
3	1430	693.255641708911	32.153443603522
3	1436	695.475137662429	32.666013095017
3	1444	703.766981187272	40.948868120287
3	1452	710.88639351844	46.686289096547
3	1456	711.235690354206	45.26055340328
3	1464	720.895247334059	50.962582460883
3	1470	722.926962438516	52.459664268637
3	1474	723.228463955237	46.383676377306
3	1480	726.820283690937	46.287048248715
3	1488	730.425293250917	47.886310209813
3	1494	735.176523559105	47.889999442297
3	1498	737.817762442322	50.337759030912
3	1502	738.042937961102	48.352833522907
3	1512	742.020324297635	51.835379214386
3	1518	744.099258373367	50.945499135371
3	1522	746.57126160248	52.566416701322
3	1526	746.860690713033	47.94933980182
3	1536	761.147009701783	61.228679648713
3	1542	767.369711739961	62.26927776382
3	1546	768.315640730433	59.527634182049
3	1554	773.8701598684	61.553766637564
3	1560	779.573040295436	66.755168684135
3	1566	797.414347702225	75.343865425006
3	1572	801.207809521191	76.295396973117
3	1578	805.370002079182	78.540468226247
3	1584	810.951556122331	81.497698958329
3	1588	811.762190507944	78.442055228631
3	1592	812.098244836653	73.869950060727
3	1596	812.79975788057	74.490661786224
3	1608	817.618721373405	77.036040272742
3	1612	819.209551340912	76.561543439408
3	1618	821.400036744146	72.851230230439
3	1626	835.793171118137	86.544889986314
3	1632	838.239856686886	87.903733352471
3	1636	842.058919899837	80.684210172426
3	1640	842.758532746197	73.545127629219
3	1648	844.628978328752	74.786302319728
3	1654	849.535461934725	74.91536230979
3	1662	852.879582336586	72.939698260567
3	1668	857.290417215733	59.563133196898
3	1672	866.443427876157	64.39700057067
3	1676	866.475201161295	56.993432866583
3	1686	871.983526261875	58.472492748673
3	1690	873.438441464997	59.835004164169
3	1698	876.896668051032	63.238077645702
3	1704	878.673249459388	64.602465498556
3	1710	882.406670829547	62.107187812515
3	1716	886.863716608975	63.517472135554
3	1722	889.447373358782	64.709228819061
3	1728	891.107753012376	55.052209564771
3	1732	894.19929668475	51.038932664032
3	1740	903.29304078018	59.237065998559
3	1746	909.524702546982	63.164799998308
3	1752	909.782458514113	59.66809588029
3	1756	912.982585568036	62.001358221475
3	1760	913.799943255783	60.575157667386
3	1768	917.074442218198	50.453509987215
3	1776	925.74875470196	58.551311718943
3	1780	928.313694455849	60.60708147086
3	1784	929.213048524979	55.698975747024
3	1792	930.730877779749	56.906231112283
3	1796	932.997126747196	55.256467537781
3	1800	933.185820774629	51.334586388579
3	1810	935.16887036357	51.527553227119
3	1818	939.879331019165	52.950228108797
3	1822	940.450486887018	50.049056268352
3	1828	940.871514425353	42.932351785935
3	1834	941.29140670343	40.413208724332
3	1840	942.834915262041	36.691843877821
3	1848	944.25265844947	34.597373121889
3	1854	944.358591032984	28.994886864877
3	1860	948.245140257778	32.29296949847
3	1866	952.424082672367	31.08249932441
3	1872	959.694003401256	37.621316380646
3	1876	959.956291123829	30.429633257135
3	1884	983.060137440854	53.370242149807
3	1890	983.76181437697	50.354306600979
3	1894	985.583345916518	51.93811965577
3	1900	988.713592175834	54.270316072065
4	228	103.988689477301	0
4	232	104.412281283977	0
4	240	109.8987345301	0
4	246	113.559648097121	0
4	252	123.875598032655	0
4	258	130.912856622868	0
4	262	131.95220729244	0
4	266	132.430729687098	0
4	272	132.887579464479	0
4	282	142.144471578936	0
4	286	142.145742504115	0
4	290	143.176223030156	0
4	298	145.189031739102	0
4	302	145.280215670322	0
4	308	151.601877539227	0
4	312	151.953645685754	0
4	320	155.613872484001	0
4	324	155.696602571581	0
4	330	156.327958378503	0
4	342	160.752740584067	0
4	346	165.276789182803	0
4	354	175.896601090966	0
4	360	177.492494943175	0
4	364	182.258657152795	0
4	370	184.156004088715	0
4	376	185.911388440206	0
4	382	187.332616061788	0
4	390	192.532158891848	0
4	394	195.028391439594	0
4	398	195.480786736821	0
4	408	205.616997965997	0
4	412	205.711988794721	0
4	418	213.623933530905	0
4	424	215.840547845715	0
4	428	215.974766139807	0
4	436	219.548646393961	0
4	440	220.402078238487	0
4	450	233.955342319872	0
4	456	238.543183497897	0
4	462	240.604616052423	0
4	468	243.264751932592	0
4	474	244.903806489378	0
4	478	246.373277911944	0
4	482	248.387515607005	0
4	488	249.97520096204	0
4	494	251.011475394001	0
4	504	254.12699971165	0
4	510	260.293286084165	0
4	516	268.549223349975	0
4	522	272.54797762841	0
4	528	273.584035191421	0
4	532	278.15106320115	0
4	538	279.305228805704	0
4	542	279.621198627404	0
4	550	282.027861240038	0
4	558	286.046188363623	0
4	562	287.140310509554	0
4	570	289.205942575938	0
4	576	294.920875244273	0
4	582	299.180662599958	0
4	586	300.384885413743	0
4	592	302.754261878542	0
4	598	306.045590348854	0
4	606	317.732186289617	0
4	610	319.622029384315	0
4	618	322.19158833747	0
4	622	322.61724389542	0
4	630	323.549102959294	0
4	636	329.158438479905	0
4	640	329.996932598918	0
4	646	332.08277555988	0
4	652	332.773134697704	0
4	658	333.716650454041	0
4	666	337.35523565937	0
4	670	340.089083445822	0
4	674	340.782004324315	0
4	682	347.04980826	0
4	688	347.739261258061	0
4	694	348.472506914846	0
4	698	348.547461606867	0
4	702	348.632752884379	0
4	708	350.688131093652	0
4	716	352.253451209499	0
4	720	352.430707130437	0
4	730	357.69798586416	0
4	736	357.827437984483	0
4	740	357.966133522537	0
4	746	359.32159203394	0
4	752	359.77828859185	0
4	760	361.379434593844	0
4	764	364.931290790566	0
4	770	365.466619457857	0
4	776	366.5586996279	0
4	784	366.89354862549	0
4	792	380.460856326018	0
4	796	380.935403603416	0
4	800	381.265204960421	0
4	808	381.674057062388	0
4	816	386.265365501247	0
4	820	386.803695197604	0
4	824	386.86826769141	0
4	830	387.991206705664	0
4	834	387.996953208138	0
4	838	388.137540153179	0
4	844	388.814505443558	0
4	852	391.193152510502	0
4	860	397.774756628738	0
4	864	398.010349131966	0
4	874	402.742426753617	0
4	880	407.6338924655	0
4	886	410.586840555144	0
4	894	414.970919617675	0
4	900	417.830146225803	0
4	906	422.241361061034	0
4	910	423.044265648279	0
4	916	426.647251423295	0
4	922	429.976678159956	0
4	928	434.345829500379	0
4	936	436.39587257013	0
4	942	437.453735209556	0
4	948	438.842256781754	0
4	952	441.010082185143	0
4	960	448.112019869104	0
4	966	452.734910990945	0
4	972	457.074213030767	0
4	978	462.238276698837	0
4	984	466.039920540852	0
4	990	469.766687045115	0
4	994	471.34696838199	0
4	1000	474.884082968977	0
4	1006	476.632349879457	0
4	1012	478.813456984571	0
4	1018	480.720079544438	0
4	1024	481.046605613872	0
4	1030	482.078236701415	0
4	1038	490.603691105795	0
4	1042	491.214662117957	0
4	1048	492.426461306053	0
4	1054	495.51345858575	0
4	1062	498.979613397967	0
4	1068	506.53369737862	0
4	1074	520.23644211395	0
4	1078	520.962833776031	0
4	1084	523.84802850382	0
4	1090	524.517459117425	0
4	1096	529.534345055326	0
4	1100	530.781414619549	0
4	1104	530.884406964591	0
4	1112	533.564616477199	0
4	1122	543.562577746051	0
4	1126	545.484080213669	0
4	1134	550.963732250686	0
4	1138	551.647750017868	0
4	1146	552.138789991154	0
4	1150	554.152349830142	0
4	1158	566.278373989498	0
4	1164	571.78867844288	0
4	1168	571.874947351648	0
4	1172	573.651459923454	0
4	1178	575.112178832211	0
4	1186	585.561760403095	0
4	1190	586.227400949049	0
4	1200	591.396590826223	0
4	1206	592.725895601994	0
4	1210	592.752387699832	0
4	1218	598.067406101533	0
4	1222	599.712346039842	0
4	1226	600.047065173885	0
4	1230	600.968921444505	0
4	1236	601.580604961116	0
4	1242	602.353603853739	0
4	1252	606.4135402223	0
4	1260	615.899767628196	0
4	1266	621.370978107772	0
4	1272	623.355526835987	0
4	1278	623.824365052288	0
4	1284	627.010576740808	0
4	1290	629.903286512372	0
4	1296	637.946451613467	0
4	1300	640.414751845948	0
4	1304	640.539632247716	0
4	1308	641.006252316826	0
4	1320	643.00308469228	0
4	1326	655.699045655261	0
4	1330	656.37463896418	0
4	1336	659.613957185485	0
4	1340	659.659964789266	0
4	1344	659.783823982441	0
4	1350	661.222914532653	0
4	1362	669.322056311767	0
4	1368	670.173869838985	0
4	1374	674.399797912434	0
4	1378	676.185094706415	0
4	1384	679.481488463967	0
4	1390	681.040517154546	0
4	1396	685.060501795116	0
4	1400	685.783840839723	0
4	1404	686.50934642637	0
4	1412	689.598337842768	0
4	1420	692.009237898524	0
4	1424	692.972698710786	0
4	1430	693.255641708911	0
4	1436	695.475137662429	0
4	1444	703.766981187272	0
4	1452	710.88639351844	0
4	1456	711.235690354206	0
4	1464	720.895247334059	0
4	1470	722.926962438516	0
4	1474	723.228463955237	0
4	1480	726.820283690937	0
4	1488	730.425293250917	0
4	1494	735.176523559105	0
4	1498	737.817762442322	0
4	1502	738.042937961102	0
4	1512	742.020324297635	0
4	1518	744.099258373367	0
4	1522	746.57126160248	0
4	1526	746.860690713033	0
4	1536	761.147009701783	0
4	1542	767.369711739961	0
4	1546	768.315640730433	0
4	1554	773.8701598684	0
4	1560	779.573040295436	0
4	1566	797.414347702225	0
4	1572	801.207809521191	0
4	1578	805.370002079182	0
4	1584	810.951556122331	0
4	1588	811.762190507944	0
4	1592	812.098244836653	0
4	1596	812.79975788057	0
4	1608	817.618721373405	0
4	1612	819.209551340912	0
4	1618	821.400036744146	0
4	1626	835.793171118137	0
4	1632	838.239856686886	0
4	1636	842.058919899837	0
4	1640	842.758532746197	0
4	1648	844.628978328752	0
4	1654	849.535461934725	0
4	1662	852.879582336586	0
4	1668	857.290417215733	0
4	1672	866.443427876157	0
4	1676	866.475201161295	0
4	1686	871.983526261875	0
4	1690	873.438441464997	0
4	1698	876.896668051032	0
4	1704	878.673249459388	0
4	1710	882.406670829547	0
4	1716	886.863716608975	0
4	1722	889.447373358782	0
4	1728	891.107753012376	0
4	1732	894.19929668475	0
4	1740	903.29304078018	0
4	1746	909.524702546982	0
4	1752	909.782458514113	0
4	1756	912.982585568036	0
4	1760	913.799943255783	0
4	1768	917.074442218198	0
4	1776	925.74875470196	0
4	1780	928.313694455849	0
4	1784	929.213048524979	0
4	1792	930.730877779749	0
4	1796	932.997126747196	0
4	1800	933.185820774629	0
4	1810	935.16887036357	0
4	1818	939.879331019165	0
4	1822	940.450486887018	0
4	1828	940.871514425353	0
4	1834	941.29140670343	0
4	1840	942.834915262041	0
4	1848	944.25265844947	0
4	1854	944.358591032984	0
4	1860	948.245140257778	0
4	1866	952.424082672367	0
4	1872	959.694003401256	0
4	1876	959.956291123829	0
4	1884	983.060137440854	0
4	1890	983.76181437697	0
4	1894	985.583345916518	0
4	1900	988.713592175834	0
5	230	103.988689477301	1
5	234	104.412281283977	2
5	235	104.51894566998	1
5	237	106.794336588336	0
5	242	109.8987345301	1
5	243	112.562469930489	0
5	248	113.559648097121	1
5	249	118.016178405328	0
5	254	123.875598032655	1
5	255	127.075591471764	0
5	260	130.912856622868	1
5	264	131.95220729244	2
5	268	132.430729687098	3
5	269	132.541154528422	2
5	274	132.887579464479	3
5	275	133.256344511032	2
5	277	133.360203161578	1
5	279	135.00357055078	0
5	284	142.144471578936	1
5	288	142.145742504115	2
5	292	143.176223030156	3
5	293	143.660720906315	2
5	295	144.125199953365	1
5	300	145.189031739102	2
5	304	145.280215670322	3
5	305	147.394413704864	2
5	310	151.601877539227	3
5	314	151.953645685754	4
5	315	152.145241818962	3
5	317	152.529234408298	2
5	322	155.613872484001	3
5	326	155.696602571581	4
5	327	155.943669045959	3
5	332	156.327958378503	4
5	333	156.405118205219	3
5	335	156.757986999829	2
5	337	157.229477479193	1
5	339	158.208705096991	0
5	344	160.752740584067	1
5	348	165.276789182803	2
5	349	165.75554616246	1
5	351	167.088035023274	0
5	356	175.896601090966	1
5	357	176.685574562209	0
5	362	177.492494943175	1
5	366	182.258657152795	2
5	367	182.673215869814	1
5	372	184.156004088715	2
5	373	184.993621094273	1
5	378	185.911388440206	2
5	379	186.714232955093	1
5	384	187.332616061788	2
5	385	190.203850888981	1
5	387	191.601416627241	0
5	392	192.532158891848	1
5	396	195.028391439594	2
5	400	195.480786736821	3
5	401	195.912031458572	2
5	403	197.275689784061	1
5	405	201.616166756731	0
5	410	205.616997965997	1
5	414	205.711988794721	2
5	415	206.532817445057	1
5	420	213.623933530905	2
5	421	214.288423166103	1
5	426	215.840547845715	2
5	430	215.974766139807	3
5	431	216.399646030263	2
5	433	219.334288507142	1
5	438	219.548646393961	2
5	442	220.402078238487	3
5	443	220.722730014728	2
5	445	221.360300393038	1
5	447	221.567934665065	0
5	452	233.955342319872	1
5	453	236.880663034744	0
5	458	238.543183497897	1
5	459	238.804684369286	0
5	464	240.604616052423	1
5	465	240.768830851678	0
5	470	243.264751932592	1
5	471	244.536304356708	0
5	476	244.903806489378	1
5	480	246.373277911944	2
5	484	248.387515607005	3
5	485	249.842146004064	2
5	490	249.97520096204	3
5	491	250.267133323001	2
5	496	251.011475394001	3
5	497	251.180667934308	2
5	499	251.417989710587	1
5	501	251.980486353583	0
5	506	254.12699971165	1
5	507	256.420267299611	0
5	512	260.293286084165	1
5	513	262.416876055995	0
5	518	268.549223349975	1
5	519	270.649948866044	0
5	524	272.54797762841	1
5	525	272.954085818953	0
5	530	273.584035191421	1
5	534	278.15106320115	2
5	535	278.284472310911	1
5	540	279.305228805704	2
5	544	279.621198627404	3
5	545	280.870465040043	2
5	547	281.46622627212	1
5	552	282.027861240038	2
5	553	282.259992455258	1
5	555	283.558823781682	0
5	560	286.046188363623	1
5	564	287.140310509554	2
5	565	288.813777678754	1
5	567	288.856282263275	0
5	572	289.205942575938	1
5	573	289.22528973075	0
5	578	294.920875244273	1
5	579	295.064131464336	0
5	584	299.180662599958	1
5	588	300.384885413743	2
5	589	300.808346335304	1
5	594	302.754261878542	2
5	595	304.456543412101	1
5	600	306.045590348854	2
5	601	306.702632585129	1
5	603	309.139518637931	0
5	608	317.732186289617	1
5	612	319.622029384315	2
5	613	320.252605317208	1
5	615	320.446058061631	0
5	620	322.19158833747	1
5	624	322.61724389542	2
5	625	322.632356661676	1
5	627	323.243269960806	0
5	632	323.549102959294	1
5	633	323.963076247839	0
5	638	329.158438479905	1
5	642	329.996932598918	2
5	643	331.41811757338	1
5	648	332.08277555988	2
5	649	332.55400728479	1
5	654	332.773134697704	2
5	655	333.125003904612	1
5	660	333.716650454041	2
5	661	336.300158301746	1
5	663	336.507554674416	0
5	668	337.35523565937	1
5	672	340.089083445822	2
5	676	340.782004324315	3
5	677	342.973395579521	2
5	679	345.640833873831	1
5	684	347.04980826	2
5	685	347.290247611533	1
5	690	347.739261258061	2
5	691	348.007380804345	1
5	696	348.472506914846	2
5	700	348.547461606867	3
5	704	348.632752884379	4
5	705	349.824858392424	3
5	710	350.688131093652	4
5	711	351.084446380645	3
5	713	351.682056678903	2
5	718	352.253451209499	3
5	722	352.430707130437	4
5	723	354.049556048253	3
5	725	355.311732233805	2
5	727	355.313324871959	1
5	732	357.69798586416	2
5	733	357.746227080724	1
5	738	357.827437984483	2
5	742	357.966133522537	3
5	743	359.043939143713	2
5	748	359.32159203394	3
5	749	359.34212096685	2
5	754	359.77828859185	3
5	755	360.6583870256	2
5	757	360.843809648197	1
5	762	361.379434593844	2
5	766	364.931290790566	3
5	767	365.465342103869	2
5	772	365.466619457857	3
5	773	365.939305257934	2
5	778	366.5586996279	3
5	779	366.707980646883	2
5	781	366.853622406186	1
5	786	366.89354862549	2
5	787	368.349467487887	1
5	789	368.543017123042	0
5	794	380.460856326018	1
5	798	380.935403603416	2
5	802	381.265204960421	3
5	803	381.570920980622	2
5	805	381.65686417147	1
5	810	381.674057062388	2
5	811	381.745029806193	1
5	813	383.194115430095	0
5	818	386.265365501247	1
5	822	386.803695197604	2
5	826	386.86826769141	3
5	827	386.897671766828	2
5	832	387.991206705664	3
5	836	387.996953208138	4
5	840	388.137540153179	5
5	841	388.388465946973	4
5	846	388.814505443558	5
5	847	390.201817131049	4
5	849	391.161592522346	3
5	854	391.193152510502	4
5	855	395.389304675206	3
5	857	396.641375991103	2
5	862	397.774756628738	3
5	866	398.010349131966	4
5	867	399.072810217048	3
5	869	400.270505041888	2
5	871	400.82325856157	1
5	876	402.742426753617	2
5	877	403.356838461427	1
5	882	407.6338924655	2
5	883	407.822984898323	1
5	888	410.586840555144	2
5	889	411.092859027904	1
5	891	412.187927100241	0
5	896	414.970919617675	1
5	897	417.72819565747	0
5	902	417.830146225803	1
5	903	421.848836894632	0
5	908	422.241361061034	1
5	912	423.044265648279	2
5	913	424.747665252899	1
5	918	426.647251423295	2
5	919	427.789431971977	1
5	924	429.976678159956	2
5	925	430.229635899366	1
5	930	434.345829500379	2
5	931	434.509843499581	1
5	933	434.717481972547	0
5	938	436.39587257013	1
5	939	436.758314611894	0
5	944	437.453735209556	1
5	945	438.472484806922	0
5	950	438.842256781754	1
5	954	441.010082185143	2
5	955	441.247143808746	1
5	957	442.774517739236	0
5	962	448.112019869104	1
5	963	449.902788383964	0
5	968	452.734910990945	1
5	969	456.235471559526	0
5	974	457.074213030767	1
5	975	457.557706766733	0
5	980	462.238276698837	1
5	981	462.620592464774	0
5	986	466.039920540852	1
5	987	466.494669663118	0
5	992	469.766687045115	1
5	996	471.34696838199	2
5	997	472.740387360824	1
5	1002	474.884082968977	2
5	1003	475.352283082898	1
5	1008	476.632349879457	2
5	1009	477.719185242442	1
5	1014	478.813456984571	2
5	1015	479.419986665409	1
5	1020	480.720079544438	2
5	1021	480.874335339217	1
5	1026	481.046605613872	2
5	1027	481.964365263332	1
5	1032	482.078236701415	2
5	1033	483.513831740936	1
5	1035	483.879874348836	0
5	1040	490.603691105795	1
5	1044	491.214662117957	2
5	1045	491.906423197189	1
5	1050	492.426461306053	2
5	1051	492.906582719127	1
5	1056	495.51345858575	2
5	1057	496.679382349232	1
5	1059	498.394511606854	0
5	1064	498.979613397967	1
5	1065	503.507197845436	0
5	1070	506.53369737862	1
5	1071	507.181671199897	0
5	1076	520.23644211395	1
5	1080	520.962833776031	2
5	1081	521.083468014924	1
5	1086	523.84802850382	2
5	1087	524.032487142659	1
5	1092	524.517459117425	2
5	1093	525.381042202087	1
5	1098	529.534345055326	2
5	1102	530.781414619549	3
5	1106	530.884406964591	4
5	1107	531.265100325153	3
5	1109	531.343264899553	2
5	1114	533.564616477199	3
5	1115	533.861898056681	2
5	1117	534.385472097487	1
5	1119	534.767256835602	0
5	1124	543.562577746051	1
5	1128	545.484080213669	2
5	1129	548.271349663823	1
5	1131	548.370291461272	0
5	1136	550.963732250686	1
5	1140	551.647750017868	2
5	1141	551.699493921528	1
5	1143	551.735338263278	0
5	1148	552.138789991154	1
5	1152	554.152349830142	2
5	1153	554.296115154464	1
5	1155	562.56961292505	0
5	1160	566.278373989498	1
5	1161	568.856324301057	0
5	1166	571.78867844288	1
5	1170	571.874947351648	2
5	1174	573.651459923454	3
5	1175	573.840691255997	2
5	1180	575.112178832211	3
5	1181	577.151381241728	2
5	1183	580.976929357935	1
5	1188	585.561760403095	2
5	1192	586.227400949049	3
5	1193	587.197463188687	2
5	1195	587.714146677701	1
5	1197	590.840227674101	0
5	1202	591.396590826223	1
5	1203	591.607276649704	0
5	1208	592.725895601994	1
5	1212	592.752387699832	2
5	1213	593.141376801276	1
5	1215	596.559400619529	0
5	1220	598.067406101533	1
5	1224	599.712346039842	2
5	1228	600.047065173885	3
5	1232	600.968921444505	4
5	1233	601.30483785673	3
5	1238	601.580604961116	4
5	1239	602.093590408507	3
5	1244	602.353603853739	4
5	1245	603.042760594029	3
5	1247	604.33170625846	2
5	1249	605.911426476923	1
5	1254	606.4135402223	2
5	1255	606.552209769489	1
5	1257	607.902875596704	0
5	1262	615.899767628196	1
5	1263	618.856173036952	0
5	1268	621.370978107772	1
5	1269	621.949900587664	0
5	1274	623.355526835987	1
5	1275	623.608823488652	0
5	1280	623.824365052288	1
5	1281	624.953690840299	0
5	1286	627.010576740808	1
5	1287	628.614516387799	0
5	1292	629.903286512372	1
5	1293	631.409835050749	0
5	1298	637.946451613467	1
5	1302	640.414751845948	2
5	1306	640.539632247716	3
5	1310	641.006252316826	4
5	1311	641.79810391191	3
5	1313	641.802795561665	2
5	1315	642.564765445481	1
5	1317	642.904713918474	0
5	1322	643.00308469228	1
5	1323	645.376944638141	0
5	1328	655.699045655261	1
5	1332	656.37463896418	2
5	1333	657.658194031659	1
5	1338	659.613957185485	2
5	1342	659.659964789266	3
5	1346	659.783823982441	4
5	1347	661.102198105389	3
5	1352	661.222914532653	4
5	1353	662.809124567412	3
5	1355	662.818113066985	2
5	1357	664.200104421893	1
5	1359	665.975136950926	0
5	1364	669.322056311767	1
5	1365	669.932664873176	0
5	1370	670.173869838985	1
5	1371	670.467298169879	0
5	1376	674.399797912434	1
5	1380	676.185094706415	2
5	1381	676.844787577931	1
5	1386	679.481488463967	2
5	1387	680.533235442222	1
5	1392	681.040517154546	2
5	1393	682.538983041104	1
5	1398	685.060501795116	2
5	1402	685.783840839723	3
5	1406	686.50934642637	4
5	1407	687.286524116808	3
5	1409	687.48000341141	2
5	1414	689.598337842768	3
5	1415	689.690104438195	2
5	1417	690.184945083249	1
5	1422	692.009237898524	2
5	1426	692.972698710786	3
5	1427	693.153759237996	2
5	1432	693.255641708911	3
5	1433	694.004844901158	2
5	1438	695.475137662429	3
5	1439	698.911350911213	2
5	1441	699.91833005307	1
5	1446	703.766981187272	2
5	1447	705.100433976141	1
5	1449	708.788006548384	0
5	1454	710.88639351844	1
5	1458	711.235690354206	2
5	1459	712.316393230836	1
5	1461	712.817871611301	0
5	1466	720.895247334059	1
5	1467	722.070482277219	0
5	1472	722.926962438516	1
5	1476	723.228463955237	2
5	1477	724.912412548074	1
5	1482	726.820283690937	2
5	1483	726.829533852935	1
5	1485	729.453857164002	0
5	1490	730.425293250917	1
5	1491	733.320135279313	0
5	1496	735.176523559105	1
5	1500	737.817762442322	2
5	1504	738.042937961102	3
5	1505	738.228294775926	2
5	1507	738.309096094346	1
5	1509	740.582681100663	0
5	1514	742.020324297635	1
5	1515	742.648007901504	0
5	1520	744.099258373367	1
5	1524	746.57126160248	2
5	1528	746.860690713033	3
5	1529	748.548806513707	2
5	1531	749.248281131823	1
5	1533	750.336123334415	0
5	1538	761.147009701783	1
5	1539	761.374709727411	0
5	1544	767.369711739961	1
5	1548	768.315640730433	2
5	1549	769.213405116978	1
5	1551	769.842676009024	0
5	1556	773.8701598684	1
5	1557	774.620099624935	0
5	1562	779.573040295436	1
5	1563	779.939884076019	0
5	1568	797.414347702225	1
5	1569	797.727284018835	0
5	1574	801.207809521191	1
5	1575	802.046427305487	0
5	1580	805.370002079182	1
5	1581	809.481768294712	0
5	1586	810.951556122331	1
5	1590	811.762190507944	2
5	1594	812.098244836653	3
5	1598	812.79975788057	4
5	1599	813.511033513202	3
5	1601	813.603437300828	2
5	1603	813.65859040533	1
5	1605	814.070783960832	0
5	1610	817.618721373405	1
5	1614	819.209551340912	2
5	1615	820.299483017032	1
5	1620	821.400036744146	2
5	1621	823.346244473421	1
5	1623	824.738144539721	0
5	1628	835.793171118137	1
5	1629	836.055543447605	0
5	1634	838.239856686886	1
5	1638	842.058919899837	2
5	1642	842.758532746197	3
5	1643	843.160364020718	2
5	1645	844.055974781621	1
5	1650	844.628978328752	2
5	1651	846.359902548674	1
5	1656	849.535461934725	2
5	1657	850.114362633823	1
5	1659	850.981227346561	0
5	1664	852.879582336586	1
5	1665	853.224785588397	0
5	1670	857.290417215733	1
5	1674	866.443427876157	2
5	1678	866.475201161295	3
5	1679	866.620932230983	2
5	1681	867.197442983017	1
5	1683	867.706612984989	0
5	1688	871.983526261875	1
5	1692	873.438441464997	2
5	1693	873.514072777955	1
5	1695	873.824646667466	0
5	1700	876.896668051032	1
5	1701	877.740659209415	0
5	1706	878.673249459388	1
5	1707	881.85123438605	0
5	1712	882.406670829547	1
5	1713	883.641317136451	0
5	1718	886.863716608975	1
5	1719	886.929102910368	0
5	1724	889.447373358782	1
5	1725	890.401430618666	0
5	1730	891.107753012376	1
5	1734	894.19929668475	2
5	1735	897.939162639418	1
5	1737	900.878197979098	0
5	1742	903.29304078018	1
5	1743	906.14307138422	0
5	1748	909.524702546982	1
5	1749	909.655285327581	0
5	1754	909.782458514113	1
5	1758	912.982585568036	2
5	1762	913.799943255783	3
5	1763	915.363704168107	2
5	1765	915.952170759308	1
5	1770	917.074442218198	2
5	1771	921.341583347957	1
5	1773	922.07268702061	0
5	1778	925.74875470196	1
5	1782	928.313694455849	2
5	1786	929.213048524979	3
5	1787	929.526657866694	2
5	1789	929.689895291047	1
5	1794	930.730877779749	2
5	1798	932.997126747196	3
5	1802	933.185820774629	4
5	1803	933.407507775991	3
5	1805	933.645226260748	2
5	1807	934.443276103769	1
5	1812	935.16887036357	2
5	1813	935.638340018151	1
5	1815	938.631308080563	0
5	1820	939.879331019165	1
5	1824	940.450486887018	2
5	1825	940.488061332761	1
5	1830	940.871514425353	2
5	1831	940.986098495631	1
5	1836	941.29140670343	2
5	1837	942.533926800573	1
5	1842	942.834915262041	2
5	1843	943.131463809827	1
5	1845	944.082488251359	0
5	1850	944.25265844947	1
5	1851	944.334120122684	0
5	1856	944.358591032984	1
5	1857	944.637291277722	0
5	1862	948.245140257778	1
5	1863	949.196136291166	0
5	1868	952.424082672367	1
5	1869	953.680864691147	0
5	1874	959.694003401256	1
5	1878	959.956291123829	2
5	1879	964.039660974899	1
5	1881	964.192061719538	0
5	1886	983.060137440854	1
5	1887	983.409662992323	0
5	1892	983.76181437697	1
5	1896	985.583345916518	2
5	1897	985.712473787003	1
5	1902	988.713592175834	2
5	1903	988.714736998436	1
5	1905	994.259509326001	0

