version 3
run General-41-20221103-10:28:22-6760
attr configname General
attr datetime 20221103-10:28:22
attr datetimef 20221103-102822
attr experiment General
attr inifile block.ini
attr iterationvars "$0=4, $1=30"
attr iterationvarsd 4/30
attr iterationvarsf 4,30-
attr measurement "$0=4, $1=30"
attr network Block
attr processid 6760
attr repetition 1
attr replication #1
attr resultdir results
attr runnumber 41
attr seedset 41
config network Block
config repeat 5
config sim-time-limit 1000s
config warmup-period 100s
config **.alloca.resourceModuleName "\"risorse\""
config **.dealloca.resourceModuleName "\"risorse\""
config **.is.delay exponential(3s)
config **.servente.serviceTime exponential(4s)
config **.dealloca.resourceAmount 2
config **.alloca.resourceAmount 2
config **.risorse.amount 6
config **.sorgente.numJobs (30)
config **.result-recording-modes all

vector 0 Block.is delayedJobs:vector ETV
attr interpolationmode sample-hold
attr recordingmode vector
attr title "number of delayed jobs"
vector 1 Block.alloca queueLength:vector ETV
attr interpolationmode sample-hold
attr recordingmode vector
attr title "queue length"
vector 2 Block.servente queueLength:vector ETV
attr interpolationmode sample-hold
attr recordingmode vector
attr title "queue length"
vector 3 Block.servente queueingTime:vector ETV
attr interpolationmode none
attr recordingmode vector
attr title "queueing time at dequeue"
attr unit s
vector 4 Block.alloca queueingTime:vector ETV
attr interpolationmode none
attr recordingmode vector
attr title "queueing time at dequeue"
attr unit s
vector 5 Block.risorse amount:vector ETV
attr interpolationmode sample-hold
attr recordingmode vector
attr title "available resource"
0	265	100.527387023739	1
0	267	101.118751924576	0
0	272	104.409110873151	1
0	273	105.405740333837	0
0	278	107.592979176087	1
0	282	109.444733231063	2
0	286	109.670927511231	3
0	287	110.133071095188	2
0	289	112.843935963995	1
0	291	115.668017210326	0
0	296	116.150658557276	1
0	300	116.510880762293	2
0	301	117.136470071211	1
0	306	118.653241402249	2
0	307	118.745270662121	1
0	312	122.743720884863	2
0	316	123.871947969211	3
0	317	125.511076981387	2
0	319	125.586846710534	1
0	324	125.727906434228	2
0	325	126.724250318541	1
0	327	127.40292504811	0
0	332	131.486736008662	1
0	336	132.212262797614	2
0	337	132.457731210223	1
0	339	132.722091769618	0
0	344	136.091492635551	1
0	348	138.598412792555	2
0	352	139.341785646945	3
0	353	139.361536408612	2
0	358	142.372807925835	3
0	359	142.772503104697	2
0	361	147.182461307415	1
0	363	148.335753051306	0
0	368	148.528234692071	1
0	372	149.684604168987	2
0	376	153.804034543651	3
0	380	154.128344944477	4
0	381	154.2107577678	3
0	386	154.736850263656	4
0	387	154.752329010706	3
0	389	155.56390423787	2
0	391	155.80271631739	1
0	396	157.337979454872	2
0	397	158.267054244837	1
0	399	159.115459006239	0
0	404	159.901198395686	1
0	405	161.33632893188	0
0	410	161.549611645856	1
0	411	163.507076982239	0
0	416	164.983971320288	1
0	417	166.14722602159	0
0	422	171.898145518715	1
0	423	173.621872514768	0
0	428	177.80194652779	1
0	432	178.352857528031	2
0	436	178.919810361774	3
0	437	179.85375365386	2
0	439	180.253110265761	1
0	441	181.509929562856	0
0	446	181.75525362223	1
0	447	183.180275311446	0
0	452	187.181096613134	1
0	453	187.864422006831	0
0	458	201.034373164026	1
0	459	202.39308671562	0
0	464	205.574735940546	1
0	465	209.217035034756	0
0	470	211.612070549058	1
0	471	215.621923068524	0
0	476	217.046614556377	1
0	477	220.4892643875	0
0	482	222.908151802135	1
0	483	223.224930037863	0
0	488	223.898770229736	1
0	489	224.525183770961	0
0	494	226.064995589512	1
0	495	228.235819357302	0
0	500	231.686494373559	1
0	501	237.48776338125	0
0	506	239.49082470965	1
0	507	239.590286691001	0
0	512	255.095121723206	1
0	513	255.734916963688	0
0	518	257.179846730506	1
0	519	262.488136110963	0
0	524	268.110011149102	1
0	528	271.97950411983	2
0	532	272.340686974439	3
0	533	272.476812751374	2
0	538	274.119809701576	3
0	539	274.222870375728	2
0	541	275.83219125976	1
0	546	276.387560796739	2
0	550	276.981562217437	3
0	551	278.421908510367	2
0	553	278.964659249846	1
0	555	279.544268744533	0
0	560	279.833409145118	1
0	564	280.188713487327	2
0	565	280.314482677542	1
0	570	281.279730743341	2
0	571	282.670425950633	1
0	576	283.228673765699	2
0	577	283.552479231458	1
0	582	285.73914894099	2
0	583	286.136546230294	1
0	588	288.058524498587	2
0	589	288.240547903055	1
0	594	289.118098448684	2
0	595	289.72024739684	1
0	597	290.341978753139	0
0	602	291.161712853666	1
0	603	294.269220398105	0
0	608	295.99203323166	1
0	609	297.297669002338	0
0	614	297.61045106199	1
0	618	297.833316277556	2
0	619	298.957011770539	1
0	621	299.001166264223	0
0	626	299.46785629025	1
0	630	299.980731859484	2
0	631	300.027239712765	1
0	633	301.225374218115	0
0	638	304.290564656272	1
0	642	306.325590645629	2
0	643	306.774127926916	1
0	648	307.653388553351	2
0	652	308.414168738381	3
0	656	309.452034580936	4
0	657	309.674730551143	3
0	659	309.94873389793	2
0	661	312.617778222084	1
0	663	313.735942750492	0
0	668	317.42272834117	1
0	672	317.802337473153	2
0	673	318.628834098585	1
0	675	318.663184431648	0
0	680	324.450776240915	1
0	684	327.440333175328	2
0	685	327.591592893222	1
0	687	329.025098229185	0
0	692	329.099548922586	1
0	693	329.366129612972	0
0	698	330.990886450403	1
0	702	333.339492720347	2
0	703	333.639260507083	1
0	705	334.335166350131	0
0	710	335.158467321137	1
0	711	335.915255054679	0
0	716	337.640995414826	1
0	717	338.262497027742	0
0	722	352.432941190123	1
0	726	352.961998065202	2
0	727	353.259999893416	1
0	732	364.64071136506	2
0	733	364.677744323226	1
0	735	366.21796535306	0
0	740	367.689828322967	1
0	741	368.117711745609	0
0	746	368.562735423579	1
0	747	368.699099382331	0
0	752	381.727697894749	1
0	756	382.669058536694	2
0	757	385.431809865629	1
0	759	388.501402704903	0
0	764	392.003369772999	1
0	768	394.26025319712	2
0	772	395.203552270274	3
0	773	396.460303260936	2
0	778	396.867080953897	3
0	779	397.156652339871	2
0	781	398.537411126859	1
0	783	398.556868415305	0
0	788	400.327431361265	1
0	789	403.306963227149	0
0	794	409.6557544351	1
0	798	417.191410570093	2
0	799	417.543521986779	1
0	801	418.312362490021	0
0	806	426.527549445204	1
0	807	427.014327971076	0
0	812	429.720360820492	1
0	816	432.278506183476	2
0	817	432.322624496284	1
0	819	432.473953625693	0
0	824	440.092957797912	1
0	825	442.557035650872	0
0	830	443.556085473372	1
0	831	443.654157336921	0
0	836	445.552809536946	1
0	837	446.418628532994	0
0	842	447.96389367836	1
0	843	448.991299193777	0
0	848	451.077310994983	1
0	849	451.258249333941	0
0	854	458.243025290369	1
0	855	459.601362006913	0
0	860	461.584469173647	1
0	861	463.259660483634	0
0	866	474.850043204291	1
0	867	475.640265605831	0
0	872	475.687730736853	1
0	876	477.810704533432	2
0	877	481.855343177759	1
0	882	483.154752189833	2
0	883	484.914446374259	1
0	885	485.990485378265	0
0	890	495.110670045076	1
0	894	495.91828328182	2
0	895	496.647899650461	1
0	897	497.177204347581	0
0	902	497.945164106089	1
0	903	501.785499608511	0
0	908	502.723880311612	1
0	909	508.244211787635	0
0	914	509.120112844825	1
0	915	509.215463312682	0
0	920	513.897452202221	1
0	924	516.599605068984	2
0	925	516.843815763626	1
0	927	523.25129386148	0
0	932	526.90631352161	1
0	933	527.517130207851	0
0	938	528.868944334725	1
0	939	529.094627053197	0
0	944	531.966220689032	1
0	948	532.127675157212	2
0	952	533.888821483317	3
0	953	534.381997622493	2
0	955	536.709955598247	1
0	960	536.904918098406	2
0	964	538.556110519085	3
0	965	538.601320625121	2
0	967	540.424291134349	1
0	972	541.455671092629	2
0	976	541.729090408863	3
0	977	542.114091110449	2
0	979	542.452839024705	1
0	981	544.401887255047	0
0	986	544.812387534454	1
0	990	546.559927069424	2
0	991	546.609944388254	1
0	993	548.829399617774	0
0	998	552.362952421112	1
0	999	552.372925168138	0
0	1004	554.272036051012	1
0	1008	556.400637537921	2
0	1009	558.922650705132	1
0	1014	562.513966477042	2
0	1015	562.821786854782	1
0	1017	567.565638089809	0
0	1022	567.802266224702	1
0	1023	568.078291831552	0
0	1028	569.667575392757	1
0	1029	571.198734397539	0
0	1034	576.632578613098	1
0	1035	579.127461483428	0
0	1040	582.932171911659	1
0	1044	584.535220035634	2
0	1045	585.990722895945	1
0	1050	591.099641418679	2
0	1054	591.673051702449	3
0	1058	591.800514710865	4
0	1059	591.962137174982	3
0	1061	593.703178490905	2
0	1063	593.91981040276	1
0	1065	595.379591211098	0
0	1070	605.080912399764	1
0	1071	608.995872599971	0
0	1076	616.381086336837	1
0	1080	617.862807886112	2
0	1081	621.913488871853	1
0	1083	622.090268782223	0
0	1088	622.186831005813	1
0	1092	623.485715541488	2
0	1093	623.957445855706	1
0	1095	625.815233390159	0
0	1100	627.155011760713	1
0	1101	629.189563568712	0
0	1106	629.468525424995	1
0	1110	629.775152580907	2
0	1114	630.106753004576	3
0	1115	630.725690045197	2
0	1117	630.784242948572	1
0	1122	632.228082505624	2
0	1126	635.027494416922	3
0	1127	635.890974171114	2
0	1132	636.160285517331	3
0	1133	636.704825714955	2
0	1135	638.735428283228	1
0	1137	641.619521699535	0
0	1142	641.962121984337	1
0	1146	642.083235870008	2
0	1147	643.690991964621	1
0	1149	650.607267495073	0
0	1154	654.389981232787	1
0	1158	654.832831992853	2
0	1159	654.913738376264	1
0	1161	657.629156700343	0
0	1166	663.051163694443	1
0	1167	663.490545258408	0
0	1172	669.06460922968	1
0	1173	675.897244571379	0
0	1178	685.869853710126	1
0	1179	686.887324565578	0
0	1184	694.77299068404	1
0	1188	695.465000593866	2
0	1189	695.473117039161	1
0	1191	699.440802789719	0
0	1196	700.082091570871	1
0	1200	700.908639543252	2
0	1201	701.233721461489	1
0	1203	706.615215802677	0
0	1208	722.729689975754	1
0	1209	723.550530517288	0
0	1214	729.099985551923	1
0	1215	729.848274867541	0
0	1220	731.819629496466	1
0	1221	734.208299463322	0
0	1226	738.900843311762	1
0	1230	741.519763447461	2
0	1231	742.440862054085	1
0	1233	742.596798651014	0
0	1238	752.791964952299	1
0	1239	752.862466504631	0
0	1244	758.955046444988	1
0	1248	763.075270186276	2
0	1252	763.567296742987	3
0	1256	765.051498359545	4
0	1260	765.211734815826	5
0	1261	765.355979554621	4
0	1263	766.332704527178	3
0	1265	766.455259455635	2
0	1267	770.331840999793	1
0	1272	772.850707247911	2
0	1273	774.990063289427	1
0	1278	775.04705283101	2
0	1279	776.98238254273	1
0	1284	778.268894427904	2
0	1285	778.427485431564	1
0	1287	781.568178162861	0
0	1292	786.351501399793	1
0	1293	786.714502734916	0
0	1298	789.016984791006	1
0	1302	789.729131125451	2
0	1306	789.988257088413	3
0	1307	791.24722067704	2
0	1309	794.274175363636	1
0	1311	794.36193420887	0
0	1316	806.118838240217	1
0	1320	810.322145696089	2
0	1324	811.445689380625	3
0	1325	811.707223004995	2
0	1327	812.841956633851	1
0	1329	813.491672032871	0
0	1334	817.389436887229	1
0	1335	817.452164004049	0
0	1340	818.65372438235	1
0	1344	821.903299353	2
0	1348	825.536210853683	3
0	1349	826.254291732798	2
0	1354	826.266491138641	3
0	1355	826.343752574038	2
0	1357	827.016789665714	1
0	1359	828.051699341725	0
0	1364	837.778599344551	1
0	1365	845.013594331085	0
0	1370	851.396454118188	1
0	1371	852.157124066394	0
0	1376	852.836282258092	1
0	1380	853.724552139372	2
0	1381	854.168427390437	1
0	1386	854.352097076137	2
0	1387	856.540069277841	1
0	1389	860.052954394739	0
0	1394	860.136180961023	1
0	1395	862.492661581705	0
0	1400	865.480177944323	1
0	1404	872.315775904019	2
0	1405	872.410973033185	1
0	1407	874.381043654338	0
0	1412	874.513354232465	1
0	1416	875.745875090513	2
0	1417	879.148253098274	1
0	1419	879.974993505965	0
0	1424	890.11945553921	1
0	1425	890.497157179262	0
0	1430	893.44832765572	1
0	1434	894.124519076472	2
0	1435	894.64368317815	1
0	1437	895.310241597373	0
0	1442	899.184536616626	1
0	1443	900.289893527777	0
0	1448	904.094306904367	1
0	1449	906.030975578282	0
0	1454	911.043845541078	1
0	1455	913.204577647416	0
0	1460	914.738120955681	1
0	1461	917.086301203004	0
0	1466	919.803213404633	1
0	1467	920.842861380164	0
0	1472	933.521497074205	1
0	1476	934.114786605117	2
0	1477	938.017502092292	1
0	1482	938.432740220083	2
0	1483	940.995958022155	1
0	1485	942.196005227893	0
0	1490	942.38820389727	1
0	1494	943.792965810236	2
0	1495	944.688010372526	1
0	1497	945.204692500707	0
0	1502	948.930542640213	1
0	1503	950.478373249562	0
0	1508	954.218351951555	1
0	1509	954.271824248232	0
0	1514	956.024694504317	1
0	1515	956.623681798228	0
0	1520	957.065439453324	1
0	1524	962.009142798847	2
0	1528	962.462745126433	3
0	1529	962.628702355476	2
0	1531	965.377178440812	1
0	1536	965.432848797998	2
0	1537	968.878774710579	1
0	1539	968.897885914317	0
0	1544	971.278212130007	1
0	1545	975.252202571061	0
0	1550	978.883834777596	1
0	1551	979.725100815831	0
0	1556	980.087003215499	1
0	1560	984.273876918557	2
0	1561	984.497780129968	1
0	1563	984.841163214382	0
0	1568	987.323135974018	1
0	1572	988.79079575912	2
0	1573	989.390782638921	1
0	1575	989.412442022703	0
0	1580	991.248457420646	1
0	1581	997.142426870002	0
1	266	100.527387023739	26
1	268	101.118751924576	27
1	270	104.409110873151	26
1	274	105.405740333837	27
1	276	107.592979176087	26
1	280	109.444733231063	25
1	284	109.670927511231	24
1	288	110.133071095188	25
1	290	112.843935963995	26
1	292	115.668017210326	27
1	294	116.150658557276	26
1	298	116.510880762293	25
1	302	117.136470071211	26
1	304	118.653241402249	25
1	308	118.745270662121	26
1	310	122.743720884863	25
1	314	123.871947969211	24
1	318	125.511076981387	25
1	320	125.586846710534	26
1	322	125.727906434228	25
1	326	126.724250318541	26
1	328	127.40292504811	27
1	330	131.486736008662	26
1	334	132.212262797614	25
1	338	132.457731210223	26
1	340	132.722091769618	27
1	342	136.091492635551	26
1	346	138.598412792555	25
1	350	139.341785646945	24
1	354	139.361536408612	25
1	356	142.372807925835	24
1	360	142.772503104697	25
1	362	147.182461307415	26
1	364	148.335753051306	27
1	366	148.528234692071	26
1	370	149.684604168987	25
1	374	153.804034543651	24
1	378	154.128344944477	23
1	382	154.2107577678	24
1	384	154.736850263656	23
1	388	154.752329010706	24
1	390	155.56390423787	25
1	392	155.80271631739	26
1	394	157.337979454872	25
1	398	158.267054244837	26
1	400	159.115459006239	27
1	402	159.901198395686	26
1	406	161.33632893188	27
1	408	161.549611645856	26
1	412	163.507076982239	27
1	414	164.983971320288	26
1	418	166.14722602159	27
1	420	171.898145518715	26
1	424	173.621872514768	27
1	426	177.80194652779	26
1	430	178.352857528031	25
1	434	178.919810361774	24
1	438	179.85375365386	25
1	440	180.253110265761	26
1	442	181.509929562856	27
1	444	181.75525362223	26
1	448	183.180275311446	27
1	450	187.181096613134	26
1	454	187.864422006831	27
1	456	201.034373164026	26
1	460	202.39308671562	27
1	462	205.574735940546	26
1	466	209.217035034756	27
1	468	211.612070549058	26
1	472	215.621923068524	27
1	474	217.046614556377	26
1	478	220.4892643875	27
1	480	222.908151802135	26
1	484	223.224930037863	27
1	486	223.898770229736	26
1	490	224.525183770961	27
1	492	226.064995589512	26
1	496	228.235819357302	27
1	498	231.686494373559	26
1	502	237.48776338125	27
1	504	239.49082470965	26
1	508	239.590286691001	27
1	510	255.095121723206	26
1	514	255.734916963688	27
1	516	257.179846730506	26
1	520	262.488136110963	27
1	522	268.110011149102	26
1	526	271.97950411983	25
1	530	272.340686974439	24
1	534	272.476812751374	25
1	536	274.119809701576	24
1	540	274.222870375728	25
1	542	275.83219125976	26
1	544	276.387560796739	25
1	548	276.981562217437	24
1	552	278.421908510367	25
1	554	278.964659249846	26
1	556	279.544268744533	27
1	558	279.833409145118	26
1	562	280.188713487327	25
1	566	280.314482677542	26
1	568	281.279730743341	25
1	572	282.670425950633	26
1	574	283.228673765699	25
1	578	283.552479231458	26
1	580	285.73914894099	25
1	584	286.136546230294	26
1	586	288.058524498587	25
1	590	288.240547903055	26
1	592	289.118098448684	25
1	596	289.72024739684	26
1	598	290.341978753139	27
1	600	291.161712853666	26
1	604	294.269220398105	27
1	606	295.99203323166	26
1	610	297.297669002338	27
1	612	297.61045106199	26
1	616	297.833316277556	25
1	620	298.957011770539	26
1	622	299.001166264223	27
1	624	299.46785629025	26
1	628	299.980731859484	25
1	632	300.027239712765	26
1	634	301.225374218115	27
1	636	304.290564656272	26
1	640	306.325590645629	25
1	644	306.774127926916	26
1	646	307.653388553351	25
1	650	308.414168738381	24
1	654	309.452034580936	23
1	658	309.674730551143	24
1	660	309.94873389793	25
1	662	312.617778222084	26
1	664	313.735942750492	27
1	666	317.42272834117	26
1	670	317.802337473153	25
1	674	318.628834098585	26
1	676	318.663184431648	27
1	678	324.450776240915	26
1	682	327.440333175328	25
1	686	327.591592893222	26
1	688	329.025098229185	27
1	690	329.099548922586	26
1	694	329.366129612972	27
1	696	330.990886450403	26
1	700	333.339492720347	25
1	704	333.639260507083	26
1	706	334.335166350131	27
1	708	335.158467321137	26
1	712	335.915255054679	27
1	714	337.640995414826	26
1	718	338.262497027742	27
1	720	352.432941190123	26
1	724	352.961998065202	25
1	728	353.259999893416	26
1	730	364.64071136506	25
1	734	364.677744323226	26
1	736	366.21796535306	27
1	738	367.689828322967	26
1	742	368.117711745609	27
1	744	368.562735423579	26
1	748	368.699099382331	27
1	750	381.727697894749	26
1	754	382.669058536694	25
1	758	385.431809865629	26
1	760	388.501402704903	27
1	762	392.003369772999	26
1	766	394.26025319712	25
1	770	395.203552270274	24
1	774	396.460303260936	25
1	776	396.867080953897	24
1	780	397.156652339871	25
1	782	398.537411126859	26
1	784	398.556868415305	27
1	786	400.327431361265	26
1	790	403.306963227149	27
1	792	409.6557544351	26
1	796	417.191410570093	25
1	800	417.543521986779	26
1	802	418.312362490021	27
1	804	426.527549445204	26
1	808	427.014327971076	27
1	810	429.720360820492	26
1	814	432.278506183476	25
1	818	432.322624496284	26
1	820	432.473953625693	27
1	822	440.092957797912	26
1	826	442.557035650872	27
1	828	443.556085473372	26
1	832	443.654157336921	27
1	834	445.552809536946	26
1	838	446.418628532994	27
1	840	447.96389367836	26
1	844	448.991299193777	27
1	846	451.077310994983	26
1	850	451.258249333941	27
1	852	458.243025290369	26
1	856	459.601362006913	27
1	858	461.584469173647	26
1	862	463.259660483634	27
1	864	474.850043204291	26
1	868	475.640265605831	27
1	870	475.687730736853	26
1	874	477.810704533432	25
1	878	481.855343177759	26
1	880	483.154752189833	25
1	884	484.914446374259	26
1	886	485.990485378265	27
1	888	495.110670045076	26
1	892	495.91828328182	25
1	896	496.647899650461	26
1	898	497.177204347581	27
1	900	497.945164106089	26
1	904	501.785499608511	27
1	906	502.723880311612	26
1	910	508.244211787635	27
1	912	509.120112844825	26
1	916	509.215463312682	27
1	918	513.897452202221	26
1	922	516.599605068984	25
1	926	516.843815763626	26
1	928	523.25129386148	27
1	930	526.90631352161	26
1	934	527.517130207851	27
1	936	528.868944334725	26
1	940	529.094627053197	27
1	942	531.966220689032	26
1	946	532.127675157212	25
1	950	533.888821483317	24
1	954	534.381997622493	25
1	956	536.709955598247	26
1	958	536.904918098406	25
1	962	538.556110519085	24
1	966	538.601320625121	25
1	968	540.424291134349	26
1	970	541.455671092629	25
1	974	541.729090408863	24
1	978	542.114091110449	25
1	980	542.452839024705	26
1	982	544.401887255047	27
1	984	544.812387534454	26
1	988	546.559927069424	25
1	992	546.609944388254	26
1	994	548.829399617774	27
1	996	552.362952421112	26
1	1000	552.372925168138	27
1	1002	554.272036051012	26
1	1006	556.400637537921	25
1	1010	558.922650705132	26
1	1012	562.513966477042	25
1	1016	562.821786854782	26
1	1018	567.565638089809	27
1	1020	567.802266224702	26
1	1024	568.078291831552	27
1	1026	569.667575392757	26
1	1030	571.198734397539	27
1	1032	576.632578613098	26
1	1036	579.127461483428	27
1	1038	582.932171911659	26
1	1042	584.535220035634	25
1	1046	585.990722895945	26
1	1048	591.099641418679	25
1	1052	591.673051702449	24
1	1056	591.800514710865	23
1	1060	591.962137174982	24
1	1062	593.703178490905	25
1	1064	593.91981040276	26
1	1066	595.379591211098	27
1	1068	605.080912399764	26
1	1072	608.995872599971	27
1	1074	616.381086336837	26
1	1078	617.862807886112	25
1	1082	621.913488871853	26
1	1084	622.090268782223	27
1	1086	622.186831005813	26
1	1090	623.485715541488	25
1	1094	623.957445855706	26
1	1096	625.815233390159	27
1	1098	627.155011760713	26
1	1102	629.189563568712	27
1	1104	629.468525424995	26
1	1108	629.775152580907	25
1	1112	630.106753004576	24
1	1116	630.725690045197	25
1	1118	630.784242948572	26
1	1120	632.228082505624	25
1	1124	635.027494416922	24
1	1128	635.890974171114	25
1	1130	636.160285517331	24
1	1134	636.704825714955	25
1	1136	638.735428283228	26
1	1138	641.619521699535	27
1	1140	641.962121984337	26
1	1144	642.083235870008	25
1	1148	643.690991964621	26
1	1150	650.607267495073	27
1	1152	654.389981232787	26
1	1156	654.832831992853	25
1	1160	654.913738376264	26
1	1162	657.629156700343	27
1	1164	663.051163694443	26
1	1168	663.490545258408	27
1	1170	669.06460922968	26
1	1174	675.897244571379	27
1	1176	685.869853710126	26
1	1180	686.887324565578	27
1	1182	694.77299068404	26
1	1186	695.465000593866	25
1	1190	695.473117039161	26
1	1192	699.440802789719	27
1	1194	700.082091570871	26
1	1198	700.908639543252	25
1	1202	701.233721461489	26
1	1204	706.615215802677	27
1	1206	722.729689975754	26
1	1210	723.550530517288	27
1	1212	729.099985551923	26
1	1216	729.848274867541	27
1	1218	731.819629496466	26
1	1222	734.208299463322	27
1	1224	738.900843311762	26
1	1228	741.519763447461	25
1	1232	742.440862054085	26
1	1234	742.596798651014	27
1	1236	752.791964952299	26
1	1240	752.862466504631	27
1	1242	758.955046444988	26
1	1246	763.075270186276	25
1	1250	763.567296742987	24
1	1254	765.051498359545	23
1	1258	765.211734815826	22
1	1262	765.355979554621	23
1	1264	766.332704527178	24
1	1266	766.455259455635	25
1	1268	770.331840999793	26
1	1270	772.850707247911	25
1	1274	774.990063289427	26
1	1276	775.04705283101	25
1	1280	776.98238254273	26
1	1282	778.268894427904	25
1	1286	778.427485431564	26
1	1288	781.568178162861	27
1	1290	786.351501399793	26
1	1294	786.714502734916	27
1	1296	789.016984791006	26
1	1300	789.729131125451	25
1	1304	789.988257088413	24
1	1308	791.24722067704	25
1	1310	794.274175363636	26
1	1312	794.36193420887	27
1	1314	806.118838240217	26
1	1318	810.322145696089	25
1	1322	811.445689380625	24
1	1326	811.707223004995	25
1	1328	812.841956633851	26
1	1330	813.491672032871	27
1	1332	817.389436887229	26
1	1336	817.452164004049	27
1	1338	818.65372438235	26
1	1342	821.903299353	25
1	1346	825.536210853683	24
1	1350	826.254291732798	25
1	1352	826.266491138641	24
1	1356	826.343752574038	25
1	1358	827.016789665714	26
1	1360	828.051699341725	27
1	1362	837.778599344551	26
1	1366	845.013594331085	27
1	1368	851.396454118188	26
1	1372	852.157124066394	27
1	1374	852.836282258092	26
1	1378	853.724552139372	25
1	1382	854.168427390437	26
1	1384	854.352097076137	25
1	1388	856.540069277841	26
1	1390	860.052954394739	27
1	1392	860.136180961023	26
1	1396	862.492661581705	27
1	1398	865.480177944323	26
1	1402	872.315775904019	25
1	1406	872.410973033185	26
1	1408	874.381043654338	27
1	1410	874.513354232465	26
1	1414	875.745875090513	25
1	1418	879.148253098274	26
1	1420	879.974993505965	27
1	1422	890.11945553921	26
1	1426	890.497157179262	27
1	1428	893.44832765572	26
1	1432	894.124519076472	25
1	1436	894.64368317815	26
1	1438	895.310241597373	27
1	1440	899.184536616626	26
1	1444	900.289893527777	27
1	1446	904.094306904367	26
1	1450	906.030975578282	27
1	1452	911.043845541078	26
1	1456	913.204577647416	27
1	1458	914.738120955681	26
1	1462	917.086301203004	27
1	1464	919.803213404633	26
1	1468	920.842861380164	27
1	1470	933.521497074205	26
1	1474	934.114786605117	25
1	1478	938.017502092292	26
1	1480	938.432740220083	25
1	1484	940.995958022155	26
1	1486	942.196005227893	27
1	1488	942.38820389727	26
1	1492	943.792965810236	25
1	1496	944.688010372526	26
1	1498	945.204692500707	27
1	1500	948.930542640213	26
1	1504	950.478373249562	27
1	1506	954.218351951555	26
1	1510	954.271824248232	27
1	1512	956.024694504317	26
1	1516	956.623681798228	27
1	1518	957.065439453324	26
1	1522	962.009142798847	25
1	1526	962.462745126433	24
1	1530	962.628702355476	25
1	1532	965.377178440812	26
1	1534	965.432848797998	25
1	1538	968.878774710579	26
1	1540	968.897885914317	27
1	1542	971.278212130007	26
1	1546	975.252202571061	27
1	1548	978.883834777596	26
1	1552	979.725100815831	27
1	1554	980.087003215499	26
1	1558	984.273876918557	25
1	1562	984.497780129968	26
1	1564	984.841163214382	27
1	1566	987.323135974018	26
1	1570	988.79079575912	25
1	1574	989.390782638921	26
1	1576	989.412442022703	27
1	1578	991.248457420646	26
1	1582	997.142426870002	27
2	269	104.409110873151	1
2	271	104.409110873151	2
2	275	107.592979176087	1
2	277	107.592979176087	2
2	279	109.444733231063	1
2	281	109.444733231063	2
2	283	109.670927511231	1
2	285	109.670927511231	2
2	293	116.150658557276	1
2	295	116.150658557276	2
2	297	116.510880762293	1
2	299	116.510880762293	2
2	303	118.653241402249	1
2	305	118.653241402249	2
2	309	122.743720884863	1
2	311	122.743720884863	2
2	313	123.871947969211	1
2	315	123.871947969211	2
2	321	125.727906434228	1
2	323	125.727906434228	2
2	329	131.486736008662	1
2	331	131.486736008662	2
2	333	132.212262797614	1
2	335	132.212262797614	2
2	341	136.091492635551	1
2	343	136.091492635551	2
2	345	138.598412792555	1
2	347	138.598412792555	2
2	349	139.341785646945	1
2	351	139.341785646945	2
2	355	142.372807925835	1
2	357	142.372807925835	2
2	365	148.528234692071	1
2	367	148.528234692071	2
2	369	149.684604168987	1
2	371	149.684604168987	2
2	373	153.804034543651	1
2	375	153.804034543651	2
2	377	154.128344944477	1
2	379	154.128344944477	2
2	383	154.736850263656	1
2	385	154.736850263656	2
2	393	157.337979454872	1
2	395	157.337979454872	2
2	401	159.901198395686	1
2	403	159.901198395686	2
2	407	161.549611645856	1
2	409	161.549611645856	2
2	413	164.983971320288	1
2	415	164.983971320288	2
2	419	171.898145518715	1
2	421	171.898145518715	2
2	425	177.80194652779	1
2	427	177.80194652779	2
2	429	178.352857528031	1
2	431	178.352857528031	2
2	433	178.919810361774	1
2	435	178.919810361774	2
2	443	181.75525362223	1
2	445	181.75525362223	2
2	449	187.181096613134	1
2	451	187.181096613134	2
2	455	201.034373164026	1
2	457	201.034373164026	2
2	461	205.574735940546	1
2	463	205.574735940546	2
2	467	211.612070549058	1
2	469	211.612070549058	2
2	473	217.046614556377	1
2	475	217.046614556377	2
2	479	222.908151802135	1
2	481	222.908151802135	2
2	485	223.898770229736	1
2	487	223.898770229736	2
2	491	226.064995589512	1
2	493	226.064995589512	2
2	497	231.686494373559	1
2	499	231.686494373559	2
2	503	239.49082470965	1
2	505	239.49082470965	2
2	509	255.095121723206	1
2	511	255.095121723206	2
2	515	257.179846730506	1
2	517	257.179846730506	2
2	521	268.110011149102	1
2	523	268.110011149102	2
2	525	271.97950411983	1
2	527	271.97950411983	2
2	529	272.340686974439	1
2	531	272.340686974439	2
2	535	274.119809701576	1
2	537	274.119809701576	2
2	543	276.387560796739	1
2	545	276.387560796739	2
2	547	276.981562217437	1
2	549	276.981562217437	2
2	557	279.833409145118	1
2	559	279.833409145118	2
2	561	280.188713487327	1
2	563	280.188713487327	2
2	567	281.279730743341	1
2	569	281.279730743341	2
2	573	283.228673765699	1
2	575	283.228673765699	2
2	579	285.73914894099	1
2	581	285.73914894099	2
2	585	288.058524498587	1
2	587	288.058524498587	2
2	591	289.118098448684	1
2	593	289.118098448684	2
2	599	291.161712853666	1
2	601	291.161712853666	2
2	605	295.99203323166	1
2	607	295.99203323166	2
2	611	297.61045106199	1
2	613	297.61045106199	2
2	615	297.833316277556	1
2	617	297.833316277556	2
2	623	299.46785629025	1
2	625	299.46785629025	2
2	627	299.980731859484	1
2	629	299.980731859484	2
2	635	304.290564656272	1
2	637	304.290564656272	2
2	639	306.325590645629	1
2	641	306.325590645629	2
2	645	307.653388553351	1
2	647	307.653388553351	2
2	649	308.414168738381	1
2	651	308.414168738381	2
2	653	309.452034580936	1
2	655	309.452034580936	2
2	665	317.42272834117	1
2	667	317.42272834117	2
2	669	317.802337473153	1
2	671	317.802337473153	2
2	677	324.450776240915	1
2	679	324.450776240915	2
2	681	327.440333175328	1
2	683	327.440333175328	2
2	689	329.099548922586	1
2	691	329.099548922586	2
2	695	330.990886450403	1
2	697	330.990886450403	2
2	699	333.339492720347	1
2	701	333.339492720347	2
2	707	335.158467321137	1
2	709	335.158467321137	2
2	713	337.640995414826	1
2	715	337.640995414826	2
2	719	352.432941190123	1
2	721	352.432941190123	2
2	723	352.961998065202	1
2	725	352.961998065202	2
2	729	364.64071136506	1
2	731	364.64071136506	2
2	737	367.689828322967	1
2	739	367.689828322967	2
2	743	368.562735423579	1
2	745	368.562735423579	2
2	749	381.727697894749	1
2	751	381.727697894749	2
2	753	382.669058536694	1
2	755	382.669058536694	2
2	761	392.003369772999	1
2	763	392.003369772999	2
2	765	394.26025319712	1
2	767	394.26025319712	2
2	769	395.203552270274	1
2	771	395.203552270274	2
2	775	396.867080953897	1
2	777	396.867080953897	2
2	785	400.327431361265	1
2	787	400.327431361265	2
2	791	409.6557544351	1
2	793	409.6557544351	2
2	795	417.191410570093	1
2	797	417.191410570093	2
2	803	426.527549445204	1
2	805	426.527549445204	2
2	809	429.720360820492	1
2	811	429.720360820492	2
2	813	432.278506183476	1
2	815	432.278506183476	2
2	821	440.092957797912	1
2	823	440.092957797912	2
2	827	443.556085473372	1
2	829	443.556085473372	2
2	833	445.552809536946	1
2	835	445.552809536946	2
2	839	447.96389367836	1
2	841	447.96389367836	2
2	845	451.077310994983	1
2	847	451.077310994983	2
2	851	458.243025290369	1
2	853	458.243025290369	2
2	857	461.584469173647	1
2	859	461.584469173647	2
2	863	474.850043204291	1
2	865	474.850043204291	2
2	869	475.687730736853	1
2	871	475.687730736853	2
2	873	477.810704533432	1
2	875	477.810704533432	2
2	879	483.154752189833	1
2	881	483.154752189833	2
2	887	495.110670045076	1
2	889	495.110670045076	2
2	891	495.91828328182	1
2	893	495.91828328182	2
2	899	497.945164106089	1
2	901	497.945164106089	2
2	905	502.723880311612	1
2	907	502.723880311612	2
2	911	509.120112844825	1
2	913	509.120112844825	2
2	917	513.897452202221	1
2	919	513.897452202221	2
2	921	516.599605068984	1
2	923	516.599605068984	2
2	929	526.90631352161	1
2	931	526.90631352161	2
2	935	528.868944334725	1
2	937	528.868944334725	2
2	941	531.966220689032	1
2	943	531.966220689032	2
2	945	532.127675157212	1
2	947	532.127675157212	2
2	949	533.888821483317	1
2	951	533.888821483317	2
2	957	536.904918098406	1
2	959	536.904918098406	2
2	961	538.556110519085	1
2	963	538.556110519085	2
2	969	541.455671092629	1
2	971	541.455671092629	2
2	973	541.729090408863	1
2	975	541.729090408863	2
2	983	544.812387534454	1
2	985	544.812387534454	2
2	987	546.559927069424	1
2	989	546.559927069424	2
2	995	552.362952421112	1
2	997	552.362952421112	2
2	1001	554.272036051012	1
2	1003	554.272036051012	2
2	1005	556.400637537921	1
2	1007	556.400637537921	2
2	1011	562.513966477042	1
2	1013	562.513966477042	2
2	1019	567.802266224702	1
2	1021	567.802266224702	2
2	1025	569.667575392757	1
2	1027	569.667575392757	2
2	1031	576.632578613098	1
2	1033	576.632578613098	2
2	1037	582.932171911659	1
2	1039	582.932171911659	2
2	1041	584.535220035634	1
2	1043	584.535220035634	2
2	1047	591.099641418679	1
2	1049	591.099641418679	2
2	1051	591.673051702449	1
2	1053	591.673051702449	2
2	1055	591.800514710865	1
2	1057	591.800514710865	2
2	1067	605.080912399764	1
2	1069	605.080912399764	2
2	1073	616.381086336837	1
2	1075	616.381086336837	2
2	1077	617.862807886112	1
2	1079	617.862807886112	2
2	1085	622.186831005813	1
2	1087	622.186831005813	2
2	1089	623.485715541488	1
2	1091	623.485715541488	2
2	1097	627.155011760713	1
2	1099	627.155011760713	2
2	1103	629.468525424995	1
2	1105	629.468525424995	2
2	1107	629.775152580907	1
2	1109	629.775152580907	2
2	1111	630.106753004576	1
2	1113	630.106753004576	2
2	1119	632.228082505624	1
2	1121	632.228082505624	2
2	1123	635.027494416922	1
2	1125	635.027494416922	2
2	1129	636.160285517331	1
2	1131	636.160285517331	2
2	1139	641.962121984337	1
2	1141	641.962121984337	2
2	1143	642.083235870008	1
2	1145	642.083235870008	2
2	1151	654.389981232787	1
2	1153	654.389981232787	2
2	1155	654.832831992853	1
2	1157	654.832831992853	2
2	1163	663.051163694443	1
2	1165	663.051163694443	2
2	1169	669.06460922968	1
2	1171	669.06460922968	2
2	1175	685.869853710126	1
2	1177	685.869853710126	2
2	1181	694.77299068404	1
2	1183	694.77299068404	2
2	1185	695.465000593866	1
2	1187	695.465000593866	2
2	1193	700.082091570871	1
2	1195	700.082091570871	2
2	1197	700.908639543252	1
2	1199	700.908639543252	2
2	1205	722.729689975754	1
2	1207	722.729689975754	2
2	1211	729.099985551923	1
2	1213	729.099985551923	2
2	1217	731.819629496466	1
2	1219	731.819629496466	2
2	1223	738.900843311762	1
2	1225	738.900843311762	2
2	1227	741.519763447461	1
2	1229	741.519763447461	2
2	1235	752.791964952299	1
2	1237	752.791964952299	2
2	1241	758.955046444988	1
2	1243	758.955046444988	2
2	1245	763.075270186276	1
2	1247	763.075270186276	2
2	1249	763.567296742987	1
2	1251	763.567296742987	2
2	1253	765.051498359545	1
2	1255	765.051498359545	2
2	1257	765.211734815826	1
2	1259	765.211734815826	2
2	1269	772.850707247911	1
2	1271	772.850707247911	2
2	1275	775.04705283101	1
2	1277	775.04705283101	2
2	1281	778.268894427904	1
2	1283	778.268894427904	2
2	1289	786.351501399793	1
2	1291	786.351501399793	2
2	1295	789.016984791006	1
2	1297	789.016984791006	2
2	1299	789.729131125451	1
2	1301	789.729131125451	2
2	1303	789.988257088413	1
2	1305	789.988257088413	2
2	1313	806.118838240217	1
2	1315	806.118838240217	2
2	1317	810.322145696089	1
2	1319	810.322145696089	2
2	1321	811.445689380625	1
2	1323	811.445689380625	2
2	1331	817.389436887229	1
2	1333	817.389436887229	2
2	1337	818.65372438235	1
2	1339	818.65372438235	2
2	1341	821.903299353	1
2	1343	821.903299353	2
2	1345	825.536210853683	1
2	1347	825.536210853683	2
2	1351	826.266491138641	1
2	1353	826.266491138641	2
2	1361	837.778599344551	1
2	1363	837.778599344551	2
2	1367	851.396454118188	1
2	1369	851.396454118188	2
2	1373	852.836282258092	1
2	1375	852.836282258092	2
2	1377	853.724552139372	1
2	1379	853.724552139372	2
2	1383	854.352097076137	1
2	1385	854.352097076137	2
2	1391	860.136180961023	1
2	1393	860.136180961023	2
2	1397	865.480177944323	1
2	1399	865.480177944323	2
2	1401	872.315775904019	1
2	1403	872.315775904019	2
2	1409	874.513354232465	1
2	1411	874.513354232465	2
2	1413	875.745875090513	1
2	1415	875.745875090513	2
2	1421	890.11945553921	1
2	1423	890.11945553921	2
2	1427	893.44832765572	1
2	1429	893.44832765572	2
2	1431	894.124519076472	1
2	1433	894.124519076472	2
2	1439	899.184536616626	1
2	1441	899.184536616626	2
2	1445	904.094306904367	1
2	1447	904.094306904367	2
2	1451	911.043845541078	1
2	1453	911.043845541078	2
2	1457	914.738120955681	1
2	1459	914.738120955681	2
2	1463	919.803213404633	1
2	1465	919.803213404633	2
2	1469	933.521497074205	1
2	1471	933.521497074205	2
2	1473	934.114786605117	1
2	1475	934.114786605117	2
2	1479	938.432740220083	1
2	1481	938.432740220083	2
2	1487	942.38820389727	1
2	1489	942.38820389727	2
2	1491	943.792965810236	1
2	1493	943.792965810236	2
2	1499	948.930542640213	1
2	1501	948.930542640213	2
2	1505	954.218351951555	1
2	1507	954.218351951555	2
2	1511	956.024694504317	1
2	1513	956.024694504317	2
2	1517	957.065439453324	1
2	1519	957.065439453324	2
2	1521	962.009142798847	1
2	1523	962.009142798847	2
2	1525	962.462745126433	1
2	1527	962.462745126433	2
2	1533	965.432848797998	1
2	1535	965.432848797998	2
2	1541	971.278212130007	1
2	1543	971.278212130007	2
2	1547	978.883834777596	1
2	1549	978.883834777596	2
2	1553	980.087003215499	1
2	1555	980.087003215499	2
2	1557	984.273876918557	1
2	1559	984.273876918557	2
2	1565	987.323135974018	1
2	1567	987.323135974018	2
2	1569	988.79079575912	1
2	1571	988.79079575912	2
2	1577	991.248457420646	1
2	1579	991.248457420646	2
3	269	104.409110873151	5.142721446555
3	275	107.592979176087	7.906312299267
3	279	109.444733231063	5.035622357912
3	283	109.670927511231	2.077948335144
3	293	116.150658557276	6.705925326213
3	297	116.510880762293	6.839953251062
3	303	118.653241402249	2.502582844973
3	309	122.743720884863	6.23284012257
3	313	123.871947969211	5.218706566962
3	321	125.727906434228	2.984185549365
3	329	131.486736008662	7.614788039451
3	333	132.212262797614	6.484356363386
3	341	136.091492635551	4.604756626889
3	345	138.598412792555	6.386149994941
3	349	139.341785646945	3.250293011394
3	355	142.372807925835	3.77439513328
3	365	148.528234692071	9.186449045126
3	369	149.684604168987	7.311796243152
3	373	153.804034543651	5.27579985158
3	377	154.128344944477	4.44374077549
3	383	154.736850263656	0.932815720005
3	393	157.337979454872	3.209634510395
3	401	159.901198395686	5.16434813203
3	407	161.549611645856	4.211632190984
3	413	164.983971320288	5.082772924602
3	419	171.898145518715	10.348533872859
3	425	177.80194652779	12.817975207502
3	429	178.352857528031	6.454712009316
3	433	178.919810361774	1.117863833984
3	443	181.75525362223	3.402396094199
3	449	187.181096613134	8.26128625136
3	455	201.034373164026	19.279119541796
3	461	205.574735940546	18.393639327412
3	467	211.612070549058	10.577697385032
3	473	217.046614556377	11.471878615831
3	479	222.908151802135	11.296081253077
3	485	223.898770229736	6.852155673359
3	491	226.064995589512	3.156843787377
3	497	231.686494373559	7.787724143823
3	503	239.49082470965	13.425829120138
3	509	255.095121723206	23.408627349647
3	515	257.179846730506	17.689022020856
3	521	268.110011149102	13.014889425896
3	525	271.97950411983	14.799657389324
3	529	272.340686974439	4.230675825337
3	535	274.119809701576	2.140305581746
3	543	276.387560796739	4.0468738223
3	547	276.981562217437	2.861752515861
3	557	279.833409145118	3.445848348379
3	561	280.188713487327	3.20715126989
3	567	281.279730743341	1.446321598223
3	573	283.228673765699	3.039960278372
3	579	285.73914894099	4.459418197649
3	585	288.058524498587	4.829850732888
3	591	289.118098448684	3.378949507694
3	599	291.161712853666	3.103188355079
3	605	295.99203323166	6.873934782976
3	611	297.61045106199	6.448738208324
3	615	297.833316277556	1.841283045896
3	623	299.46785629025	1.85740522826
3	627	299.980731859484	2.147415581928
3	635	304.290564656272	4.822708366022
3	639	306.325590645629	6.344858786145
3	645	307.653388553351	3.362823897079
3	649	308.414168738381	2.088578092752
3	653	309.452034580936	1.798646027585
3	665	317.42272834117	9.008559602789
3	669	317.802337473153	8.350302892217
3	677	324.450776240915	7.028047899745
3	681	327.440333175328	9.637995702175
3	689	329.099548922586	4.648772681671
3	695	330.990886450403	3.550553275075
3	699	333.339492720347	4.239943797761
3	707	335.158467321137	4.167580870734
3	713	337.640995414826	4.301502694479
3	719	352.432941190123	17.274473868986
3	723	352.961998065202	15.321002650376
3	729	364.64071136506	12.207770174937
3	737	367.689828322967	14.727830257765
3	743	368.562735423579	3.922024058519
3	749	381.727697894749	14.037869571782
3	753	382.669058536694	14.106323113115
3	761	392.003369772999	10.27567187825
3	765	394.26025319712	11.591194660426
3	769	395.203552270274	3.200182497275
3	775	396.867080953897	2.606827756777
3	785	400.327431361265	5.123879090991
3	791	409.6557544351	12.788673481203
3	795	417.191410570093	16.863979208828
3	803	426.527549445204	16.871795010104
3	809	429.720360820492	12.528950250399
3	813	432.278506183476	5.750956738272
3	821	440.092957797912	10.37259697742
3	827	443.556085473372	11.277579289896
3	833	445.552809536946	5.459851739034
3	839	447.96389367836	4.407808204988
3	845	451.077310994983	5.524501458037
3	851	458.243025290369	10.279131612009
3	857	461.584469173647	10.507158178664
3	863	474.850043204291	16.607017913922
3	869	475.687730736853	14.103261563206
3	873	477.810704533432	2.960661329141
3	879	483.154752189833	7.46702145298
3	887	495.110670045076	17.299965511644
3	891	495.91828328182	12.763531091987
3	899	497.945164106089	2.834494061013
3	905	502.723880311612	6.805597029792
3	911	509.120112844825	11.174948738736
3	917	513.897452202221	11.173571890609
3	921	516.599605068984	7.479492224159
3	929	526.90631352161	13.008861319389
3	935	528.868944334725	12.269339265741
3	941	531.966220689032	5.059907167422
3	945	532.127675157212	3.258730822487
3	949	533.888821483317	1.922600794285
3	957	536.904918098406	4.777242941194
3	961	538.556110519085	4.667289035768
3	969	541.455671092629	4.550752994223
3	973	541.729090408863	3.172979889778
3	983	544.812387534454	3.356716441825
3	987	546.559927069424	4.830836660561
3	995	552.362952421112	7.550564886658
3	1001	554.272036051012	7.712108981588
3	1005	556.400637537921	4.037685116809
3	1011	562.513966477042	8.24193042603
3	1019	567.802266224702	11.401628686781
3	1025	569.667575392757	7.153608915715
3	1031	576.632578613098	8.830312388396
3	1037	582.932171911659	13.264596518902
3	1041	584.535220035634	7.902641422536
3	1047	591.099641418679	8.16746950702
3	1051	591.673051702449	7.137831666815
3	1055	591.800514710865	0.700873292186
3	1067	605.080912399764	13.407860697315
3	1073	616.381086336837	24.580571625972
3	1077	617.862807886112	12.781895486348
3	1085	622.186831005813	5.805744668976
3	1089	623.485715541488	5.622907655376
3	1097	627.155011760713	4.9681807549
3	1103	629.468525424995	5.982809883507
3	1107	629.775152580907	2.620140820194
3	1111	630.106753004576	0.638227579581
3	1119	632.228082505624	2.452929924717
3	1123	635.027494416922	4.920741412346
3	1129	636.160285517331	3.932203011707
3	1139	641.962121984337	6.934627567415
3	1143	642.083235870008	5.922950352677
3	1151	654.389981232787	12.42785924845
3	1155	654.832831992853	12.749596122845
3	1163	663.051163694443	8.661182461656
3	1169	669.06460922968	14.231777236827
3	1175	685.869853710126	22.818690015683
3	1181	694.77299068404	25.70838145436
3	1185	695.465000593866	9.59514688374
3	1193	700.082091570871	5.309100886831
3	1197	700.908639543252	5.443638949386
3	1205	722.729689975754	22.647598404883
3	1211	729.099985551923	28.191346008671
3	1217	731.819629496466	9.089939520712
3	1223	738.900843311762	9.800857759839
3	1227	741.519763447461	9.700133950995
3	1235	752.791964952299	13.891121640537
3	1241	758.955046444988	17.435282997527
3	1245	763.075270186276	10.283305233977
3	1249	763.567296742987	4.612250297999
3	1253	765.051498359545	1.976228173269
3	1257	765.211734815826	1.644438072839
3	1269	772.850707247911	7.799208888366
3	1275	775.04705283101	9.835318015184
3	1281	778.268894427904	5.418187179993
3	1289	786.351501399793	11.304448568783
3	1295	789.016984791006	10.748090363102
3	1299	789.729131125451	3.377629725658
3	1303	789.988257088413	0.971272297407
3	1313	806.118838240217	16.389707114766
3	1317	810.322145696089	20.333888607676
3	1321	811.445689380625	5.326851140408
3	1331	817.389436887229	7.06729119114
3	1337	818.65372438235	7.208035001725
3	1341	821.903299353	4.513862465771
3	1345	825.536210853683	6.882486471333
3	1351	826.266491138641	4.363191785641
3	1361	837.778599344551	12.242388490868
3	1367	851.396454118188	25.129962979547
3	1373	852.836282258092	15.057682913541
3	1377	853.724552139372	2.328098021184
3	1383	854.352097076137	1.515814818045
3	1391	860.136180961023	6.411628821651
3	1397	865.480177944323	11.128080868186
3	1401	872.315775904019	12.179594942996
3	1409	874.513354232465	9.033176288142
3	1413	875.745875090513	3.430099186494
3	1421	890.11945553921	15.606101306745
3	1427	893.44832765572	17.702452565207
3	1431	894.124519076472	4.005063537262
3	1439	899.184536616626	5.736208960906
3	1445	904.094306904367	9.969787827895
3	1451	911.043845541078	11.859308924452
3	1457	914.738120955681	10.643814051314
3	1463	919.803213404633	8.759367863555
3	1469	933.521497074205	18.783376118524
3	1473	934.114786605117	14.311573200484
3	1479	938.432740220083	4.911243145878
3	1487	942.38820389727	8.273417292153
3	1491	943.792965810236	5.360225590153
3	1499	948.930542640213	6.542338742943
3	1505	954.218351951555	10.425386141319
3	1511	956.024694504317	7.094151864104
3	1517	957.065439453324	2.847087501769
3	1521	962.009142798847	5.98444829453
3	1525	962.462745126433	5.397305673109
3	1533	965.432848797998	3.423705999151
3	1541	971.278212130007	8.815467003574
3	1547	978.883834777596	13.450985979598
3	1553	980.087003215499	8.808791085492
3	1557	984.273876918557	5.390042140961
3	1565	987.323135974018	7.236132758519
3	1569	988.79079575912	4.516918840563
3	1577	991.248457420646	3.925321446628
4	270	104.409110873151	97.348060477523
4	276	107.592979176087	100.11000409821
4	280	109.444733231063	101.69949298061
4	284	109.670927511231	96.361149476826
4	294	116.150658557276	102.28220232696
4	298	116.510880762293	98.178914127077
4	304	118.653241402249	97.674210993737
4	310	122.743720884863	98.611797630235
4	314	123.871947969211	98.959411859967
4	322	125.727906434228	96.654516490917
4	330	131.486736008662	100.56576402578
4	334	132.212262797614	94.590544431362
4	342	136.091492635551	90.471064597694
4	346	138.598412792555	88.930726115596
4	350	139.341785646945	87.334178301117
4	356	142.372807925835	88.122023140456
4	366	148.528234692071	90.69732949385
4	370	149.684604168987	84.46447476809
4	374	153.804034543651	84.158541907951
4	378	154.128344944477	83.443700494387
4	384	154.736850263656	82.064932490216
4	394	157.337979454872	80.54473917102
4	402	159.901198395686	82.935734278549
4	408	161.549611645856	76.349417033167
4	414	164.983971320288	72.682884599461
4	420	171.898145518715	71.370758494976
4	426	177.80194652779	76.683194603214
4	430	178.352857528031	72.947117194194
4	434	178.919810361774	68.786739266586
4	444	181.75525362223	68.911317658235
4	450	187.181096613134	71.513079402808
4	456	201.034373164026	83.897903092815
4	462	205.574735940546	86.829465278425
4	468	211.612070549058	86.100993567671
4	474	217.046614556377	91.459767845843
4	480	222.908151802135	96.183901483594
4	486	223.898770229736	96.495845181626
4	492	226.064995589512	93.607264379289
4	498	231.686494373559	98.964402603941
4	504	239.49082470965	100.12928830104
4	510	255.095121723206	112.32261861851
4	516	257.179846730506	109.99738542309
4	522	268.110011149102	119.7742580978
4	526	271.97950411983	117.76874635203
4	530	272.340686974439	117.58835796373
4	536	274.119809701576	118.55590546371
4	544	276.387560796739	120.58484447935
4	548	276.981562217437	118.7145079726
4	558	279.833409145118	120.71795013888
4	562	280.188713487327	118.85238455545
4	568	281.279730743341	117.7726537611
4	574	283.228673765699	117.08144774411
4	580	285.73914894099	112.11727642622
4	586	288.058524498587	108.20477084473
4	592	289.118098448684	108.86498818292
4	600	291.161712853666	109.65178329081
4	606	295.99203323166	112.81175792021
4	612	297.61045106199	109.74602905516
4	616	297.833316277556	95.440229561936
4	624	299.46785629025	90.250821255494
4	628	299.980731859484	84.35880879096
4	636	304.290564656272	83.801300268772
4	640	306.325590645629	83.100660607766
4	646	307.653388553351	83.12820478239
4	650	308.414168738381	80.178349381079
4	654	309.452034580936	71.964271199686
4	666	317.42272834117	77.832441650169
4	670	317.802337473153	62.067420509465
4	678	324.450776240915	61.962640129952
4	682	327.440333175328	54.963520423954
4	690	329.099548922586	54.876678546858
4	696	330.990886450403	55.158695190643
4	700	333.339492720347	54.91758420998
4	708	335.158467321137	56.193808071291
4	714	337.640995414826	58.096726670293
4	720	352.432941190123	72.118458512581
4	724	352.961998065202	70.291572114569
4	730	364.64071136506	81.088232133602
4	738	367.689828322967	81.553282092673
4	744	368.562735423579	80.322187520524
4	750	381.727697894749	92.007450497909
4	754	382.669058536694	92.327079783555
4	762	392.003369772999	97.734149374894
4	766	394.26025319712	96.962584194782
4	770	395.203552270274	96.246540499735
4	776	396.867080953897	97.865914689674
4	786	400.327431361265	100.3001916485
4	792	409.6557544351	108.43038021699
4	796	417.191410570093	110.41728264318
4	804	426.527549445204	116.85281889406
4	810	429.720360820492	119.77162692256
4	814	432.278506183476	119.66072796139
4	822	440.092957797912	126.35701504742
4	828	443.556085473372	124.92725137479
4	834	445.552809536946	126.8896251053
4	840	447.96389367836	120.37230078514
4	846	451.077310994983	122.0522127658
4	852	458.243025290369	128.8768956774
4	858	461.584469173647	127.94520866656
4	864	474.850043204291	140.51487685416
4	870	475.687730736853	139.77247568217
4	874	477.810704533432	139.54820750569
4	880	483.154752189833	129.89475229642
4	888	495.110670045076	130.43292572185
4	892	495.91828328182	129.70031792876
4	900	497.945164106089	129.82745236048
4	906	502.723880311612	134.02478092928
4	912	509.120112844825	123.6883029792
4	918	513.897452202221	125.39604949732
4	922	516.599605068984	120.13930180805
4	930	526.90631352161	129.74966118174
4	936	528.868944334725	130.33153320787
4	942	531.966220689032	133.40935227373
4	946	532.127675157212	128.82071193006
4	950	533.888821483317	116.34529949654
4	958	536.904918098406	118.59255560838
4	962	538.556110519085	111.54178254801
4	970	541.455671092629	109.13304659634
4	974	541.729090408863	109.25513678317
4	984	544.812387534454	102.25535188358
4	988	546.559927069424	102.9057697325
4	996	552.362952421112	105.94432388812
4	1002	554.272036051012	105.28073685723
4	1006	556.400637537921	105.14238820398
4	1012	562.513966477042	102.91260447013
4	1020	567.802266224702	104.54260574107
4	1026	569.667575392757	94.027309786926
4	1032	576.632578613098	94.777235435339
4	1038	582.932171911659	98.0177255374
4	1042	584.535220035634	98.544734657369
4	1048	591.099641418679	94.451741768218
4	1052	591.673051702449	94.495847354868
4	1056	591.800514710865	90.015015102354
4	1068	605.080912399764	96.836700612129
4	1074	616.381086336837	107.16562302415
4	1078	617.862807886112	101.01899212249
4	1086	622.186831005813	98.935537144333
4	1090	623.485715541488	95.968585333637
4	1098	627.155011760713	98.060384707516
4	1104	629.468525424995	95.086527802502
4	1108	629.775152580907	93.06519698266
4	1112	630.106753004576	91.505432379455
4	1120	632.228082505624	91.803791371275
4	1124	635.027494416922	92.913403306473
4	1130	636.160285517331	93.707446492626
4	1140	641.962121984337	97.56023472929
4	1144	642.083235870008	95.473291481754
4	1152	654.389981232787	105.56058161501
4	1156	654.832831992853	102.45990682471
4	1164	663.051163694443	104.12851298931
4	1170	669.06460922968	106.2428223749
4	1176	685.869853710126	118.30421562032
4	1182	694.77299068404	126.69469885249
4	1186	695.465000593866	124.26626619633
4	1194	700.082091570871	120.95463008744
4	1198	700.908639543252	114.91791664731
4	1206	722.729689975754	130.76755280077
4	1212	729.099985551923	135.39680706102
4	1218	731.819629496466	137.89981909371
4	1224	738.900843311762	143.52125210066
4	1228	741.519763447461	132.52389084749
4	1236	752.791964952299	130.87847608045
4	1242	758.955046444988	136.86477766276
4	1246	763.075270186276	139.11782433057
4	1250	763.567296742987	137.75206335283
4	1254	765.051498359545	135.86193479083
4	1258	765.211734815826	134.48604477063
4	1270	772.850707247911	142.06646429934
4	1276	775.04705283101	139.1560786599
4	1282	778.268894427904	141.56406871295
4	1290	786.351501399793	147.61607311656
4	1296	789.016984791006	147.39746309147
4	1300	789.729131125451	146.03813916083
4	1304	789.988257088413	139.38098959334
4	1314	806.118838240217	151.20509986395
4	1318	810.322145696089	152.69298899575
4	1322	811.445689380625	147.95514412222
4	1332	817.389436887229	141.49219231585
4	1338	818.65372438235	131.76639981677
4	1342	821.903299353	126.43018231384
4	1346	825.536210853683	126.09540806396
4	1352	826.266491138641	125.03276967715
4	1362	837.778599344551	131.16338354187
4	1368	851.396454118188	127.8459236009
4	1374	852.836282258092	122.98800739055
4	1378	853.724552139372	119.51625267605
4	1384	854.352097076137	111.91123502205
4	1392	860.136180961023	117.53938231001
4	1398	865.480177944323	112.61771143969
4	1402	872.315775904019	106.9597963494
4	1410	874.513354232465	108.18064970529
4	1414	875.745875090513	109.29061563488
4	1422	890.11945553921	119.78761453942
4	1428	893.44832765572	118.45826436629
4	1432	894.124519076472	117.14213653374
4	1440	899.184536616626	120.75705118506
4	1446	904.094306904367	122.52612874151
4	1452	911.043845541078	124.32934280616
4	1458	914.738120955681	123.49090027864
4	1464	919.803213404633	125.529038041
4	1470	933.521497074205	139.15956286534
4	1474	934.114786605117	122.40756360012
4	1480	938.432740220083	125.59078358623
4	1488	942.38820389727	128.8965318644
4	1492	943.792965810236	126.34080180619
4	1500	948.930542640213	122.67625090741
4	1506	954.218351951555	127.87459937752
4	1512	956.024694504317	129.0079048386
4	1518	957.065439453324	129.0137401116
4	1522	962.009142798847	116.99554846776
4	1526	962.462745126433	110.30562106004
4	1534	965.432848797998	111.26442140756
4	1542	971.278212130007	114.73814285217
4	1548	978.883834777596	118.83088038286
4	1554	980.087003215499	117.59434163379
4	1558	984.273876918557	111.86290388537
4	1566	987.323135974018	112.94209231968
4	1570	988.79079575912	109.64254266085
4	1578	991.248457420646	111.27346391468
5	270	104.409110873151	0
5	276	107.592979176087	0
5	280	109.444733231063	0
5	284	109.670927511231	0
5	294	116.150658557276	0
5	298	116.510880762293	0
5	304	118.653241402249	0
5	310	122.743720884863	0
5	314	123.871947969211	0
5	322	125.727906434228	0
5	330	131.486736008662	0
5	334	132.212262797614	0
5	342	136.091492635551	0
5	346	138.598412792555	0
5	350	139.341785646945	0
5	356	142.372807925835	0
5	366	148.528234692071	0
5	370	149.684604168987	0
5	374	153.804034543651	0
5	378	154.128344944477	0
5	384	154.736850263656	0
5	394	157.337979454872	0
5	402	159.901198395686	0
5	408	161.549611645856	0
5	414	164.983971320288	0
5	420	171.898145518715	0
5	426	177.80194652779	0
5	430	178.352857528031	0
5	434	178.919810361774	0
5	444	181.75525362223	0
5	450	187.181096613134	0
5	456	201.034373164026	0
5	462	205.574735940546	0
5	468	211.612070549058	0
5	474	217.046614556377	0
5	480	222.908151802135	0
5	486	223.898770229736	0
5	492	226.064995589512	0
5	498	231.686494373559	0
5	504	239.49082470965	0
5	510	255.095121723206	0
5	516	257.179846730506	0
5	522	268.110011149102	0
5	526	271.97950411983	0
5	530	272.340686974439	0
5	536	274.119809701576	0
5	544	276.387560796739	0
5	548	276.981562217437	0
5	558	279.833409145118	0
5	562	280.188713487327	0
5	568	281.279730743341	0
5	574	283.228673765699	0
5	580	285.73914894099	0
5	586	288.058524498587	0
5	592	289.118098448684	0
5	600	291.161712853666	0
5	606	295.99203323166	0
5	612	297.61045106199	0
5	616	297.833316277556	0
5	624	299.46785629025	0
5	628	299.980731859484	0
5	636	304.290564656272	0
5	640	306.325590645629	0
5	646	307.653388553351	0
5	650	308.414168738381	0
5	654	309.452034580936	0
5	666	317.42272834117	0
5	670	317.802337473153	0
5	678	324.450776240915	0
5	682	327.440333175328	0
5	690	329.099548922586	0
5	696	330.990886450403	0
5	700	333.339492720347	0
5	708	335.158467321137	0
5	714	337.640995414826	0
5	720	352.432941190123	0
5	724	352.961998065202	0
5	730	364.64071136506	0
5	738	367.689828322967	0
5	744	368.562735423579	0
5	750	381.727697894749	0
5	754	382.669058536694	0
5	762	392.003369772999	0
5	766	394.26025319712	0
5	770	395.203552270274	0
5	776	396.867080953897	0
5	786	400.327431361265	0
5	792	409.6557544351	0
5	796	417.191410570093	0
5	804	426.527549445204	0
5	810	429.720360820492	0
5	814	432.278506183476	0
5	822	440.092957797912	0
5	828	443.556085473372	0
5	834	445.552809536946	0
5	840	447.96389367836	0
5	846	451.077310994983	0
5	852	458.243025290369	0
5	858	461.584469173647	0
5	864	474.850043204291	0
5	870	475.687730736853	0
5	874	477.810704533432	0
5	880	483.154752189833	0
5	888	495.110670045076	0
5	892	495.91828328182	0
5	900	497.945164106089	0
5	906	502.723880311612	0
5	912	509.120112844825	0
5	918	513.897452202221	0
5	922	516.599605068984	0
5	930	526.90631352161	0
5	936	528.868944334725	0
5	942	531.966220689032	0
5	946	532.127675157212	0
5	950	533.888821483317	0
5	958	536.904918098406	0
5	962	538.556110519085	0
5	970	541.455671092629	0
5	974	541.729090408863	0
5	984	544.812387534454	0
5	988	546.559927069424	0
5	996	552.362952421112	0
5	1002	554.272036051012	0
5	1006	556.400637537921	0
5	1012	562.513966477042	0
5	1020	567.802266224702	0
5	1026	569.667575392757	0
5	1032	576.632578613098	0
5	1038	582.932171911659	0
5	1042	584.535220035634	0
5	1048	591.099641418679	0
5	1052	591.673051702449	0
5	1056	591.800514710865	0
5	1068	605.080912399764	0
5	1074	616.381086336837	0
5	1078	617.862807886112	0
5	1086	622.186831005813	0
5	1090	623.485715541488	0
5	1098	627.155011760713	0
5	1104	629.468525424995	0
5	1108	629.775152580907	0
5	1112	630.106753004576	0
5	1120	632.228082505624	0
5	1124	635.027494416922	0
5	1130	636.160285517331	0
5	1140	641.962121984337	0
5	1144	642.083235870008	0
5	1152	654.389981232787	0
5	1156	654.832831992853	0
5	1164	663.051163694443	0
5	1170	669.06460922968	0
5	1176	685.869853710126	0
5	1182	694.77299068404	0
5	1186	695.465000593866	0
5	1194	700.082091570871	0
5	1198	700.908639543252	0
5	1206	722.729689975754	0
5	1212	729.099985551923	0
5	1218	731.819629496466	0
5	1224	738.900843311762	0
5	1228	741.519763447461	0
5	1236	752.791964952299	0
5	1242	758.955046444988	0
5	1246	763.075270186276	0
5	1250	763.567296742987	0
5	1254	765.051498359545	0
5	1258	765.211734815826	0
5	1270	772.850707247911	0
5	1276	775.04705283101	0
5	1282	778.268894427904	0
5	1290	786.351501399793	0
5	1296	789.016984791006	0
5	1300	789.729131125451	0
5	1304	789.988257088413	0
5	1314	806.118838240217	0
5	1318	810.322145696089	0
5	1322	811.445689380625	0
5	1332	817.389436887229	0
5	1338	818.65372438235	0
5	1342	821.903299353	0
5	1346	825.536210853683	0
5	1352	826.266491138641	0
5	1362	837.778599344551	0
5	1368	851.396454118188	0
5	1374	852.836282258092	0
5	1378	853.724552139372	0
5	1384	854.352097076137	0
5	1392	860.136180961023	0
5	1398	865.480177944323	0
5	1402	872.315775904019	0
5	1410	874.513354232465	0
5	1414	875.745875090513	0
5	1422	890.11945553921	0
5	1428	893.44832765572	0
5	1432	894.124519076472	0
5	1440	899.184536616626	0
5	1446	904.094306904367	0
5	1452	911.043845541078	0
5	1458	914.738120955681	0
5	1464	919.803213404633	0
5	1470	933.521497074205	0
5	1474	934.114786605117	0
5	1480	938.432740220083	0
5	1488	942.38820389727	0
5	1492	943.792965810236	0
5	1500	948.930542640213	0
5	1506	954.218351951555	0
5	1512	956.024694504317	0
5	1518	957.065439453324	0
5	1522	962.009142798847	0
5	1526	962.462745126433	0
5	1534	965.432848797998	0
5	1542	971.278212130007	0
5	1548	978.883834777596	0
5	1554	980.087003215499	0
5	1558	984.273876918557	0
5	1566	987.323135974018	0
5	1570	988.79079575912	0
5	1578	991.248457420646	0

