version 3
run General-32-20221103-10:28:22-6760
attr configname General
attr datetime 20221103-10:28:22
attr datetimef 20221103-102822
attr experiment General
attr inifile block.ini
attr iterationvars "$0=4, $1=10"
attr iterationvarsd 4/10
attr iterationvarsf 4,10-
attr measurement "$0=4, $1=10"
attr network Block
attr processid 6760
attr repetition 2
attr replication #2
attr resultdir results
attr runnumber 32
attr seedset 32
config network Block
config repeat 5
config sim-time-limit 1000s
config warmup-period 100s
config **.alloca.resourceModuleName "\"risorse\""
config **.dealloca.resourceModuleName "\"risorse\""
config **.is.delay exponential(3s)
config **.servente.serviceTime exponential(4s)
config **.dealloca.resourceAmount 2
config **.alloca.resourceAmount 2
config **.risorse.amount 6
config **.sorgente.numJobs (10)
config **.result-recording-modes all

vector 0 Block.servente queueLength:vector ETV
attr interpolationmode sample-hold
attr recordingmode vector
attr title "queue length"
vector 1 Block.servente queueingTime:vector ETV
attr interpolationmode none
attr recordingmode vector
attr title "queueing time at dequeue"
attr unit s
vector 2 Block.alloca queueLength:vector ETV
attr interpolationmode sample-hold
attr recordingmode vector
attr title "queue length"
vector 3 Block.alloca queueingTime:vector ETV
attr interpolationmode none
attr recordingmode vector
attr title "queueing time at dequeue"
attr unit s
vector 4 Block.risorse amount:vector ETV
attr interpolationmode sample-hold
attr recordingmode vector
attr title "available resource"
vector 5 Block.is delayedJobs:vector ETV
attr interpolationmode sample-hold
attr recordingmode vector
attr title "number of delayed jobs"
0	143	100.220045977315	1
0	145	100.220045977315	2
0	149	102.103231971803	1
0	151	102.103231971803	2
0	153	102.108428682002	1
0	155	102.108428682002	2
0	159	102.908181298056	1
0	161	102.908181298056	2
0	165	110.064962089955	1
0	167	110.064962089955	2
0	169	110.581949248023	1
0	171	110.581949248023	2
0	175	115.445828368624	1
0	177	115.445828368624	2
0	183	120.656121752864	1
0	185	120.656121752864	2
0	191	130.959013646739	1
0	193	130.959013646739	2
0	197	133.495073926907	1
0	199	133.495073926907	2
0	201	134.510898225744	1
0	203	134.510898225744	2
0	209	137.211232202021	1
0	211	137.211232202021	2
0	215	141.725280767663	1
0	217	141.725280767663	2
0	221	145.704846726897	1
0	223	145.704846726897	2
0	225	147.467345033973	1
0	227	147.467345033973	2
0	229	147.743245978778	1
0	231	147.743245978778	2
0	239	156.588260317035	1
0	241	156.588260317035	2
0	245	163.327407987204	1
0	247	163.327407987204	2
0	251	167.580116382073	1
0	253	167.580116382073	2
0	257	170.358586315227	1
0	259	170.358586315227	2
0	263	174.635206433029	1
0	265	174.635206433029	2
0	267	176.62276320302	1
0	269	176.62276320302	2
0	271	178.201311972268	1
0	273	178.201311972268	2
0	279	181.156330853846	1
0	281	181.156330853846	2
0	283	183.194550142663	1
0	285	183.194550142663	2
0	293	190.276105635359	1
0	295	190.276105635359	2
0	299	192.033397755484	1
0	301	192.033397755484	2
0	305	199.120080485133	1
0	307	199.120080485133	2
0	309	199.653809480886	1
0	311	199.653809480886	2
0	315	202.211698513576	1
0	317	202.211698513576	2
0	323	204.689357240826	1
0	325	204.689357240826	2
0	329	214.054765307926	1
0	331	214.054765307926	2
0	335	215.357485933947	1
0	337	215.357485933947	2
0	341	218.189992463676	1
0	343	218.189992463676	2
0	347	229.811466011543	1
0	349	229.811466011543	2
0	351	230.492696257985	1
0	353	230.492696257985	2
0	357	234.562379262411	1
0	359	234.562379262411	2
0	365	251.743692362958	1
0	367	251.743692362958	2
0	371	254.220512175446	1
0	373	254.220512175446	2
0	377	259.324723606516	1
0	379	259.324723606516	2
0	383	262.601672637579	1
0	385	262.601672637579	2
0	389	271.37735373798	1
0	391	271.37735373798	2
0	395	287.081914191573	1
0	397	287.081914191573	2
0	399	288.418067471204	1
0	401	288.418067471204	2
0	407	290.894042399847	1
0	409	290.894042399847	2
0	413	300.347195032574	1
0	415	300.347195032574	2
0	419	312.438084284946	1
0	421	312.438084284946	2
0	425	317.106923308672	1
0	427	317.106923308672	2
0	431	323.352665764362	1
0	433	323.352665764362	2
0	437	335.424012651336	1
0	439	335.424012651336	2
0	443	340.380596080127	1
0	445	340.380596080127	2
0	447	341.274390711104	1
0	449	341.274390711104	2
0	455	347.844962289923	1
0	457	347.844962289923	2
0	461	351.897499744156	1
0	463	351.897499744156	2
0	467	359.030650437696	1
0	469	359.030650437696	2
0	471	359.464319716016	1
0	473	359.464319716016	2
0	475	360.072826183517	1
0	477	360.072826183517	2
0	479	360.566238936263	1
0	481	360.566238936263	2
0	485	362.209740984882	1
0	487	362.209740984882	2
0	491	363.246220566826	1
0	493	363.246220566826	2
0	503	367.454424692706	1
0	505	367.454424692706	2
0	509	369.573014898158	1
0	511	369.573014898158	2
0	515	375.151858136188	1
0	517	375.151858136188	2
0	519	375.199555090947	1
0	521	375.199555090947	2
0	523	375.350160756019	1
0	525	375.350160756019	2
0	533	379.475348534093	1
0	535	379.475348534093	2
0	539	383.101399785707	1
0	541	383.101399785707	2
0	543	384.175644398149	1
0	545	384.175644398149	2
0	551	387.995095413223	1
0	553	387.995095413223	2
0	555	389.971073498616	1
0	557	389.971073498616	2
0	563	394.360421134181	1
0	565	394.360421134181	2
0	567	397.199576477138	1
0	569	397.199576477138	2
0	573	398.749857317249	1
0	575	398.749857317249	2
0	579	400.67909446708	1
0	581	400.67909446708	2
0	583	402.642257262501	1
0	585	402.642257262501	2
0	593	411.63953681952	1
0	595	411.63953681952	2
0	599	415.438645568265	1
0	601	415.438645568265	2
0	605	419.964820729422	1
0	607	419.964820729422	2
0	609	420.532427650202	1
0	611	420.532427650202	2
0	617	421.862703450293	1
0	619	421.862703450293	2
0	621	421.974145551367	1
0	623	421.974145551367	2
0	627	423.161717808628	1
0	629	423.161717808628	2
0	631	424.670752384391	1
0	633	424.670752384391	2
0	635	425.054669960807	1
0	637	425.054669960807	2
0	641	425.913663399037	1
0	643	425.913663399037	2
0	649	427.403582482803	1
0	651	427.403582482803	2
0	657	430.269115030638	1
0	659	430.269115030638	2
0	663	432.063631858976	1
0	665	432.063631858976	2
0	671	437.545870519213	1
0	673	437.545870519213	2
0	677	440.179620350689	1
0	679	440.179620350689	2
0	681	443.525325989331	1
0	683	443.525325989331	2
0	689	458.432327518339	1
0	691	458.432327518339	2
0	695	461.111389428361	1
0	697	461.111389428361	2
0	699	462.285876066226	1
0	701	462.285876066226	2
0	707	477.616089343328	1
0	709	477.616089343328	2
0	711	478.304091650314	1
0	713	478.304091650314	2
0	719	482.499884013803	1
0	721	482.499884013803	2
0	723	482.527970811804	1
0	725	482.527970811804	2
0	727	482.898268884718	1
0	729	482.898268884718	2
0	735	485.106133221098	1
0	737	485.106133221098	2
0	741	488.464406819783	1
0	743	488.464406819783	2
0	747	492.636443685451	1
0	749	492.636443685451	2
0	751	493.106118072743	1
0	753	493.106118072743	2
0	757	494.684254055989	1
0	759	494.684254055989	2
0	765	508.758348057707	1
0	767	508.758348057707	2
0	771	509.298350761655	1
0	773	509.298350761655	2
0	775	509.394872643477	1
0	777	509.394872643477	2
0	785	516.768743485758	1
0	787	516.768743485758	2
0	789	517.664751375367	1
0	791	517.664751375367	2
0	793	519.967839625465	1
0	795	519.967839625465	2
0	801	521.069238044327	1
0	803	521.069238044327	2
0	805	521.498153290205	1
0	807	521.498153290205	2
0	811	522.190912462152	1
0	813	522.190912462152	2
0	815	522.370620868223	1
0	817	522.370620868223	2
0	823	523.611939484601	1
0	825	523.611939484601	2
0	833	531.818624180109	1
0	835	531.818624180109	2
0	837	532.566736962629	1
0	839	532.566736962629	2
0	841	532.949339101143	1
0	843	532.949339101143	2
0	851	537.577606457099	1
0	853	537.577606457099	2
0	857	543.845290359729	1
0	859	543.845290359729	2
0	861	545.290312570041	1
0	863	545.290312570041	2
0	869	551.927689109872	1
0	871	551.927689109872	2
0	873	552.132895592833	1
0	875	552.132895592833	2
0	879	553.141159040861	1
0	881	553.141159040861	2
0	885	557.035496398319	1
0	887	557.035496398319	2
0	893	560.127653367453	1
0	895	560.127653367453	2
0	899	565.190732053981	1
0	901	565.190732053981	2
0	905	573.563086814361	1
0	907	573.563086814361	2
0	909	574.456999225458	1
0	911	574.456999225458	2
0	915	576.402179714098	1
0	917	576.402179714098	2
0	921	578.341867308039	1
0	923	578.341867308039	2
0	929	610.728104524157	1
0	931	610.728104524157	2
0	935	613.594300283237	1
0	937	613.594300283237	2
0	939	614.709747555456	1
0	941	614.709747555456	2
0	945	617.546557223547	1
0	947	617.546557223547	2
0	949	619.367471332537	1
0	951	619.367471332537	2
0	959	623.119751405518	1
0	961	623.119751405518	2
0	965	629.228880292956	1
0	967	629.228880292956	2
0	969	632.049966932842	1
0	971	632.049966932842	2
0	975	634.631797128553	1
0	977	634.631797128553	2
0	981	637.722406654916	1
0	983	637.722406654916	2
0	985	637.829090861821	1
0	987	637.829090861821	2
0	995	640.028110009131	1
0	997	640.028110009131	2
0	1001	644.585092171648	1
0	1003	644.585092171648	2
0	1007	649.583312833844	1
0	1009	649.583312833844	2
0	1011	652.534130886925	1
0	1013	652.534130886925	2
0	1019	658.760503589028	1
0	1021	658.760503589028	2
0	1025	661.473736587014	1
0	1027	661.473736587014	2
0	1029	664.093203724619	1
0	1031	664.093203724619	2
0	1035	668.709375027842	1
0	1037	668.709375027842	2
0	1043	675.829865246748	1
0	1045	675.829865246748	2
0	1049	676.789666146113	1
0	1051	676.789666146113	2
0	1055	677.501601426414	1
0	1057	677.501601426414	2
0	1061	687.527595152835	1
0	1063	687.527595152835	2
0	1067	695.379861700057	1
0	1069	695.379861700057	2
0	1071	698.895822268431	1
0	1073	698.895822268431	2
0	1079	712.297261185326	1
0	1081	712.297261185326	2
0	1083	713.781275064949	1
0	1085	713.781275064949	2
0	1089	715.417092809815	1
0	1091	715.417092809815	2
0	1097	722.013289131323	1
0	1099	722.013289131323	2
0	1103	731.430108521174	1
0	1105	731.430108521174	2
0	1109	744.969490162392	1
0	1111	744.969490162392	2
0	1113	745.559322538393	1
0	1115	745.559322538393	2
0	1121	747.022000014248	1
0	1123	747.022000014248	2
0	1125	749.686045601322	1
0	1127	749.686045601322	2
0	1129	752.8503460736	1
0	1131	752.8503460736	2
0	1135	752.98565761183	1
0	1137	752.98565761183	2
0	1145	756.859125793128	1
0	1147	756.859125793128	2
0	1149	761.950807105065	1
0	1151	761.950807105065	2
0	1157	765.39955401269	1
0	1159	765.39955401269	2
0	1163	766.667864336458	1
0	1165	766.667864336458	2
0	1167	767.654735396385	1
0	1169	767.654735396385	2
0	1173	767.956620286232	1
0	1175	767.956620286232	2
0	1181	779.323849660603	1
0	1183	779.323849660603	2
0	1187	781.021180133841	1
0	1189	781.021180133841	2
0	1191	783.300763403362	1
0	1193	783.300763403362	2
0	1197	787.695909479929	1
0	1199	787.695909479929	2
0	1201	788.205963065213	1
0	1203	788.205963065213	2
0	1211	796.871273257847	1
0	1213	796.871273257847	2
0	1217	805.008780942597	1
0	1219	805.008780942597	2
0	1221	807.410213801382	1
0	1223	807.410213801382	2
0	1225	807.66092999364	1
0	1227	807.66092999364	2
0	1233	809.995906193726	1
0	1235	809.995906193726	2
0	1237	813.069656191531	1
0	1239	813.069656191531	2
0	1247	819.459083508486	1
0	1249	819.459083508486	2
0	1251	822.456920205858	1
0	1253	822.456920205858	2
0	1255	823.680382896463	1
0	1257	823.680382896463	2
0	1261	825.902753567344	1
0	1263	825.902753567344	2
0	1271	831.764200185352	1
0	1273	831.764200185352	2
0	1277	840.713054106874	1
0	1279	840.713054106874	2
0	1283	847.897043048845	1
0	1285	847.897043048845	2
0	1289	849.724854888557	1
0	1291	849.724854888557	2
0	1295	852.713679388118	1
0	1297	852.713679388118	2
0	1301	855.198802655085	1
0	1303	855.198802655085	2
0	1305	855.459786202057	1
0	1307	855.459786202057	2
0	1309	855.647413758829	1
0	1311	855.647413758829	2
0	1317	856.723362756216	1
0	1319	856.723362756216	2
0	1325	865.248289855507	1
0	1327	865.248289855507	2
0	1329	867.728801158375	1
0	1331	867.728801158375	2
0	1337	878.747456798037	1
0	1339	878.747456798037	2
0	1343	879.673204583771	1
0	1345	879.673204583771	2
0	1347	879.84144841978	1
0	1349	879.84144841978	2
0	1351	880.652822745834	1
0	1353	880.652822745834	2
0	1355	881.564893012365	1
0	1357	881.564893012365	2
0	1359	883.14343762336	1
0	1361	883.14343762336	2
0	1371	892.102417900475	1
0	1373	892.102417900475	2
0	1379	897.09487019434	1
0	1381	897.09487019434	2
0	1383	898.215105437847	1
0	1385	898.215105437847	2
0	1391	901.453657185878	1
0	1393	901.453657185878	2
0	1395	902.523759279789	1
0	1397	902.523759279789	2
0	1401	907.336227339522	1
0	1403	907.336227339522	2
0	1405	911.770206592896	1
0	1407	911.770206592896	2
0	1409	912.015903262337	1
0	1411	912.015903262337	2
0	1421	917.76871173416	1
0	1423	917.76871173416	2
0	1425	919.861413753298	1
0	1427	919.861413753298	2
0	1431	922.565949002238	1
0	1433	922.565949002238	2
0	1435	923.331284129622	1
0	1437	923.331284129622	2
0	1443	926.36191996936	1
0	1445	926.36191996936	2
0	1451	932.795794736467	1
0	1453	932.795794736467	2
0	1455	933.603667888433	1
0	1457	933.603667888433	2
0	1459	933.863775703188	1
0	1461	933.863775703188	2
0	1467	938.168231772572	1
0	1469	938.168231772572	2
0	1473	941.024564181659	1
0	1475	941.024564181659	2
0	1479	944.475734766031	1
0	1481	944.475734766031	2
0	1483	947.559366450249	1
0	1485	947.559366450249	2
0	1489	948.88869492378	1
0	1491	948.88869492378	2
0	1495	950.503985970297	1
0	1497	950.503985970297	2
0	1501	951.772551552186	1
0	1503	951.772551552186	2
0	1509	953.712090190598	1
0	1511	953.712090190598	2
0	1513	953.896118502555	1
0	1515	953.896118502555	2
0	1517	955.482380210095	1
0	1519	955.482380210095	2
0	1529	976.074538076874	1
0	1531	976.074538076874	2
0	1535	977.489281746217	1
0	1537	977.489281746217	2
0	1539	981.019913164915	1
0	1541	981.019913164915	2
0	1545	981.264225794198	1
0	1547	981.264225794198	2
0	1553	989.764041907296	1
0	1555	989.764041907296	2
0	1559	991.016502500342	1
0	1561	991.016502500342	2
1	143	100.220045977315	16.884599809409
1	149	102.103231971803	4.291028261625
1	153	102.108428682002	1.888382704687
1	159	102.908181298056	0.804949326253
1	165	110.064962089955	7.956533407953
1	169	110.581949248023	7.673767949967
1	175	115.445828368624	5.380866278669
1	183	120.656121752864	10.074172504841
1	191	130.959013646739	15.513185278115
1	197	133.495073926907	12.838952174043
1	201	134.510898225744	3.551884579005
1	209	137.211232202021	3.716158275114
1	215	141.725280767663	7.214382541919
1	221	145.704846726897	8.493614524876
1	225	147.467345033973	5.74206426631
1	229	147.743245978778	2.038399251881
1	239	156.588260317035	9.120915283062
1	245	163.327407987204	15.584162008426
1	251	167.580116382073	10.991856065038
1	257	170.358586315227	7.031178328023
1	263	174.635206433029	7.055090050956
1	267	176.62276320302	6.264176887793
1	271	178.201311972268	3.566105539239
1	279	181.156330853846	4.533567650826
1	283	183.194550142663	4.993238170395
1	293	190.276105635359	9.119774781513
1	299	192.033397755484	8.838847612821
1	305	199.120080485133	8.843974849774
1	309	199.653809480886	7.620411725402
1	315	202.211698513576	3.091618028443
1	323	204.689357240826	5.03554775994
1	329	214.054765307926	11.84306679435
1	335	215.357485933947	10.668128693121
1	341	218.189992463676	4.13522715575
1	347	229.811466011543	14.453980077596
1	351	230.492696257985	12.302703794309
1	357	234.562379262411	4.750913250868
1	365	251.743692362958	21.250996104973
1	371	254.220512175446	19.658132913035
1	377	259.324723606516	7.581031243558
1	383	262.601672637579	8.381160462133
1	389	271.37735373798	12.052630131464
1	395	287.081914191573	24.480241553994
1	399	288.418067471204	17.040713733224
1	407	290.894042399847	3.812128208274
1	413	300.347195032574	11.92912756137
1	419	312.438084284946	21.544041885099
1	425	317.106923308672	16.759728276098
1	431	323.352665764362	10.914581479416
1	437	335.424012651336	18.317089342664
1	443	340.380596080127	17.027930315765
1	447	341.274390711104	5.850378059768
1	455	347.844962289923	7.464366209796
1	461	351.897499744156	10.623109033052
1	467	359.030650437696	11.185688147773
1	471	359.464319716016	7.56681997186
1	475	360.072826183517	1.042175745821
1	479	360.566238936263	1.101919220247
1	485	362.209740984882	2.136914801365
1	491	363.246220566826	2.679981630563
1	503	367.454424692706	5.244683707824
1	509	369.573014898158	6.326794331332
1	515	375.151858136188	7.697433443482
1	519	375.199555090947	5.626540192789
1	523	375.350160756019	0.198302619831
1	533	379.475348534093	4.275793443146
1	539	383.101399785707	7.751239029688
1	543	384.175644398149	4.700295864056
1	551	387.995095413223	4.893695627516
1	555	389.971073498616	5.795429100467
1	563	394.360421134181	6.365325720958
1	567	397.199576477138	7.228502978522
1	573	398.749857317249	4.389436183068
1	579	400.67909446708	3.479517989942
1	583	402.642257262501	3.892399945252
1	593	411.63953681952	10.96044235244
1	599	415.438645568265	12.796388305764
1	605	419.964820729422	8.325283909902
1	609	420.532427650202	5.093782081937
1	617	421.862703450293	1.897882720871
1	621	421.974145551367	1.441717901165
1	627	423.161717808628	1.299014358335
1	631	424.670752384391	2.696606833024
1	635	425.054669960807	1.892952152179
1	641	425.913663399037	1.242911014646
1	649	427.403582482803	2.348912521996
1	657	430.269115030638	4.355451631601
1	663	432.063631858976	4.660049376173
1	671	437.545870519213	7.276755488575
1	677	440.179620350689	8.115988491713
1	681	443.525325989331	5.979455470118
1	689	458.432327518339	18.25270716765
1	695	461.111389428361	17.58606343903
1	699	462.285876066226	3.853548547887
1	707	477.616089343328	16.504699914967
1	711	478.304091650314	16.018215584088
1	719	482.499884013803	4.883794670475
1	723	482.527970811804	4.22387916149
1	727	482.898268884718	0.398384870915
1	735	485.106133221098	2.578162409294
1	741	488.464406819783	5.566137935065
1	747	492.636443685451	7.530310464353
1	751	493.106118072743	4.64171125296
1	757	494.684254055989	2.047810370538
1	765	508.758348057707	15.652229984964
1	771	509.298350761655	14.614096705666
1	775	509.394872643477	0.63652458577
1	785	516.768743485758	7.470392724103
1	789	517.664751375367	8.26987873189
1	793	519.967839625465	3.199096139707
1	801	521.069238044327	3.40448666896
1	805	521.498153290205	1.53031366474
1	811	522.190912462152	1.121674417825
1	815	522.370620868223	0.872467578018
1	823	523.611939484601	1.421027022449
1	833	531.818624180109	9.448003311886
1	837	532.566736962629	8.954797478028
1	841	532.949339101143	1.130714921034
1	851	537.577606457099	5.01086949447
1	857	543.845290359729	10.895951258586
1	861	545.290312570041	7.712706112942
1	869	551.927689109872	8.082398750143
1	873	552.132895592833	6.842583022792
1	879	553.141159040861	1.213469930989
1	885	557.035496398319	4.902600805486
1	893	560.127653367453	6.986494326592
1	899	565.190732053981	8.155235655662
1	905	573.563086814361	13.435433446908
1	909	574.456999225458	9.266267171477
1	915	576.402179714098	2.839092899737
1	921	578.341867308039	3.884868082581
1	929	610.728104524157	34.325924810059
1	935	613.594300283237	35.252432975198
1	939	614.709747555456	3.981643031299
1	945	617.546557223547	3.95225694031
1	949	619.367471332537	4.657723777081
1	959	623.119751405518	5.573194181971
1	965	629.228880292956	9.861408960419
1	969	632.049966932842	8.930215527324
1	975	634.631797128553	5.402916835597
1	981	637.722406654916	5.672439722074
1	985	637.829090861821	3.197293733268
1	995	640.028110009131	2.305703354215
1	1001	644.585092171648	6.756001309827
1	1007	649.583312833844	9.555202824713
1	1011	652.534130886925	7.949038715277
1	1019	658.760503589028	9.177190755184
1	1025	661.473736587014	8.939605700089
1	1029	664.093203724619	5.332700135591
1	1035	668.709375027842	7.235638440828
1	1043	675.829865246748	11.736661522129
1	1049	676.789666146113	8.080291118271
1	1055	677.501601426414	1.671736179666
1	1061	687.527595152835	10.737929006722
1	1067	695.379861700057	17.878260273643
1	1071	698.895822268431	11.368227115596
1	1079	712.297261185326	16.917399485269
1	1083	713.781275064949	14.885452796518
1	1089	715.417092809815	3.119831624489
1	1097	722.013289131323	8.232014066374
1	1103	731.430108521174	16.013015711359
1	1109	744.969490162392	22.956201031069
1	1113	745.559322538393	14.129214017219
1	1121	747.022000014248	2.052509851856
1	1125	749.686045601322	4.126723062929
1	1129	752.8503460736	5.828346059352
1	1135	752.98565761183	3.299612010508
1	1145	756.859125793128	4.008779719528
1	1149	761.950807105065	8.965149493235
1	1157	765.39955401269	8.540428219562
1	1163	766.667864336458	4.717057231393
1	1167	767.654735396385	2.255181383695
1	1173	767.956620286232	1.288755949774
1	1181	779.323849660603	11.669114264218
1	1187	781.021180133841	13.064559847609
1	1191	783.300763403362	3.976913742759
1	1197	787.695909479929	6.674729346088
1	1201	788.205963065213	4.905199661851
1	1211	796.871273257847	9.175363777918
1	1217	805.008780942597	16.802817877384
1	1221	807.410213801382	10.538940543535
1	1225	807.66092999364	2.652149051043
1	1233	809.995906193726	2.585692392344
1	1237	813.069656191531	5.408726197891
1	1247	819.459083508486	9.46317731476
1	1251	822.456920205858	9.387264014327
1	1255	823.680382896463	4.221299387977
1	1261	825.902753567344	3.445833361486
1	1271	831.764200185352	8.083817288889
1	1277	840.713054106874	14.81030053953
1	1283	847.897043048845	16.132842863493
1	1289	849.724854888557	9.011800781683
1	1295	852.713679388118	4.816636339273
1	1301	855.198802655085	5.473947766528
1	1305	855.459786202057	2.746106813939
1	1309	855.647413758829	0.448611103744
1	1317	856.723362756216	1.263576554159
1	1325	865.248289855507	9.600876096678
1	1329	867.728801158375	11.005438402159
1	1337	878.747456798037	13.49916694253
1	1343	879.673204583771	11.944403425396
1	1347	879.84144841978	1.093991621743
1	1351	880.652822745834	0.979618162063
1	1355	881.564893012365	1.723444592585
1	1359	883.14343762336	2.490614877526
1	1371	892.102417900475	10.53752488811
1	1379	897.09487019434	13.95143257098
1	1383	898.215105437847	6.112687537372
1	1391	901.453657185878	4.358786991538
1	1395	902.523759279789	4.308653841942
1	1401	907.336227339522	5.882570153644
1	1405	911.770206592896	9.246447313107
1	1409	912.015903262337	4.679675922815
1	1421	917.76871173416	5.998505141264
1	1425	919.861413753298	7.845510490961
1	1431	922.565949002238	4.797237268078
1	1435	923.331284129622	3.469870376324
1	1443	926.36191996936	3.795970967122
1	1451	932.795794736467	9.464510606845
1	1455	933.603667888433	7.241747919073
1	1459	933.863775703188	1.067980966721
1	1467	938.168231772572	4.564563884139
1	1473	941.024564181659	7.160788478471
1	1479	944.475734766031	6.307502993459
1	1483	947.559366450249	6.53480226859
1	1489	948.88869492378	4.412960157749
1	1495	950.503985970297	2.944619520048
1	1501	951.772551552186	2.883856628406
1	1509	953.712090190598	3.208104220301
1	1513	953.896118502555	2.123566950369
1	1517	955.482380210095	1.770290019497
1	1529	976.074538076874	22.178419574319
1	1535	977.489281746217	22.006901536122
1	1539	981.019913164915	4.945375088041
1	1545	981.264225794198	3.774944047981
1	1553	989.764041907296	8.744128742381
1	1559	991.016502500342	9.752276706144
2	144	100.220045977315	6
2	148	102.024587073565	7
2	150	102.103231971803	6
2	154	102.108428682002	5
2	158	102.640157585654	6
2	160	102.908181298056	5
2	164	106.61530028664	6
2	166	110.064962089955	5
2	170	110.581949248023	4
2	174	110.59025192397	5
2	176	115.445828368624	4
2	180	115.553167454913	5
2	182	115.576432699501	6
2	184	120.656121752864	5
2	188	122.95254468422	6
2	190	124.489225312768	7
2	192	130.959013646739	6
2	196	131.505378834016	7
2	198	133.495073926907	6
2	202	134.510898225744	5
2	206	134.601361523895	6
2	208	134.649226114472	7
2	210	137.211232202021	6
2	214	138.028927435269	7
2	216	141.725280767663	6
2	220	145.095544042619	7
2	222	145.704846726897	6
2	226	147.467345033973	5
2	230	147.743245978778	4
2	234	148.940000759805	5
2	236	150.279899222025	6
2	238	151.03165946122	7
2	240	156.588260317035	6
2	244	158.632105081403	7
2	246	163.327407987204	6
2	250	165.555185251517	7
2	252	167.580116382073	6
2	256	168.643895918084	7
2	258	170.358586315227	6
2	262	172.224462069012	7
2	264	174.635206433029	6
2	268	176.62276320302	5
2	272	178.201311972268	4
2	276	178.709021995877	5
2	278	179.72416654479	6
2	280	181.156330853846	5
2	284	183.194550142663	4
2	288	185.061146380707	5
2	290	187.191487610802	6
2	292	189.165129536071	7
2	294	190.276105635359	6
2	298	190.355659792157	7
2	300	192.033397755484	6
2	304	193.060941287169	7
2	306	199.120080485133	6
2	310	199.653809480886	5
2	314	201.486408580814	6
2	316	202.211698513576	5
2	320	202.232556275365	6
2	322	203.788755882253	7
2	324	204.689357240826	6
2	328	206.320103448401	7
2	330	214.054765307926	6
2	334	215.259220844801	7
2	336	215.357485933947	6
2	340	218.137661835344	7
2	342	218.189992463676	6
2	346	219.367435533773	7
2	348	229.811466011543	6
2	352	230.492696257985	5
2	356	233.154581448755	6
2	358	234.562379262411	5
2	362	234.983933176585	6
2	364	241.741322957923	7
2	366	251.743692362958	6
2	370	253.951716774924	7
2	372	254.220512175446	6
2	376	255.549912154652	7
2	378	259.324723606516	6
2	382	259.370064448721	7
2	384	262.601672637579	6
2	388	262.905877403681	7
2	390	271.37735373798	6
2	394	275.978047096295	7
2	396	287.081914191573	6
2	400	288.418067471204	5
2	404	288.752538821353	6
2	406	289.079827275903	7
2	408	290.894042399847	6
2	412	293.829350912679	7
2	414	300.347195032574	6
2	418	303.414557526188	7
2	420	312.438084284946	6
2	424	313.385105916319	7
2	426	317.106923308672	6
2	430	317.524081221573	7
2	432	323.352665764362	6
2	436	325.272754180798	7
2	438	335.424012651336	6
2	442	336.909984227924	7
2	444	340.380596080127	6
2	448	341.274390711104	5
2	452	341.938581652156	6
2	454	342.689922079056	7
2	456	347.844962289923	6
2	460	348.881636395425	7
2	462	351.897499744156	6
2	466	354.312301956993	7
2	468	359.030650437696	6
2	472	359.464319716016	5
2	476	360.072826183517	4
2	480	360.566238936263	3
2	484	360.723253767511	4
2	486	362.209740984882	3
2	490	363.22805494702	4
2	492	363.246220566826	3
2	496	363.692486535804	4
2	498	363.954582282011	5
2	500	364.058441468304	6
2	502	365.060055500105	7
2	504	367.454424692706	6
2	508	369.558649442555	7
2	510	369.573014898158	6
2	514	370.001596837069	7
2	516	375.151858136188	6
2	520	375.199555090947	5
2	524	375.350160756019	4
2	528	375.48096186749	5
2	530	375.715780594286	6
2	532	376.044512806878	7
2	534	379.475348534093	6
2	538	380.245398568092	7
2	540	383.101399785707	6
2	544	384.175644398149	5
2	548	386.049750245469	6
2	550	387.193659233046	7
2	552	387.995095413223	6
2	556	389.971073498616	5
2	560	390.278985969642	6
2	562	393.959517715308	7
2	564	394.360421134181	6
2	568	397.199576477138	5
2	572	398.608897086163	6
2	574	398.749857317249	5
2	578	399.425305987431	6
2	580	400.67909446708	5
2	584	402.642257262501	4
2	588	403.652932592746	5
2	590	405.294375882839	6
2	592	407.031132843705	7
2	594	411.63953681952	6
2	598	414.839546777491	7
2	600	415.438645568265	6
2	604	416.467960332786	7
2	606	419.964820729422	6
2	610	420.532427650202	5
2	614	420.940936785038	6
2	616	421.439690229539	7
2	618	421.862703450293	6
2	622	421.974145551367	5
2	626	422.580566117637	6
2	628	423.161717808628	5
2	632	424.670752384391	4
2	636	425.054669960807	3
2	640	425.756163801977	4
2	642	425.913663399037	3
2	646	426.194294196631	4
2	648	426.210650403542	5
2	650	427.403582482803	4
2	654	427.668397772065	5
2	656	427.813540571389	6
2	658	430.269115030638	5
2	662	431.835156602857	6
2	664	432.063631858976	5
2	668	432.819493500959	6
2	670	434.533831975432	7
2	672	437.545870519213	6
2	676	439.821133001916	7
2	678	440.179620350689	6
2	682	443.525325989331	5
2	686	445.505725457152	6
2	688	446.305982408129	7
2	690	458.432327518339	6
2	694	459.047463033277	7
2	696	461.111389428361	6
2	700	462.285876066226	5
2	704	462.551835109827	6
2	706	463.285867117817	7
2	708	477.616089343328	6
2	712	478.304091650314	5
2	716	479.182368228479	6
2	718	481.261316489007	7
2	720	482.499884013803	6
2	724	482.527970811804	5
2	728	482.898268884718	4
2	732	483.036780244284	5
2	734	483.501232728315	6
2	736	485.106133221098	5
2	740	486.798671253167	6
2	742	488.464406819783	5
2	746	490.642901175959	6
2	748	492.636443685451	5
2	752	493.106118072743	4
2	756	493.676941530677	5
2	758	494.684254055989	4
2	762	495.843091337204	5
2	764	496.691402376165	6
2	766	508.758348057707	5
2	770	509.279924555686	6
2	772	509.298350761655	5
2	776	509.394872643477	4
2	780	510.542268914065	5
2	782	510.920208312799	6
2	784	511.470431094865	7
2	786	516.768743485758	6
2	790	517.664751375367	5
2	794	519.967839625465	4
2	798	520.1081986302	5
2	800	520.210716355829	6
2	802	521.069238044327	5
2	806	521.498153290205	4
2	810	521.747367482347	5
2	812	522.190912462152	4
2	816	522.370620868223	3
2	820	523.062582485271	4
2	822	523.573364765822	5
2	824	523.611939484601	4
2	828	526.446200081796	5
2	830	528.240770721725	6
2	832	530.612620823532	7
2	834	531.818624180109	6
2	838	532.566736962629	5
2	842	532.949339101143	4
2	846	533.084347754537	5
2	848	533.462699278773	6
2	850	534.361750868295	7
2	852	537.577606457099	6
2	856	537.598214588092	7
2	858	543.845290359729	6
2	862	545.290312570041	5
2	866	545.975257258921	6
2	868	546.767515261261	7
2	870	551.927689109872	6
2	874	552.132895592833	5
2	878	552.643596973623	6
2	880	553.141159040861	5
2	884	554.518469721456	6
2	886	557.035496398319	5
2	890	557.068973263933	6
2	892	559.856842293952	7
2	894	560.127653367453	6
2	898	564.452772343762	7
2	900	565.190732053981	6
2	904	569.639904690541	7
2	906	573.563086814361	6
2	910	574.456999225458	5
2	914	576.11454116335	6
2	916	576.402179714098	5
2	920	576.428325271612	6
2	922	578.341867308039	5
2	926	578.795036992187	6
2	928	586.42533038638	7
2	930	610.728104524157	6
2	934	611.449045871381	7
2	936	613.594300283237	6
2	940	614.709747555456	5
2	944	615.483803696855	6
2	946	617.546557223547	5
2	950	619.367471332537	4
2	954	619.66228478502	5
2	956	620.304409597533	6
2	958	620.968529764383	7
2	960	623.119751405518	6
2	964	624.501197960917	7
2	966	629.228880292956	6
2	970	632.049966932842	5
2	974	632.728196054681	6
2	976	634.631797128553	5
2	980	634.965401299112	6
2	982	637.722406654916	5
2	986	637.829090861821	4
2	990	637.988245666196	5
2	992	637.990996699446	6
2	994	639.30277435659	7
2	996	640.028110009131	6
2	1000	641.505252752395	7
2	1002	644.585092171648	6
2	1006	646.523696722807	7
2	1008	649.583312833844	6
2	1012	652.534130886925	5
2	1016	653.939180369315	6
2	1018	655.015810417474	7
2	1020	658.760503589028	6
2	1024	659.474192513994	7
2	1026	661.473736587014	6
2	1030	664.093203724619	5
2	1034	664.723628697079	6
2	1036	668.709375027842	5
2	1040	668.993403140922	6
2	1042	669.519734929398	7
2	1044	675.829865246748	6
2	1048	676.285994181529	7
2	1050	676.789666146113	6
2	1054	677.421222560927	7
2	1056	677.501601426414	6
2	1060	681.117189323159	7
2	1062	687.527595152835	6
2	1066	690.040189736825	7
2	1068	695.379861700057	6
2	1072	698.895822268431	5
2	1076	699.167470409301	6
2	1078	699.445551628026	7
2	1080	712.297261185326	6
2	1084	713.781275064949	5
2	1088	714.253814148712	6
2	1090	715.417092809815	5
2	1094	717.828025387716	6
2	1096	719.367099135784	7
2	1098	722.013289131323	6
2	1102	728.240473119771	7
2	1104	731.430108521174	6
2	1108	731.565179324532	7
2	1110	744.969490162392	6
2	1114	745.559322538393	5
2	1118	745.981201800297	6
2	1120	746.652320491667	7
2	1122	747.022000014248	6
2	1126	749.686045601322	5
2	1130	752.8503460736	4
2	1134	752.865760436899	5
2	1136	752.98565761183	4
2	1140	753.577640554355	5
2	1142	754.1528452099	6
2	1144	754.662214494786	7
2	1146	756.859125793128	6
2	1150	761.950807105065	5
2	1154	762.235323700982	6
2	1156	762.239590291664	7
2	1158	765.39955401269	6
2	1162	766.048150734836	7
2	1164	766.667864336458	6
2	1168	767.654735396385	5
2	1172	767.681300548555	6
2	1174	767.956620286232	5
2	1178	768.516622803748	6
2	1180	770.113116232407	7
2	1182	779.323849660603	6
2	1186	779.986669275987	7
2	1188	781.021180133841	6
2	1192	783.300763403362	5
2	1196	783.561589108531	6
2	1198	787.695909479929	5
2	1202	788.205963065213	4
2	1206	788.497572865445	5
2	1208	789.743107747123	6
2	1210	790.780295150661	7
2	1212	796.871273257847	6
2	1216	797.022464019049	7
2	1218	805.008780942597	6
2	1222	807.410213801382	5
2	1226	807.66092999364	4
2	1230	807.897227792711	5
2	1232	807.951836471992	6
2	1234	809.995906193726	5
2	1238	813.069656191531	4
2	1242	814.058974646123	5
2	1244	814.433382122169	6
2	1246	815.808701493234	7
2	1248	819.459083508486	6
2	1252	822.456920205858	5
2	1256	823.680382896463	4
2	1260	825.072816654934	5
2	1262	825.902753567344	4
2	1266	828.310186324588	5
2	1268	828.683845775259	6
2	1270	830.616424621915	7
2	1272	831.764200185352	6
2	1276	832.334963718209	7
2	1278	840.713054106874	6
2	1282	846.002567697302	7
2	1284	847.897043048845	6
2	1288	848.818637738544	7
2	1290	849.724854888557	6
2	1294	850.808402482925	7
2	1296	852.713679388118	6
2	1300	853.110376138897	7
2	1302	855.198802655085	6
2	1306	855.459786202057	5
2	1310	855.647413758829	4
2	1314	856.038865485696	5
2	1316	856.555805671908	6
2	1318	856.723362756216	5
2	1322	857.413825700037	6
2	1324	858.105248306591	7
2	1326	865.248289855507	6
2	1330	867.728801158375	5
2	1334	868.023114731553	6
2	1336	872.053128458752	7
2	1338	878.747456798037	6
2	1342	879.450484145166	7
2	1344	879.673204583771	6
2	1348	879.84144841978	5
2	1352	880.652822745834	4
2	1356	881.564893012365	3
2	1360	883.14343762336	2
2	1364	883.148557242608	3
2	1366	883.240466721699	4
2	1368	883.635980847496	5
2	1370	890.381277512168	6
2	1372	892.102417900475	5
2	1376	893.501506054671	6
2	1378	895.138459054475	7
2	1380	897.09487019434	6
2	1384	898.215105437847	5
2	1388	899.093184284657	6
2	1390	900.8973422847	7
2	1392	901.453657185878	6
2	1396	902.523759279789	5
2	1400	903.508953035416	6
2	1402	907.336227339522	5
2	1406	911.770206592896	4
2	1410	912.015903262337	3
2	1414	912.930878311531	4
2	1416	914.327445652665	5
2	1418	915.42074379387	6
2	1420	917.176421510169	7
2	1422	917.76871173416	6
2	1426	919.861413753298	5
2	1430	920.688524884504	6
2	1432	922.565949002238	5
2	1436	923.331284129622	4
2	1440	923.384106260275	5
2	1442	923.537494579229	6
2	1444	926.36191996936	5
2	1448	929.555825714181	6
2	1450	931.215307880807	7
2	1452	932.795794736467	6
2	1456	933.603667888433	5
2	1460	933.863775703188	4
2	1464	933.972377886389	5
2	1466	936.649834695254	6
2	1468	938.168231772572	5
2	1472	938.455323071603	6
2	1474	941.024564181659	5
2	1478	942.506343342648	6
2	1480	944.475734766031	5
2	1484	947.559366450249	4
2	1488	948.455241822701	5
2	1490	948.88869492378	4
2	1494	949.414041748618	5
2	1496	950.503985970297	4
2	1500	951.613103176632	5
2	1502	951.772551552186	4
2	1506	952.209292273993	5
2	1508	952.692722615812	6
2	1510	953.712090190598	5
2	1514	953.896118502555	4
2	1518	955.482380210095	3
2	1522	955.715304690291	4
2	1524	956.586817558572	5
2	1526	957.634151546887	6
2	1528	959.987105277292	7
2	1530	976.074538076874	6
2	1534	976.975445001728	7
2	1536	977.489281746217	6
2	1540	981.019913164915	5
2	1544	981.044650372989	6
2	1546	981.264225794198	5
2	1550	983.294039821167	6
2	1552	988.130969985562	7
2	1554	989.764041907296	6
2	1558	990.703397008397	7
2	1560	991.016502500342	6
3	144	100.220045977315	46.054855855966
3	150	102.103231971803	44.986672056668
3	154	102.108428682002	40.156543085075
3	160	102.908181298056	36.247482869319
3	166	110.064962089955	28.64552285897
3	170	110.581949248023	20.262136065075
3	176	115.445828368624	15.779725917126
3	184	120.656121752864	18.631534679299
3	192	130.959013646739	28.318856061085
3	198	133.495073926907	26.879773640267
3	202	134.510898225744	23.920646301774
3	210	137.211232202021	21.658064747108
3	216	141.725280767663	26.148848068162
3	222	145.704846726897	22.752302042677
3	226	147.467345033973	22.978119721205
3	230	147.743245978778	16.237867144762
3	240	156.588260317035	21.98689879314
3	246	163.327407987204	28.678181872732
3	252	167.580116382073	29.551188946804
3	258	170.358586315227	25.263042272608
3	264	174.635206433029	25.695205673224
3	268	176.62276320302	26.342863980995
3	272	178.201311972268	27.169652511048
3	280	181.156330853846	22.524225772443
3	284	183.194550142663	17.639364891146
3	294	190.276105635359	21.632209717275
3	300	192.033397755484	19.808935686472
3	306	199.120080485133	20.411058489256
3	310	199.653809480886	19.929642936096
3	316	202.211698513576	17.150552132869
3	324	204.689357240826	17.497869630024
3	330	214.054765307926	24.889635771855
3	336	215.357485933947	25.00182614179
3	342	218.189992463676	25.129051176507
3	348	229.811466011543	28.325057430729
3	352	230.492696257985	28.26013998262
3	358	234.562379262411	30.773623380158
3	366	251.743692362958	45.423588914557
3	372	254.220512175446	38.961291330645
3	378	259.324723606516	41.187061771172
3	384	262.601672637579	43.234237103806
3	390	271.37735373798	38.222772289225
3	396	287.081914191573	52.097981014988
3	400	288.418067471204	46.676744513281
3	408	290.894042399847	36.942325624923
3	414	300.347195032574	44.797282877922
3	420	312.438084284946	53.068019836225
3	426	317.106923308672	54.201045904991
3	432	323.352665764362	47.374618668067
3	438	335.424012651336	46.671473829983
3	444	340.380596080127	51.300768804224
3	448	341.274390711104	47.445039798425
3	456	347.844962289923	44.430404763735
3	462	351.897499744156	38.512393827837
3	468	359.030650437696	41.506569216123
3	472	359.464319716016	34.191565535218
3	476	360.072826183517	23.162841955593
3	480	360.566238936263	18.627657284107
3	486	362.209740984882	19.519818905826
3	492	363.246220566826	14.364584171401
3	504	367.454424692706	13.142122735713
3	510	369.573014898158	8.849761130647
3	516	375.151858136188	11.923803189168
3	520	375.199555090947	11.507068555143
3	524	375.350160756019	11.395578474008
3	534	379.475348534093	15.416907065789
3	540	383.101399785707	18.041344285602
3	544	384.175644398149	14.616994955594
3	552	387.995095413223	17.993498576154
3	556	389.971073498616	14.490111631126
3	564	394.360421134181	18.644640539895
3	568	397.199576477138	21.15506367026
3	574	398.749857317249	18.504458749157
3	580	400.67909446708	14.629344221611
3	584	402.642257262501	15.448598029455
3	594	411.63953681952	21.360550849878
3	600	415.438645568265	21.479127852957
3	606	419.964820729422	21.355923643259
3	610	420.532427650202	21.107121662771
3	618	421.862703450293	18.209770857547
3	622	421.974145551367	16.679769668528
3	628	423.161717808628	16.130584964923
3	632	424.670752384391	9.8312056069
3	636	425.054669960807	8.586709628021
3	642	425.913663399037	4.972726613999
3	650	427.403582482803	5.963892253264
3	658	430.269115030638	7.688548913001
3	664	432.063631858976	6.307468056999
3	672	437.545870519213	11.351576322582
3	678	440.179620350689	13.968969947147
3	682	443.525325989331	15.856928217266
3	690	458.432327518339	30.61878694695
3	696	461.111389428361	29.276232825504
3	700	462.285876066226	29.466382565267
3	708	477.616089343328	43.082257367896
3	712	478.304091650314	38.482958648398
3	720	482.499884013803	36.994158556651
3	724	482.527970811804	36.221988403675
3	728	482.898268884718	23.850805851441
3	736	485.106133221098	22.554298111271
3	742	488.464406819783	25.178539701966
3	748	492.636443685451	13.454075456972
3	752	493.106118072743	11.844801583736
3	758	494.684254055989	11.647473811705
3	766	508.758348057707	25.257115329392
3	772	509.298350761655	22.499679508488
3	776	509.394872643477	18.751971467518
3	786	516.768743485758	23.091801955081
3	790	517.664751375367	21.821660038163
3	794	519.967839625465	23.2764372493
3	802	521.069238044327	11.789313488641
3	806	521.498153290205	10.95588437614
3	812	522.190912462152	11.270704149353
3	816	522.370620868223	10.900189773358
3	824	523.611939484601	3.503740854401
3	834	531.818624180109	11.60790782428
3	838	532.566736962629	10.819369480282
3	842	532.949339101143	9.886756615872
3	852	537.577606457099	14.004241691277
3	858	543.845290359729	17.399090277933
3	862	545.290312570041	17.049541848316
3	870	551.927689109872	21.31506828634
3	874	552.132895592833	19.048547838296
3	880	553.141159040861	19.678459762088
3	886	557.035496398319	22.673745530024
3	894	560.127653367453	22.529438779361
3	900	565.190732053981	19.21547479506
3	906	573.563086814361	26.7955715531
3	910	574.456999225458	21.813402251835
3	916	576.402179714098	21.883709992642
3	922	578.341867308039	21.272894044106
3	930	610.728104524157	50.871262230205
3	936	613.594300283237	49.141527939475
3	940	614.709747555456	45.069842864915
3	946	617.546557223547	41.432016060197
3	950	619.367471332537	42.939146060925
3	960	623.119751405518	44.324714413331
3	966	629.228880292956	42.803549906576
3	970	632.049966932842	20.600921061461
3	976	634.631797128553	19.147993431698
3	982	637.722406654916	18.060121869896
3	986	637.829090861821	17.524681264288
3	996	640.028110009131	19.059580244748
3	1002	644.585092171648	20.083894210731
3	1008	649.583312833844	16.855116779163
3	1012	652.534130886925	17.568729587813
3	1020	658.760503589028	20.772257922832
3	1026	661.473736587014	23.482739887568
3	1030	664.093203724619	24.790429368029
3	1036	668.709375027842	27.204122275447
3	1044	675.829865246748	29.306168523941
3	1050	676.789666146113	22.850485776798
3	1056	677.501601426414	22.48579100894
3	1062	687.527595152835	28.053402638841
3	1068	695.379861700057	30.656233002978
3	1072	698.895822268431	29.902419127509
3	1080	712.297261185326	42.777526255928
3	1084	713.781275064949	37.49528088342
3	1090	715.417092809815	37.995870248888
3	1098	722.013289131323	40.896099808164
3	1104	731.430108521174	41.389918784349
3	1110	744.969490162392	45.802019753091
3	1114	745.559322538393	46.113770910367
3	1122	747.022000014248	32.768185865536
3	1126	749.686045601322	31.858020213606
3	1130	752.8503460736	33.483246937816
3	1136	752.98565761183	24.745184492059
3	1146	756.859125793128	25.293946468596
3	1150	761.950807105065	15.969605304768
3	1158	765.39955401269	18.747233521023
3	1164	766.667864336458	13.802103899559
3	1168	767.654735396385	14.07709484203
3	1174	767.956620286232	13.803775076332
3	1182	779.323849660603	24.661635165817
3	1188	781.021180133841	18.785856432859
3	1192	783.300763403362	21.061173111698
3	1198	787.695909479929	21.647758745093
3	1202	788.205963065213	20.524662516658
3	1212	796.871273257847	28.354650454099
3	1218	805.008780942597	34.89566471019
3	1222	807.410213801382	27.423544525395
3	1226	807.66092999364	24.099340885109
3	1234	809.995906193726	21.498333328281
3	1238	813.069656191531	23.326548444408
3	1248	819.459083508486	28.678788357825
3	1252	822.456920205858	25.434456186809
3	1256	823.680382896463	15.783155103752
3	1262	825.902753567344	17.950917095352
3	1272	831.764200185352	17.705225539229
3	1278	840.713054106874	26.279671984705
3	1284	847.897043048845	32.088341555611
3	1290	849.724854888557	24.652038233623
3	1296	852.713679388118	24.40349306353
3	1302	855.198802655085	26.514956879826
3	1306	855.459786202057	24.843361580142
3	1310	855.647413758829	23.31245004062
3	1318	856.723362756216	10.720795058914
3	1326	865.248289855507	16.429652116963
3	1330	867.728801158375	16.92039867545
3	1338	878.747456798037	25.63708065914
3	1344	879.673204583771	23.634339098075
3	1348	879.84144841978	23.285642747872
3	1352	880.652822745834	23.238997045797
3	1356	881.564893012365	23.459644705774
3	1360	883.14343762336	15.120322891807
3	1372	892.102417900475	20.049289441723
3	1380	897.09487019434	17.644386049174
3	1384	898.215105437847	15.066548195239
3	1392	901.453657185878	18.213190464179
3	1396	902.523759279789	18.887778432293
3	1402	907.336227339522	16.954949827354
3	1406	911.770206592896	18.268700538225
3	1410	912.015903262337	16.877444207862
3	1422	917.76871173416	18.675527449503
3	1426	919.861413753298	18.964071468598
3	1432	922.565949002238	19.056995966822
3	1436	923.331284129622	10.400405818091
3	1444	926.36191996936	12.034474316695
3	1452	932.795794736467	17.375050942597
3	1456	933.603667888433	16.427246378264
3	1460	933.863775703188	13.175250818684
3	1468	938.168231772572	14.784125512297
3	1474	941.024564181659	17.48706960243
3	1480	944.475734766031	14.91990905185
3	1484	947.559366450249	16.344058569442
3	1490	948.88869492378	14.916317037391
3	1496	950.503985970297	13.854151275043
3	1502	951.772551552186	13.317228480583
3	1510	953.712090190598	11.20574684795
3	1514	953.896118502555	5.440876679854
3	1518	955.482380210095	6.068338461477
3	1530	976.074538076874	24.461434900242
3	1536	977.489281746217	25.279989472224
3	1540	981.019913164915	28.327190549103
3	1546	981.264225794198	25.548921103907
3	1554	989.764041907296	33.177224348724
3	1560	991.016502500342	33.382350953455
4	144	100.220045977315	0
4	150	102.103231971803	0
4	154	102.108428682002	0
4	160	102.908181298056	0
4	166	110.064962089955	0
4	170	110.581949248023	0
4	176	115.445828368624	0
4	184	120.656121752864	0
4	192	130.959013646739	0
4	198	133.495073926907	0
4	202	134.510898225744	0
4	210	137.211232202021	0
4	216	141.725280767663	0
4	222	145.704846726897	0
4	226	147.467345033973	0
4	230	147.743245978778	0
4	240	156.588260317035	0
4	246	163.327407987204	0
4	252	167.580116382073	0
4	258	170.358586315227	0
4	264	174.635206433029	0
4	268	176.62276320302	0
4	272	178.201311972268	0
4	280	181.156330853846	0
4	284	183.194550142663	0
4	294	190.276105635359	0
4	300	192.033397755484	0
4	306	199.120080485133	0
4	310	199.653809480886	0
4	316	202.211698513576	0
4	324	204.689357240826	0
4	330	214.054765307926	0
4	336	215.357485933947	0
4	342	218.189992463676	0
4	348	229.811466011543	0
4	352	230.492696257985	0
4	358	234.562379262411	0
4	366	251.743692362958	0
4	372	254.220512175446	0
4	378	259.324723606516	0
4	384	262.601672637579	0
4	390	271.37735373798	0
4	396	287.081914191573	0
4	400	288.418067471204	0
4	408	290.894042399847	0
4	414	300.347195032574	0
4	420	312.438084284946	0
4	426	317.106923308672	0
4	432	323.352665764362	0
4	438	335.424012651336	0
4	444	340.380596080127	0
4	448	341.274390711104	0
4	456	347.844962289923	0
4	462	351.897499744156	0
4	468	359.030650437696	0
4	472	359.464319716016	0
4	476	360.072826183517	0
4	480	360.566238936263	0
4	486	362.209740984882	0
4	492	363.246220566826	0
4	504	367.454424692706	0
4	510	369.573014898158	0
4	516	375.151858136188	0
4	520	375.199555090947	0
4	524	375.350160756019	0
4	534	379.475348534093	0
4	540	383.101399785707	0
4	544	384.175644398149	0
4	552	387.995095413223	0
4	556	389.971073498616	0
4	564	394.360421134181	0
4	568	397.199576477138	0
4	574	398.749857317249	0
4	580	400.67909446708	0
4	584	402.642257262501	0
4	594	411.63953681952	0
4	600	415.438645568265	0
4	606	419.964820729422	0
4	610	420.532427650202	0
4	618	421.862703450293	0
4	622	421.974145551367	0
4	628	423.161717808628	0
4	632	424.670752384391	0
4	636	425.054669960807	0
4	642	425.913663399037	0
4	650	427.403582482803	0
4	658	430.269115030638	0
4	664	432.063631858976	0
4	672	437.545870519213	0
4	678	440.179620350689	0
4	682	443.525325989331	0
4	690	458.432327518339	0
4	696	461.111389428361	0
4	700	462.285876066226	0
4	708	477.616089343328	0
4	712	478.304091650314	0
4	720	482.499884013803	0
4	724	482.527970811804	0
4	728	482.898268884718	0
4	736	485.106133221098	0
4	742	488.464406819783	0
4	748	492.636443685451	0
4	752	493.106118072743	0
4	758	494.684254055989	0
4	766	508.758348057707	0
4	772	509.298350761655	0
4	776	509.394872643477	0
4	786	516.768743485758	0
4	790	517.664751375367	0
4	794	519.967839625465	0
4	802	521.069238044327	0
4	806	521.498153290205	0
4	812	522.190912462152	0
4	816	522.370620868223	0
4	824	523.611939484601	0
4	834	531.818624180109	0
4	838	532.566736962629	0
4	842	532.949339101143	0
4	852	537.577606457099	0
4	858	543.845290359729	0
4	862	545.290312570041	0
4	870	551.927689109872	0
4	874	552.132895592833	0
4	880	553.141159040861	0
4	886	557.035496398319	0
4	894	560.127653367453	0
4	900	565.190732053981	0
4	906	573.563086814361	0
4	910	574.456999225458	0
4	916	576.402179714098	0
4	922	578.341867308039	0
4	930	610.728104524157	0
4	936	613.594300283237	0
4	940	614.709747555456	0
4	946	617.546557223547	0
4	950	619.367471332537	0
4	960	623.119751405518	0
4	966	629.228880292956	0
4	970	632.049966932842	0
4	976	634.631797128553	0
4	982	637.722406654916	0
4	986	637.829090861821	0
4	996	640.028110009131	0
4	1002	644.585092171648	0
4	1008	649.583312833844	0
4	1012	652.534130886925	0
4	1020	658.760503589028	0
4	1026	661.473736587014	0
4	1030	664.093203724619	0
4	1036	668.709375027842	0
4	1044	675.829865246748	0
4	1050	676.789666146113	0
4	1056	677.501601426414	0
4	1062	687.527595152835	0
4	1068	695.379861700057	0
4	1072	698.895822268431	0
4	1080	712.297261185326	0
4	1084	713.781275064949	0
4	1090	715.417092809815	0
4	1098	722.013289131323	0
4	1104	731.430108521174	0
4	1110	744.969490162392	0
4	1114	745.559322538393	0
4	1122	747.022000014248	0
4	1126	749.686045601322	0
4	1130	752.8503460736	0
4	1136	752.98565761183	0
4	1146	756.859125793128	0
4	1150	761.950807105065	0
4	1158	765.39955401269	0
4	1164	766.667864336458	0
4	1168	767.654735396385	0
4	1174	767.956620286232	0
4	1182	779.323849660603	0
4	1188	781.021180133841	0
4	1192	783.300763403362	0
4	1198	787.695909479929	0
4	1202	788.205963065213	0
4	1212	796.871273257847	0
4	1218	805.008780942597	0
4	1222	807.410213801382	0
4	1226	807.66092999364	0
4	1234	809.995906193726	0
4	1238	813.069656191531	0
4	1248	819.459083508486	0
4	1252	822.456920205858	0
4	1256	823.680382896463	0
4	1262	825.902753567344	0
4	1272	831.764200185352	0
4	1278	840.713054106874	0
4	1284	847.897043048845	0
4	1290	849.724854888557	0
4	1296	852.713679388118	0
4	1302	855.198802655085	0
4	1306	855.459786202057	0
4	1310	855.647413758829	0
4	1318	856.723362756216	0
4	1326	865.248289855507	0
4	1330	867.728801158375	0
4	1338	878.747456798037	0
4	1344	879.673204583771	0
4	1348	879.84144841978	0
4	1352	880.652822745834	0
4	1356	881.564893012365	0
4	1360	883.14343762336	0
4	1372	892.102417900475	0
4	1380	897.09487019434	0
4	1384	898.215105437847	0
4	1392	901.453657185878	0
4	1396	902.523759279789	0
4	1402	907.336227339522	0
4	1406	911.770206592896	0
4	1410	912.015903262337	0
4	1422	917.76871173416	0
4	1426	919.861413753298	0
4	1432	922.565949002238	0
4	1436	923.331284129622	0
4	1444	926.36191996936	0
4	1452	932.795794736467	0
4	1456	933.603667888433	0
4	1460	933.863775703188	0
4	1468	938.168231772572	0
4	1474	941.024564181659	0
4	1480	944.475734766031	0
4	1484	947.559366450249	0
4	1490	948.88869492378	0
4	1496	950.503985970297	0
4	1502	951.772551552186	0
4	1510	953.712090190598	0
4	1514	953.896118502555	0
4	1518	955.482380210095	0
4	1530	976.074538076874	0
4	1536	977.489281746217	0
4	1540	981.019913164915	0
4	1546	981.264225794198	0
4	1554	989.764041907296	0
4	1560	991.016502500342	0
5	146	100.220045977315	1
5	147	102.024587073565	0
5	152	102.103231971803	1
5	156	102.108428682002	2
5	157	102.640157585654	1
5	162	102.908181298056	2
5	163	106.61530028664	1
5	168	110.064962089955	2
5	172	110.581949248023	3
5	173	110.59025192397	2
5	178	115.445828368624	3
5	179	115.553167454913	2
5	181	115.576432699501	1
5	186	120.656121752864	2
5	187	122.95254468422	1
5	189	124.489225312768	0
5	194	130.959013646739	1
5	195	131.505378834016	0
5	200	133.495073926907	1
5	204	134.510898225744	2
5	205	134.601361523895	1
5	207	134.649226114472	0
5	212	137.211232202021	1
5	213	138.028927435269	0
5	218	141.725280767663	1
5	219	145.095544042619	0
5	224	145.704846726897	1
5	228	147.467345033973	2
5	232	147.743245978778	3
5	233	148.940000759805	2
5	235	150.279899222025	1
5	237	151.03165946122	0
5	242	156.588260317035	1
5	243	158.632105081403	0
5	248	163.327407987204	1
5	249	165.555185251517	0
5	254	167.580116382073	1
5	255	168.643895918084	0
5	260	170.358586315227	1
5	261	172.224462069012	0
5	266	174.635206433029	1
5	270	176.62276320302	2
5	274	178.201311972268	3
5	275	178.709021995877	2
5	277	179.72416654479	1
5	282	181.156330853846	2
5	286	183.194550142663	3
5	287	185.061146380707	2
5	289	187.191487610802	1
5	291	189.165129536071	0
5	296	190.276105635359	1
5	297	190.355659792157	0
5	302	192.033397755484	1
5	303	193.060941287169	0
5	308	199.120080485133	1
5	312	199.653809480886	2
5	313	201.486408580814	1
5	318	202.211698513576	2
5	319	202.232556275365	1
5	321	203.788755882253	0
5	326	204.689357240826	1
5	327	206.320103448401	0
5	332	214.054765307926	1
5	333	215.259220844801	0
5	338	215.357485933947	1
5	339	218.137661835344	0
5	344	218.189992463676	1
5	345	219.367435533773	0
5	350	229.811466011543	1
5	354	230.492696257985	2
5	355	233.154581448755	1
5	360	234.562379262411	2
5	361	234.983933176585	1
5	363	241.741322957923	0
5	368	251.743692362958	1
5	369	253.951716774924	0
5	374	254.220512175446	1
5	375	255.549912154652	0
5	380	259.324723606516	1
5	381	259.370064448721	0
5	386	262.601672637579	1
5	387	262.905877403681	0
5	392	271.37735373798	1
5	393	275.978047096295	0
5	398	287.081914191573	1
5	402	288.418067471204	2
5	403	288.752538821353	1
5	405	289.079827275903	0
5	410	290.894042399847	1
5	411	293.829350912679	0
5	416	300.347195032574	1
5	417	303.414557526188	0
5	422	312.438084284946	1
5	423	313.385105916319	0
5	428	317.106923308672	1
5	429	317.524081221573	0
5	434	323.352665764362	1
5	435	325.272754180798	0
5	440	335.424012651336	1
5	441	336.909984227924	0
5	446	340.380596080127	1
5	450	341.274390711104	2
5	451	341.938581652156	1
5	453	342.689922079056	0
5	458	347.844962289923	1
5	459	348.881636395425	0
5	464	351.897499744156	1
5	465	354.312301956993	0
5	470	359.030650437696	1
5	474	359.464319716016	2
5	478	360.072826183517	3
5	482	360.566238936263	4
5	483	360.723253767511	3
5	488	362.209740984882	4
5	489	363.22805494702	3
5	494	363.246220566826	4
5	495	363.692486535804	3
5	497	363.954582282011	2
5	499	364.058441468304	1
5	501	365.060055500105	0
5	506	367.454424692706	1
5	507	369.558649442555	0
5	512	369.573014898158	1
5	513	370.001596837069	0
5	518	375.151858136188	1
5	522	375.199555090947	2
5	526	375.350160756019	3
5	527	375.48096186749	2
5	529	375.715780594286	1
5	531	376.044512806878	0
5	536	379.475348534093	1
5	537	380.245398568092	0
5	542	383.101399785707	1
5	546	384.175644398149	2
5	547	386.049750245469	1
5	549	387.193659233046	0
5	554	387.995095413223	1
5	558	389.971073498616	2
5	559	390.278985969642	1
5	561	393.959517715308	0
5	566	394.360421134181	1
5	570	397.199576477138	2
5	571	398.608897086163	1
5	576	398.749857317249	2
5	577	399.425305987431	1
5	582	400.67909446708	2
5	586	402.642257262501	3
5	587	403.652932592746	2
5	589	405.294375882839	1
5	591	407.031132843705	0
5	596	411.63953681952	1
5	597	414.839546777491	0
5	602	415.438645568265	1
5	603	416.467960332786	0
5	608	419.964820729422	1
5	612	420.532427650202	2
5	613	420.940936785038	1
5	615	421.439690229539	0
5	620	421.862703450293	1
5	624	421.974145551367	2
5	625	422.580566117637	1
5	630	423.161717808628	2
5	634	424.670752384391	3
5	638	425.054669960807	4
5	639	425.756163801977	3
5	644	425.913663399037	4
5	645	426.194294196631	3
5	647	426.210650403542	2
5	652	427.403582482803	3
5	653	427.668397772065	2
5	655	427.813540571389	1
5	660	430.269115030638	2
5	661	431.835156602857	1
5	666	432.063631858976	2
5	667	432.819493500959	1
5	669	434.533831975432	0
5	674	437.545870519213	1
5	675	439.821133001916	0
5	680	440.179620350689	1
5	684	443.525325989331	2
5	685	445.505725457152	1
5	687	446.305982408129	0
5	692	458.432327518339	1
5	693	459.047463033277	0
5	698	461.111389428361	1
5	702	462.285876066226	2
5	703	462.551835109827	1
5	705	463.285867117817	0
5	710	477.616089343328	1
5	714	478.304091650314	2
5	715	479.182368228479	1
5	717	481.261316489007	0
5	722	482.499884013803	1
5	726	482.527970811804	2
5	730	482.898268884718	3
5	731	483.036780244284	2
5	733	483.501232728315	1
5	738	485.106133221098	2
5	739	486.798671253167	1
5	744	488.464406819783	2
5	745	490.642901175959	1
5	750	492.636443685451	2
5	754	493.106118072743	3
5	755	493.676941530677	2
5	760	494.684254055989	3
5	761	495.843091337204	2
5	763	496.691402376165	1
5	768	508.758348057707	2
5	769	509.279924555686	1
5	774	509.298350761655	2
5	778	509.394872643477	3
5	779	510.542268914065	2
5	781	510.920208312799	1
5	783	511.470431094865	0
5	788	516.768743485758	1
5	792	517.664751375367	2
5	796	519.967839625465	3
5	797	520.1081986302	2
5	799	520.210716355829	1
5	804	521.069238044327	2
5	808	521.498153290205	3
5	809	521.747367482347	2
5	814	522.190912462152	3
5	818	522.370620868223	4
5	819	523.062582485271	3
5	821	523.573364765822	2
5	826	523.611939484601	3
5	827	526.446200081796	2
5	829	528.240770721725	1
5	831	530.612620823532	0
5	836	531.818624180109	1
5	840	532.566736962629	2
5	844	532.949339101143	3
5	845	533.084347754537	2
5	847	533.462699278773	1
5	849	534.361750868295	0
5	854	537.577606457099	1
5	855	537.598214588092	0
5	860	543.845290359729	1
5	864	545.290312570041	2
5	865	545.975257258921	1
5	867	546.767515261261	0
5	872	551.927689109872	1
5	876	552.132895592833	2
5	877	552.643596973623	1
5	882	553.141159040861	2
5	883	554.518469721456	1
5	888	557.035496398319	2
5	889	557.068973263933	1
5	891	559.856842293952	0
5	896	560.127653367453	1
5	897	564.452772343762	0
5	902	565.190732053981	1
5	903	569.639904690541	0
5	908	573.563086814361	1
5	912	574.456999225458	2
5	913	576.11454116335	1
5	918	576.402179714098	2
5	919	576.428325271612	1
5	924	578.341867308039	2
5	925	578.795036992187	1
5	927	586.42533038638	0
5	932	610.728104524157	1
5	933	611.449045871381	0
5	938	613.594300283237	1
5	942	614.709747555456	2
5	943	615.483803696855	1
5	948	617.546557223547	2
5	952	619.367471332537	3
5	953	619.66228478502	2
5	955	620.304409597533	1
5	957	620.968529764383	0
5	962	623.119751405518	1
5	963	624.501197960917	0
5	968	629.228880292956	1
5	972	632.049966932842	2
5	973	632.728196054681	1
5	978	634.631797128553	2
5	979	634.965401299112	1
5	984	637.722406654916	2
5	988	637.829090861821	3
5	989	637.988245666196	2
5	991	637.990996699446	1
5	993	639.30277435659	0
5	998	640.028110009131	1
5	999	641.505252752395	0
5	1004	644.585092171648	1
5	1005	646.523696722807	0
5	1010	649.583312833844	1
5	1014	652.534130886925	2
5	1015	653.939180369315	1
5	1017	655.015810417474	0
5	1022	658.760503589028	1
5	1023	659.474192513994	0
5	1028	661.473736587014	1
5	1032	664.093203724619	2
5	1033	664.723628697079	1
5	1038	668.709375027842	2
5	1039	668.993403140922	1
5	1041	669.519734929398	0
5	1046	675.829865246748	1
5	1047	676.285994181529	0
5	1052	676.789666146113	1
5	1053	677.421222560927	0
5	1058	677.501601426414	1
5	1059	681.117189323159	0
5	1064	687.527595152835	1
5	1065	690.040189736825	0
5	1070	695.379861700057	1
5	1074	698.895822268431	2
5	1075	699.167470409301	1
5	1077	699.445551628026	0
5	1082	712.297261185326	1
5	1086	713.781275064949	2
5	1087	714.253814148712	1
5	1092	715.417092809815	2
5	1093	717.828025387716	1
5	1095	719.367099135784	0
5	1100	722.013289131323	1
5	1101	728.240473119771	0
5	1106	731.430108521174	1
5	1107	731.565179324532	0
5	1112	744.969490162392	1
5	1116	745.559322538393	2
5	1117	745.981201800297	1
5	1119	746.652320491667	0
5	1124	747.022000014248	1
5	1128	749.686045601322	2
5	1132	752.8503460736	3
5	1133	752.865760436899	2
5	1138	752.98565761183	3
5	1139	753.577640554355	2
5	1141	754.1528452099	1
5	1143	754.662214494786	0
5	1148	756.859125793128	1
5	1152	761.950807105065	2
5	1153	762.235323700982	1
5	1155	762.239590291664	0
5	1160	765.39955401269	1
5	1161	766.048150734836	0
5	1166	766.667864336458	1
5	1170	767.654735396385	2
5	1171	767.681300548555	1
5	1176	767.956620286232	2
5	1177	768.516622803748	1
5	1179	770.113116232407	0
5	1184	779.323849660603	1
5	1185	779.986669275987	0
5	1190	781.021180133841	1
5	1194	783.300763403362	2
5	1195	783.561589108531	1
5	1200	787.695909479929	2
5	1204	788.205963065213	3
5	1205	788.497572865445	2
5	1207	789.743107747123	1
5	1209	790.780295150661	0
5	1214	796.871273257847	1
5	1215	797.022464019049	0
5	1220	805.008780942597	1
5	1224	807.410213801382	2
5	1228	807.66092999364	3
5	1229	807.897227792711	2
5	1231	807.951836471992	1
5	1236	809.995906193726	2
5	1240	813.069656191531	3
5	1241	814.058974646123	2
5	1243	814.433382122169	1
5	1245	815.808701493234	0
5	1250	819.459083508486	1
5	1254	822.456920205858	2
5	1258	823.680382896463	3
5	1259	825.072816654934	2
5	1264	825.902753567344	3
5	1265	828.310186324588	2
5	1267	828.683845775259	1
5	1269	830.616424621915	0
5	1274	831.764200185352	1
5	1275	832.334963718209	0
5	1280	840.713054106874	1
5	1281	846.002567697302	0
5	1286	847.897043048845	1
5	1287	848.818637738544	0
5	1292	849.724854888557	1
5	1293	850.808402482925	0
5	1298	852.713679388118	1
5	1299	853.110376138897	0
5	1304	855.198802655085	1
5	1308	855.459786202057	2
5	1312	855.647413758829	3
5	1313	856.038865485696	2
5	1315	856.555805671908	1
5	1320	856.723362756216	2
5	1321	857.413825700037	1
5	1323	858.105248306591	0
5	1328	865.248289855507	1
5	1332	867.728801158375	2
5	1333	868.023114731553	1
5	1335	872.053128458752	0
5	1340	878.747456798037	1
5	1341	879.450484145166	0
5	1346	879.673204583771	1
5	1350	879.84144841978	2
5	1354	880.652822745834	3
5	1358	881.564893012365	4
5	1362	883.14343762336	5
5	1363	883.148557242608	4
5	1365	883.240466721699	3
5	1367	883.635980847496	2
5	1369	890.381277512168	1
5	1374	892.102417900475	2
5	1375	893.501506054671	1
5	1377	895.138459054475	0
5	1382	897.09487019434	1
5	1386	898.215105437847	2
5	1387	899.093184284657	1
5	1389	900.8973422847	0
5	1394	901.453657185878	1
5	1398	902.523759279789	2
5	1399	903.508953035416	1
5	1404	907.336227339522	2
5	1408	911.770206592896	3
5	1412	912.015903262337	4
5	1413	912.930878311531	3
5	1415	914.327445652665	2
5	1417	915.42074379387	1
5	1419	917.176421510169	0
5	1424	917.76871173416	1
5	1428	919.861413753298	2
5	1429	920.688524884504	1
5	1434	922.565949002238	2
5	1438	923.331284129622	3
5	1439	923.384106260275	2
5	1441	923.537494579229	1
5	1446	926.36191996936	2
5	1447	929.555825714181	1
5	1449	931.215307880807	0
5	1454	932.795794736467	1
5	1458	933.603667888433	2
5	1462	933.863775703188	3
5	1463	933.972377886389	2
5	1465	936.649834695254	1
5	1470	938.168231772572	2
5	1471	938.455323071603	1
5	1476	941.024564181659	2
5	1477	942.506343342648	1
5	1482	944.475734766031	2
5	1486	947.559366450249	3
5	1487	948.455241822701	2
5	1492	948.88869492378	3
5	1493	949.414041748618	2
5	1498	950.503985970297	3
5	1499	951.613103176632	2
5	1504	951.772551552186	3
5	1505	952.209292273993	2
5	1507	952.692722615812	1
5	1512	953.712090190598	2
5	1516	953.896118502555	3
5	1520	955.482380210095	4
5	1521	955.715304690291	3
5	1523	956.586817558572	2
5	1525	957.634151546887	1
5	1527	959.987105277292	0
5	1532	976.074538076874	1
5	1533	976.975445001728	0
5	1538	977.489281746217	1
5	1542	981.019913164915	2
5	1543	981.044650372989	1
5	1548	981.264225794198	2
5	1549	983.294039821167	1
5	1551	988.130969985562	0
5	1556	989.764041907296	1
5	1557	990.703397008397	0
5	1562	991.016502500342	1

