version 3
run General-37-20221103-10:28:22-6760
attr configname General
attr datetime 20221103-10:28:22
attr datetimef 20221103-102822
attr experiment General
attr inifile block.ini
attr iterationvars "$0=4, $1=20"
attr iterationvarsd 4/20
attr iterationvarsf 4,20-
attr measurement "$0=4, $1=20"
attr network Block
attr processid 6760
attr repetition 2
attr replication #2
attr resultdir results
attr runnumber 37
attr seedset 37
config network Block
config repeat 5
config sim-time-limit 1000s
config warmup-period 100s
config **.alloca.resourceModuleName "\"risorse\""
config **.dealloca.resourceModuleName "\"risorse\""
config **.is.delay exponential(3s)
config **.servente.serviceTime exponential(4s)
config **.dealloca.resourceAmount 2
config **.alloca.resourceAmount 2
config **.risorse.amount 6
config **.sorgente.numJobs (20)
config **.result-recording-modes all

vector 0 Block.is delayedJobs:vector ETV
attr interpolationmode sample-hold
attr recordingmode vector
attr title "number of delayed jobs"
vector 1 Block.alloca queueLength:vector ETV
attr interpolationmode sample-hold
attr recordingmode vector
attr title "queue length"
vector 2 Block.servente queueLength:vector ETV
attr interpolationmode sample-hold
attr recordingmode vector
attr title "queue length"
vector 3 Block.servente queueingTime:vector ETV
attr interpolationmode none
attr recordingmode vector
attr title "queueing time at dequeue"
attr unit s
vector 4 Block.alloca queueingTime:vector ETV
attr interpolationmode none
attr recordingmode vector
attr title "queueing time at dequeue"
attr unit s
vector 5 Block.risorse amount:vector ETV
attr interpolationmode sample-hold
attr recordingmode vector
attr title "available resource"
0	235	100.483553130808	1
0	237	103.40173251032	0
0	242	109.528418498267	1
0	243	109.539249696052	0
0	248	116.695584909073	1
0	252	117.450986137156	2
0	256	117.621612815158	3
0	257	118.573359702636	2
0	259	118.683252470238	1
0	261	119.921344409562	0
0	266	129.302562630819	1
0	270	135.099605340393	2
0	271	137.586516611661	1
0	273	141.375475562128	0
0	278	142.815927498739	1
0	282	146.314496598742	2
0	283	146.999806735917	1
0	285	148.190940742053	0
0	290	156.822052075736	1
0	294	160.065711771569	2
0	295	160.184184634811	1
0	297	160.473232832179	0
0	302	164.679623844557	1
0	306	165.513804623316	2
0	310	165.87288505265	3
0	311	167.142712963293	2
0	313	168.09512750775	1
0	318	169.076007719051	2
0	322	170.416935109721	3
0	323	172.867643600181	2
0	325	177.786102928841	1
0	330	179.058916505192	2
0	331	181.66623880864	1
0	333	181.740409071219	0
0	338	183.358231548022	1
0	342	184.552864016005	2
0	346	185.991459122908	3
0	347	187.198948675814	2
0	349	187.207857198595	1
0	354	188.865209913814	2
0	358	190.50484562409	3
0	359	190.799777288141	2
0	361	192.261343807961	1
0	363	194.467871516214	0
0	368	196.26501194901	1
0	372	200.083562044475	2
0	373	200.193536444438	1
0	378	202.307544041916	2
0	379	203.063339144449	1
0	384	203.160989411516	2
0	388	203.247562680085	3
0	389	204.389549389076	2
0	391	206.76839961826	1
0	393	208.272210834499	0
0	398	212.106038969016	1
0	399	213.733017768398	0
0	404	216.217208653884	1
0	405	216.904175023485	0
0	410	219.110122689306	1
0	411	219.231446302505	0
0	416	220.171001671575	1
0	417	222.901336404917	0
0	422	222.981207560329	1
0	426	227.184973508701	2
0	430	229.313174462064	3
0	434	230.06969719893	4
0	435	231.42047465198	3
0	440	232.194771508659	4
0	444	234.412723871645	5
0	445	234.816330357081	4
0	447	234.827082857421	3
0	452	235.613758035978	4
0	453	235.986709173071	3
0	455	237.285434720377	2
0	457	237.862328285542	1
0	462	238.068674779248	2
0	463	238.290810204342	1
0	468	238.844090719171	2
0	472	241.952306401381	3
0	473	242.331997995154	2
0	478	243.641340505183	3
0	479	243.862621001862	2
0	481	246.123368220347	1
0	486	246.897567418439	2
0	490	247.636995926111	3
0	491	248.201628672662	2
0	493	248.809902121874	1
0	498	248.867324918895	2
0	499	248.889934109374	1
0	501	249.310909230186	0
0	506	250.339014981302	1
0	507	252.048566228076	0
0	512	257.242243723272	1
0	516	259.264185108825	2
0	520	261.563178983429	3
0	524	261.851201262857	4
0	525	262.186191335516	3
0	530	262.48540768376	4
0	531	262.748909208809	3
0	536	262.942133916071	4
0	537	263.230970226172	3
0	539	263.984224121367	2
0	544	265.617312466736	3
0	545	266.220148987822	2
0	550	266.249929410556	3
0	551	266.261291994192	2
0	553	266.639639455101	1
0	558	266.751894294533	2
0	559	268.069463592243	1
0	561	269.131320223243	0
0	566	274.202542116973	1
0	567	275.28263404539	0
0	572	276.882337685442	1
0	573	278.274682471609	0
0	578	278.635197788319	1
0	582	279.223584096377	2
0	583	281.51202163435	1
0	585	281.625010350591	0
0	590	289.449230695554	1
0	591	291.017130063741	0
0	596	301.90247847551	1
0	597	303.229423017109	0
0	602	306.840018781284	1
0	603	308.667683302687	0
0	608	314.831386639371	1
0	612	317.12784399801	2
0	613	317.661080752937	1
0	615	317.970931733471	0
0	620	319.738996619797	1
0	624	319.979076411259	2
0	628	321.791313878133	3
0	629	322.697972322737	2
0	634	323.40821168915	3
0	635	323.413335656793	2
0	637	324.346216126764	1
0	642	326.813146652735	2
0	643	328.432445094787	1
0	645	330.326132151392	0
0	650	330.791386430314	1
0	654	332.314138545914	2
0	655	335.682278770195	1
0	657	336.251653971155	0
0	662	336.801585956145	1
0	663	337.371194185603	0
0	668	341.805950561051	1
0	669	343.725898061522	0
0	674	346.823115162882	1
0	678	347.191669838845	2
0	682	347.879277956958	3
0	683	348.165740560337	2
0	685	348.947558296726	1
0	687	350.632675811833	0
0	692	352.335859946693	1
0	693	352.348216809425	0
0	698	354.38447709025	1
0	699	356.568816478833	0
0	704	368.024582736403	1
0	705	368.269675216954	0
0	710	370.013650078589	1
0	711	371.895685585674	0
0	716	376.507089531122	1
0	717	376.58247674977	0
0	722	377.988063975287	1
0	726	379.062681818254	2
0	727	379.595838206169	1
0	732	380.476351731975	2
0	733	382.976618446521	1
0	735	391.615710271842	0
0	740	393.722002035948	1
0	744	397.263925092687	2
0	745	398.660040708859	1
0	747	401.450906325039	0
0	752	404.329767086186	1
0	753	406.909213469202	0
0	758	408.331111959235	1
0	759	412.415016138644	0
0	764	413.305523062436	1
0	768	415.2836426617	2
0	769	416.809507960173	1
0	774	418.363517568272	2
0	775	418.373778795842	1
0	777	420.33276624753	0
0	782	420.674493054976	1
0	786	420.750692285097	2
0	790	421.033692279878	3
0	791	421.094389618546	2
0	796	422.108676944921	3
0	797	422.915649711222	2
0	799	425.787235526719	1
0	801	426.100240428599	0
0	806	430.134119098603	1
0	807	430.237013206932	0
0	812	433.079349917109	1
0	813	433.21472208798	0
0	818	439.724350304981	1
0	819	440.28217077731	0
0	824	441.314256420512	1
0	825	442.127557458838	0
0	830	451.707790884789	1
0	834	452.030278104043	2
0	835	455.015871009748	1
0	840	456.660159253899	2
0	844	458.287081971314	3
0	845	458.932649764553	2
0	847	460.143459125053	1
0	849	462.391441640143	0
0	854	465.528264206752	1
0	858	466.148481559191	2
0	859	466.694102376206	1
0	864	467.359610120946	2
0	865	469.404693786093	1
0	870	470.874737515566	2
0	871	475.003115196795	1
0	876	475.507685412486	2
0	877	476.047835684402	1
0	879	476.111850262482	0
0	884	483.307243855391	1
0	885	485.317143262925	0
0	890	488.883698823638	1
0	894	490.689249406693	2
0	898	490.900569218224	3
0	899	491.028341484469	2
0	901	492.064042202165	1
0	903	492.526457296147	0
0	908	496.659497287352	1
0	912	499.055992866034	2
0	913	499.91587973334	1
0	918	502.353751212651	2
0	919	502.867673672889	1
0	924	506.904005898569	2
0	925	508.099311943406	1
0	930	510.393023035637	2
0	931	510.876217931529	1
0	933	514.238398733729	0
0	938	514.38780773087	1
0	939	517.291024018234	0
0	944	520.937787479033	1
0	948	520.975683200327	2
0	952	524.570442199602	3
0	956	524.801843589554	4
0	957	524.847268285335	3
0	959	525.366469406301	2
0	964	525.809808862424	3
0	965	525.974417749076	2
0	970	526.150033441189	3
0	971	526.57714325576	2
0	973	526.665984115274	1
0	978	527.605235030915	2
0	982	527.606563459033	3
0	983	529.020949025529	2
0	985	531.806704435398	1
0	987	539.634811846987	0
0	992	540.176406779166	1
0	993	542.376011534504	0
0	998	546.738738740053	1
0	1002	547.595848582793	2
0	1006	549.734612294346	3
0	1007	549.879467328134	2
0	1009	550.584264124367	1
0	1011	551.679964412521	0
0	1016	553.605899496918	1
0	1017	556.764325043784	0
0	1022	558.324186472488	1
0	1023	561.117364495142	0
0	1028	563.285547902869	1
0	1029	564.86443566302	0
0	1034	565.974347893476	1
0	1038	566.107071791626	2
0	1039	567.176115457853	1
0	1041	569.143824061948	0
0	1046	571.561644011759	1
0	1047	572.881226999553	0
0	1052	572.98055978218	1
0	1053	574.415173660907	0
0	1058	577.16082219974	1
0	1059	578.81711352768	0
0	1064	593.323502331965	1
0	1065	593.754982539607	0
0	1070	598.39104771323	1
0	1074	598.773062461072	2
0	1075	598.9970115476	1
0	1077	599.369471402949	0
0	1082	600.77102828268	1
0	1083	601.615502518935	0
0	1088	604.916038239731	1
0	1089	607.424852543725	0
0	1094	609.626009542764	1
0	1095	611.146151724503	0
0	1100	614.178446986059	1
0	1104	615.263574142243	2
0	1105	615.509268702759	1
0	1107	616.719948378047	0
0	1112	618.323051195285	1
0	1113	619.324971045396	0
0	1118	621.443211028414	1
0	1122	622.257049491531	2
0	1123	622.999086143301	1
0	1128	625.649027777577	2
0	1129	625.665726357453	1
0	1131	625.881799508909	0
0	1136	638.824879940751	1
0	1137	640.252147794216	0
0	1142	642.537822625293	1
0	1146	644.826138057824	2
0	1150	646.015162740615	3
0	1151	646.094698406446	2
0	1153	646.671809751109	1
0	1158	648.677078576841	2
0	1159	653.22130597926	1
0	1161	657.643886233138	0
0	1166	669.021113353765	1
0	1170	671.440192970382	2
0	1171	671.872838910012	1
0	1176	673.736323190893	2
0	1177	674.016859599891	1
0	1179	674.159895407089	0
0	1184	678.516363321996	1
0	1185	680.283145150862	0
0	1190	685.854761892165	1
0	1191	689.164461789864	0
0	1196	694.959026551051	1
0	1197	695.031455300862	0
0	1202	695.411148334958	1
0	1206	695.460947219775	2
0	1207	695.796471745612	1
0	1212	701.337081779074	2
0	1216	701.768791652164	3
0	1217	701.881905095294	2
0	1219	702.353504352206	1
0	1221	703.402344856462	0
0	1226	707.410776561597	1
0	1227	708.880486030692	0
0	1232	712.600492300898	1
0	1233	713.704851884322	0
0	1238	717.037162610023	1
0	1242	718.895332278301	2
0	1243	720.742441825264	1
0	1245	720.752278018959	0
0	1250	724.123195561275	1
0	1254	727.886698531655	2
0	1255	728.887052538609	1
0	1257	731.089791843401	0
0	1262	731.364400421186	1
0	1263	732.199984821427	0
0	1268	733.067982886789	1
0	1272	738.571587070435	2
0	1273	738.61967959896	1
0	1278	739.018909799294	2
0	1279	739.438204631391	1
0	1281	740.449876102361	0
0	1286	741.547645075049	1
0	1290	745.289172938684	2
0	1291	747.006494611925	1
0	1296	747.140647337964	2
0	1297	749.618382706523	1
0	1299	750.637933280946	0
0	1304	754.490652191157	1
0	1308	756.556624302607	2
0	1309	758.742449046164	1
0	1314	759.772055684708	2
0	1315	761.157866054427	1
0	1317	762.813893347239	0
0	1322	770.090661268987	1
0	1326	770.355768152136	2
0	1327	771.507329737116	1
0	1329	772.016243138466	0
0	1334	776.277011307578	1
0	1335	780.263164349156	0
0	1340	782.152638783632	1
0	1344	782.263385787657	2
0	1345	783.188842688778	1
0	1350	783.386748864082	2
0	1351	783.82742178737	1
0	1356	784.954653138521	2
0	1357	785.094238488545	1
0	1359	789.257969166612	0
0	1364	790.699461134544	1
0	1368	791.066390782379	2
0	1369	791.165496206367	1
0	1371	791.920551948202	0
0	1376	792.336415349135	1
0	1380	798.386466849847	2
0	1381	799.405727167726	1
0	1386	799.523463960919	2
0	1387	801.381843751324	1
0	1392	803.727422125083	2
0	1396	803.948349890371	3
0	1397	806.010276778439	2
0	1399	806.064103487527	1
0	1404	807.490166145168	2
0	1408	808.244522074896	3
0	1412	808.383500403518	4
0	1416	808.935232063385	5
0	1417	809.654923160191	4
0	1419	809.747952991638	3
0	1421	812.775380632998	2
0	1426	813.887070615979	3
0	1427	814.531929715139	2
0	1429	815.739964034869	1
0	1431	815.914201539118	0
0	1436	828.450235732575	1
0	1437	828.669507385029	0
0	1442	829.316072281584	1
0	1443	830.805707484665	0
0	1448	833.554975145418	1
0	1452	840.571369239842	2
0	1453	840.931017901518	1
0	1458	842.296939853559	2
0	1462	842.64153839265	3
0	1463	842.832017664433	2
0	1465	843.059785204766	1
0	1470	845.209461947482	2
0	1474	848.673988724899	3
0	1478	848.674619335868	4
0	1479	849.912893257814	3
0	1484	850.177541941673	4
0	1488	850.189173052127	5
0	1489	851.804487681066	4
0	1491	853.221202192165	3
0	1493	854.981139020088	2
0	1495	855.04747053368	1
0	1497	855.292250490913	0
0	1502	855.928382249942	1
0	1503	856.214360627144	0
0	1508	856.909035541528	1
0	1512	858.381949312896	2
0	1516	858.590479490438	3
0	1520	859.185621615873	4
0	1521	859.83799157596	3
0	1523	860.403565445508	2
0	1525	863.190681226879	1
0	1527	865.151651258985	0
0	1532	870.428150024771	1
0	1533	870.528603845062	0
0	1538	871.385128760067	1
0	1539	873.239406255046	0
0	1544	875.404495685638	1
0	1545	876.41320313928	0
0	1550	879.121724327471	1
0	1551	879.368894114609	0
0	1556	880.646352647657	1
0	1557	882.009795649615	0
0	1562	883.843887377517	1
0	1563	884.463294314111	0
0	1568	887.874313555842	1
0	1572	888.814969790229	2
0	1573	891.227623936361	1
0	1575	892.796631550207	0
0	1580	893.531881345251	1
0	1584	893.565232622582	2
0	1585	893.933353507799	1
0	1587	894.76196956428	0
0	1592	895.77750943619	1
0	1593	895.954249562632	0
0	1598	896.691254679829	1
0	1602	897.334275168771	2
0	1603	899.82092767259	1
0	1605	903.072989219832	0
0	1610	912.53132874322	1
0	1611	913.153634058366	0
0	1616	917.146630792198	1
0	1617	918.07918043468	0
0	1622	925.153686258567	1
0	1626	925.43461118322	2
0	1627	926.011629121989	1
0	1632	927.892548244597	2
0	1633	928.614165192807	1
0	1638	930.574290560556	2
0	1642	932.776898031189	3
0	1643	932.836306990952	2
0	1645	935.580500158703	1
0	1650	937.290315934304	2
0	1651	937.360569106224	1
0	1656	937.501369240158	2
0	1657	938.410311885773	1
0	1662	939.866174659335	2
0	1663	940.632640270507	1
0	1665	941.421206867601	0
0	1670	949.783503570161	1
0	1671	951.323287313234	0
0	1676	958.288255291489	1
0	1677	958.600078982594	0
0	1682	962.74603979792	1
0	1686	963.0758289046	2
0	1687	963.606942674446	1
0	1689	967.095624383967	0
0	1694	981.712756990545	1
0	1698	984.380408138346	2
0	1699	984.965072709532	1
0	1701	985.625427460649	0
0	1706	988.001414660015	1
0	1707	988.838463046703	0
0	1712	996.775779839597	1
0	1716	996.876817640766	2
0	1717	997.620238166154	1
0	1719	998.935397819094	0
1	236	100.483553130808	16
1	238	103.40173251032	17
1	240	109.528418498267	16
1	244	109.539249696052	17
1	246	116.695584909073	16
1	250	117.450986137156	15
1	254	117.621612815158	14
1	258	118.573359702636	15
1	260	118.683252470238	16
1	262	119.921344409562	17
1	264	129.302562630819	16
1	268	135.099605340393	15
1	272	137.586516611661	16
1	274	141.375475562128	17
1	276	142.815927498739	16
1	280	146.314496598742	15
1	284	146.999806735917	16
1	286	148.190940742053	17
1	288	156.822052075736	16
1	292	160.065711771569	15
1	296	160.184184634811	16
1	298	160.473232832179	17
1	300	164.679623844557	16
1	304	165.513804623316	15
1	308	165.87288505265	14
1	312	167.142712963293	15
1	314	168.09512750775	16
1	316	169.076007719051	15
1	320	170.416935109721	14
1	324	172.867643600181	15
1	326	177.786102928841	16
1	328	179.058916505192	15
1	332	181.66623880864	16
1	334	181.740409071219	17
1	336	183.358231548022	16
1	340	184.552864016005	15
1	344	185.991459122908	14
1	348	187.198948675814	15
1	350	187.207857198595	16
1	352	188.865209913814	15
1	356	190.50484562409	14
1	360	190.799777288141	15
1	362	192.261343807961	16
1	364	194.467871516214	17
1	366	196.26501194901	16
1	370	200.083562044475	15
1	374	200.193536444438	16
1	376	202.307544041916	15
1	380	203.063339144449	16
1	382	203.160989411516	15
1	386	203.247562680085	14
1	390	204.389549389076	15
1	392	206.76839961826	16
1	394	208.272210834499	17
1	396	212.106038969016	16
1	400	213.733017768398	17
1	402	216.217208653884	16
1	406	216.904175023485	17
1	408	219.110122689306	16
1	412	219.231446302505	17
1	414	220.171001671575	16
1	418	222.901336404917	17
1	420	222.981207560329	16
1	424	227.184973508701	15
1	428	229.313174462064	14
1	432	230.06969719893	13
1	436	231.42047465198	14
1	438	232.194771508659	13
1	442	234.412723871645	12
1	446	234.816330357081	13
1	448	234.827082857421	14
1	450	235.613758035978	13
1	454	235.986709173071	14
1	456	237.285434720377	15
1	458	237.862328285542	16
1	460	238.068674779248	15
1	464	238.290810204342	16
1	466	238.844090719171	15
1	470	241.952306401381	14
1	474	242.331997995154	15
1	476	243.641340505183	14
1	480	243.862621001862	15
1	482	246.123368220347	16
1	484	246.897567418439	15
1	488	247.636995926111	14
1	492	248.201628672662	15
1	494	248.809902121874	16
1	496	248.867324918895	15
1	500	248.889934109374	16
1	502	249.310909230186	17
1	504	250.339014981302	16
1	508	252.048566228076	17
1	510	257.242243723272	16
1	514	259.264185108825	15
1	518	261.563178983429	14
1	522	261.851201262857	13
1	526	262.186191335516	14
1	528	262.48540768376	13
1	532	262.748909208809	14
1	534	262.942133916071	13
1	538	263.230970226172	14
1	540	263.984224121367	15
1	542	265.617312466736	14
1	546	266.220148987822	15
1	548	266.249929410556	14
1	552	266.261291994192	15
1	554	266.639639455101	16
1	556	266.751894294533	15
1	560	268.069463592243	16
1	562	269.131320223243	17
1	564	274.202542116973	16
1	568	275.28263404539	17
1	570	276.882337685442	16
1	574	278.274682471609	17
1	576	278.635197788319	16
1	580	279.223584096377	15
1	584	281.51202163435	16
1	586	281.625010350591	17
1	588	289.449230695554	16
1	592	291.017130063741	17
1	594	301.90247847551	16
1	598	303.229423017109	17
1	600	306.840018781284	16
1	604	308.667683302687	17
1	606	314.831386639371	16
1	610	317.12784399801	15
1	614	317.661080752937	16
1	616	317.970931733471	17
1	618	319.738996619797	16
1	622	319.979076411259	15
1	626	321.791313878133	14
1	630	322.697972322737	15
1	632	323.40821168915	14
1	636	323.413335656793	15
1	638	324.346216126764	16
1	640	326.813146652735	15
1	644	328.432445094787	16
1	646	330.326132151392	17
1	648	330.791386430314	16
1	652	332.314138545914	15
1	656	335.682278770195	16
1	658	336.251653971155	17
1	660	336.801585956145	16
1	664	337.371194185603	17
1	666	341.805950561051	16
1	670	343.725898061522	17
1	672	346.823115162882	16
1	676	347.191669838845	15
1	680	347.879277956958	14
1	684	348.165740560337	15
1	686	348.947558296726	16
1	688	350.632675811833	17
1	690	352.335859946693	16
1	694	352.348216809425	17
1	696	354.38447709025	16
1	700	356.568816478833	17
1	702	368.024582736403	16
1	706	368.269675216954	17
1	708	370.013650078589	16
1	712	371.895685585674	17
1	714	376.507089531122	16
1	718	376.58247674977	17
1	720	377.988063975287	16
1	724	379.062681818254	15
1	728	379.595838206169	16
1	730	380.476351731975	15
1	734	382.976618446521	16
1	736	391.615710271842	17
1	738	393.722002035948	16
1	742	397.263925092687	15
1	746	398.660040708859	16
1	748	401.450906325039	17
1	750	404.329767086186	16
1	754	406.909213469202	17
1	756	408.331111959235	16
1	760	412.415016138644	17
1	762	413.305523062436	16
1	766	415.2836426617	15
1	770	416.809507960173	16
1	772	418.363517568272	15
1	776	418.373778795842	16
1	778	420.33276624753	17
1	780	420.674493054976	16
1	784	420.750692285097	15
1	788	421.033692279878	14
1	792	421.094389618546	15
1	794	422.108676944921	14
1	798	422.915649711222	15
1	800	425.787235526719	16
1	802	426.100240428599	17
1	804	430.134119098603	16
1	808	430.237013206932	17
1	810	433.079349917109	16
1	814	433.21472208798	17
1	816	439.724350304981	16
1	820	440.28217077731	17
1	822	441.314256420512	16
1	826	442.127557458838	17
1	828	451.707790884789	16
1	832	452.030278104043	15
1	836	455.015871009748	16
1	838	456.660159253899	15
1	842	458.287081971314	14
1	846	458.932649764553	15
1	848	460.143459125053	16
1	850	462.391441640143	17
1	852	465.528264206752	16
1	856	466.148481559191	15
1	860	466.694102376206	16
1	862	467.359610120946	15
1	866	469.404693786093	16
1	868	470.874737515566	15
1	872	475.003115196795	16
1	874	475.507685412486	15
1	878	476.047835684402	16
1	880	476.111850262482	17
1	882	483.307243855391	16
1	886	485.317143262925	17
1	888	488.883698823638	16
1	892	490.689249406693	15
1	896	490.900569218224	14
1	900	491.028341484469	15
1	902	492.064042202165	16
1	904	492.526457296147	17
1	906	496.659497287352	16
1	910	499.055992866034	15
1	914	499.91587973334	16
1	916	502.353751212651	15
1	920	502.867673672889	16
1	922	506.904005898569	15
1	926	508.099311943406	16
1	928	510.393023035637	15
1	932	510.876217931529	16
1	934	514.238398733729	17
1	936	514.38780773087	16
1	940	517.291024018234	17
1	942	520.937787479033	16
1	946	520.975683200327	15
1	950	524.570442199602	14
1	954	524.801843589554	13
1	958	524.847268285335	14
1	960	525.366469406301	15
1	962	525.809808862424	14
1	966	525.974417749076	15
1	968	526.150033441189	14
1	972	526.57714325576	15
1	974	526.665984115274	16
1	976	527.605235030915	15
1	980	527.606563459033	14
1	984	529.020949025529	15
1	986	531.806704435398	16
1	988	539.634811846987	17
1	990	540.176406779166	16
1	994	542.376011534504	17
1	996	546.738738740053	16
1	1000	547.595848582793	15
1	1004	549.734612294346	14
1	1008	549.879467328134	15
1	1010	550.584264124367	16
1	1012	551.679964412521	17
1	1014	553.605899496918	16
1	1018	556.764325043784	17
1	1020	558.324186472488	16
1	1024	561.117364495142	17
1	1026	563.285547902869	16
1	1030	564.86443566302	17
1	1032	565.974347893476	16
1	1036	566.107071791626	15
1	1040	567.176115457853	16
1	1042	569.143824061948	17
1	1044	571.561644011759	16
1	1048	572.881226999553	17
1	1050	572.98055978218	16
1	1054	574.415173660907	17
1	1056	577.16082219974	16
1	1060	578.81711352768	17
1	1062	593.323502331965	16
1	1066	593.754982539607	17
1	1068	598.39104771323	16
1	1072	598.773062461072	15
1	1076	598.9970115476	16
1	1078	599.369471402949	17
1	1080	600.77102828268	16
1	1084	601.615502518935	17
1	1086	604.916038239731	16
1	1090	607.424852543725	17
1	1092	609.626009542764	16
1	1096	611.146151724503	17
1	1098	614.178446986059	16
1	1102	615.263574142243	15
1	1106	615.509268702759	16
1	1108	616.719948378047	17
1	1110	618.323051195285	16
1	1114	619.324971045396	17
1	1116	621.443211028414	16
1	1120	622.257049491531	15
1	1124	622.999086143301	16
1	1126	625.649027777577	15
1	1130	625.665726357453	16
1	1132	625.881799508909	17
1	1134	638.824879940751	16
1	1138	640.252147794216	17
1	1140	642.537822625293	16
1	1144	644.826138057824	15
1	1148	646.015162740615	14
1	1152	646.094698406446	15
1	1154	646.671809751109	16
1	1156	648.677078576841	15
1	1160	653.22130597926	16
1	1162	657.643886233138	17
1	1164	669.021113353765	16
1	1168	671.440192970382	15
1	1172	671.872838910012	16
1	1174	673.736323190893	15
1	1178	674.016859599891	16
1	1180	674.159895407089	17
1	1182	678.516363321996	16
1	1186	680.283145150862	17
1	1188	685.854761892165	16
1	1192	689.164461789864	17
1	1194	694.959026551051	16
1	1198	695.031455300862	17
1	1200	695.411148334958	16
1	1204	695.460947219775	15
1	1208	695.796471745612	16
1	1210	701.337081779074	15
1	1214	701.768791652164	14
1	1218	701.881905095294	15
1	1220	702.353504352206	16
1	1222	703.402344856462	17
1	1224	707.410776561597	16
1	1228	708.880486030692	17
1	1230	712.600492300898	16
1	1234	713.704851884322	17
1	1236	717.037162610023	16
1	1240	718.895332278301	15
1	1244	720.742441825264	16
1	1246	720.752278018959	17
1	1248	724.123195561275	16
1	1252	727.886698531655	15
1	1256	728.887052538609	16
1	1258	731.089791843401	17
1	1260	731.364400421186	16
1	1264	732.199984821427	17
1	1266	733.067982886789	16
1	1270	738.571587070435	15
1	1274	738.61967959896	16
1	1276	739.018909799294	15
1	1280	739.438204631391	16
1	1282	740.449876102361	17
1	1284	741.547645075049	16
1	1288	745.289172938684	15
1	1292	747.006494611925	16
1	1294	747.140647337964	15
1	1298	749.618382706523	16
1	1300	750.637933280946	17
1	1302	754.490652191157	16
1	1306	756.556624302607	15
1	1310	758.742449046164	16
1	1312	759.772055684708	15
1	1316	761.157866054427	16
1	1318	762.813893347239	17
1	1320	770.090661268987	16
1	1324	770.355768152136	15
1	1328	771.507329737116	16
1	1330	772.016243138466	17
1	1332	776.277011307578	16
1	1336	780.263164349156	17
1	1338	782.152638783632	16
1	1342	782.263385787657	15
1	1346	783.188842688778	16
1	1348	783.386748864082	15
1	1352	783.82742178737	16
1	1354	784.954653138521	15
1	1358	785.094238488545	16
1	1360	789.257969166612	17
1	1362	790.699461134544	16
1	1366	791.066390782379	15
1	1370	791.165496206367	16
1	1372	791.920551948202	17
1	1374	792.336415349135	16
1	1378	798.386466849847	15
1	1382	799.405727167726	16
1	1384	799.523463960919	15
1	1388	801.381843751324	16
1	1390	803.727422125083	15
1	1394	803.948349890371	14
1	1398	806.010276778439	15
1	1400	806.064103487527	16
1	1402	807.490166145168	15
1	1406	808.244522074896	14
1	1410	808.383500403518	13
1	1414	808.935232063385	12
1	1418	809.654923160191	13
1	1420	809.747952991638	14
1	1422	812.775380632998	15
1	1424	813.887070615979	14
1	1428	814.531929715139	15
1	1430	815.739964034869	16
1	1432	815.914201539118	17
1	1434	828.450235732575	16
1	1438	828.669507385029	17
1	1440	829.316072281584	16
1	1444	830.805707484665	17
1	1446	833.554975145418	16
1	1450	840.571369239842	15
1	1454	840.931017901518	16
1	1456	842.296939853559	15
1	1460	842.64153839265	14
1	1464	842.832017664433	15
1	1466	843.059785204766	16
1	1468	845.209461947482	15
1	1472	848.673988724899	14
1	1476	848.674619335868	13
1	1480	849.912893257814	14
1	1482	850.177541941673	13
1	1486	850.189173052127	12
1	1490	851.804487681066	13
1	1492	853.221202192165	14
1	1494	854.981139020088	15
1	1496	855.04747053368	16
1	1498	855.292250490913	17
1	1500	855.928382249942	16
1	1504	856.214360627144	17
1	1506	856.909035541528	16
1	1510	858.381949312896	15
1	1514	858.590479490438	14
1	1518	859.185621615873	13
1	1522	859.83799157596	14
1	1524	860.403565445508	15
1	1526	863.190681226879	16
1	1528	865.151651258985	17
1	1530	870.428150024771	16
1	1534	870.528603845062	17
1	1536	871.385128760067	16
1	1540	873.239406255046	17
1	1542	875.404495685638	16
1	1546	876.41320313928	17
1	1548	879.121724327471	16
1	1552	879.368894114609	17
1	1554	880.646352647657	16
1	1558	882.009795649615	17
1	1560	883.843887377517	16
1	1564	884.463294314111	17
1	1566	887.874313555842	16
1	1570	888.814969790229	15
1	1574	891.227623936361	16
1	1576	892.796631550207	17
1	1578	893.531881345251	16
1	1582	893.565232622582	15
1	1586	893.933353507799	16
1	1588	894.76196956428	17
1	1590	895.77750943619	16
1	1594	895.954249562632	17
1	1596	896.691254679829	16
1	1600	897.334275168771	15
1	1604	899.82092767259	16
1	1606	903.072989219832	17
1	1608	912.53132874322	16
1	1612	913.153634058366	17
1	1614	917.146630792198	16
1	1618	918.07918043468	17
1	1620	925.153686258567	16
1	1624	925.43461118322	15
1	1628	926.011629121989	16
1	1630	927.892548244597	15
1	1634	928.614165192807	16
1	1636	930.574290560556	15
1	1640	932.776898031189	14
1	1644	932.836306990952	15
1	1646	935.580500158703	16
1	1648	937.290315934304	15
1	1652	937.360569106224	16
1	1654	937.501369240158	15
1	1658	938.410311885773	16
1	1660	939.866174659335	15
1	1664	940.632640270507	16
1	1666	941.421206867601	17
1	1668	949.783503570161	16
1	1672	951.323287313234	17
1	1674	958.288255291489	16
1	1678	958.600078982594	17
1	1680	962.74603979792	16
1	1684	963.0758289046	15
1	1688	963.606942674446	16
1	1690	967.095624383967	17
1	1692	981.712756990545	16
1	1696	984.380408138346	15
1	1700	984.965072709532	16
1	1702	985.625427460649	17
1	1704	988.001414660015	16
1	1708	988.838463046703	17
1	1710	996.775779839597	16
1	1714	996.876817640766	15
1	1718	997.620238166154	16
1	1720	998.935397819094	17
2	239	109.528418498267	1
2	241	109.528418498267	2
2	245	116.695584909073	1
2	247	116.695584909073	2
2	249	117.450986137156	1
2	251	117.450986137156	2
2	253	117.621612815158	1
2	255	117.621612815158	2
2	263	129.302562630819	1
2	265	129.302562630819	2
2	267	135.099605340393	1
2	269	135.099605340393	2
2	275	142.815927498739	1
2	277	142.815927498739	2
2	279	146.314496598742	1
2	281	146.314496598742	2
2	287	156.822052075736	1
2	289	156.822052075736	2
2	291	160.065711771569	1
2	293	160.065711771569	2
2	299	164.679623844557	1
2	301	164.679623844557	2
2	303	165.513804623316	1
2	305	165.513804623316	2
2	307	165.87288505265	1
2	309	165.87288505265	2
2	315	169.076007719051	1
2	317	169.076007719051	2
2	319	170.416935109721	1
2	321	170.416935109721	2
2	327	179.058916505192	1
2	329	179.058916505192	2
2	335	183.358231548022	1
2	337	183.358231548022	2
2	339	184.552864016005	1
2	341	184.552864016005	2
2	343	185.991459122908	1
2	345	185.991459122908	2
2	351	188.865209913814	1
2	353	188.865209913814	2
2	355	190.50484562409	1
2	357	190.50484562409	2
2	365	196.26501194901	1
2	367	196.26501194901	2
2	369	200.083562044475	1
2	371	200.083562044475	2
2	375	202.307544041916	1
2	377	202.307544041916	2
2	381	203.160989411516	1
2	383	203.160989411516	2
2	385	203.247562680085	1
2	387	203.247562680085	2
2	395	212.106038969016	1
2	397	212.106038969016	2
2	401	216.217208653884	1
2	403	216.217208653884	2
2	407	219.110122689306	1
2	409	219.110122689306	2
2	413	220.171001671575	1
2	415	220.171001671575	2
2	419	222.981207560329	1
2	421	222.981207560329	2
2	423	227.184973508701	1
2	425	227.184973508701	2
2	427	229.313174462064	1
2	429	229.313174462064	2
2	431	230.06969719893	1
2	433	230.06969719893	2
2	437	232.194771508659	1
2	439	232.194771508659	2
2	441	234.412723871645	1
2	443	234.412723871645	2
2	449	235.613758035978	1
2	451	235.613758035978	2
2	459	238.068674779248	1
2	461	238.068674779248	2
2	465	238.844090719171	1
2	467	238.844090719171	2
2	469	241.952306401381	1
2	471	241.952306401381	2
2	475	243.641340505183	1
2	477	243.641340505183	2
2	483	246.897567418439	1
2	485	246.897567418439	2
2	487	247.636995926111	1
2	489	247.636995926111	2
2	495	248.867324918895	1
2	497	248.867324918895	2
2	503	250.339014981302	1
2	505	250.339014981302	2
2	509	257.242243723272	1
2	511	257.242243723272	2
2	513	259.264185108825	1
2	515	259.264185108825	2
2	517	261.563178983429	1
2	519	261.563178983429	2
2	521	261.851201262857	1
2	523	261.851201262857	2
2	527	262.48540768376	1
2	529	262.48540768376	2
2	533	262.942133916071	1
2	535	262.942133916071	2
2	541	265.617312466736	1
2	543	265.617312466736	2
2	547	266.249929410556	1
2	549	266.249929410556	2
2	555	266.751894294533	1
2	557	266.751894294533	2
2	563	274.202542116973	1
2	565	274.202542116973	2
2	569	276.882337685442	1
2	571	276.882337685442	2
2	575	278.635197788319	1
2	577	278.635197788319	2
2	579	279.223584096377	1
2	581	279.223584096377	2
2	587	289.449230695554	1
2	589	289.449230695554	2
2	593	301.90247847551	1
2	595	301.90247847551	2
2	599	306.840018781284	1
2	601	306.840018781284	2
2	605	314.831386639371	1
2	607	314.831386639371	2
2	609	317.12784399801	1
2	611	317.12784399801	2
2	617	319.738996619797	1
2	619	319.738996619797	2
2	621	319.979076411259	1
2	623	319.979076411259	2
2	625	321.791313878133	1
2	627	321.791313878133	2
2	631	323.40821168915	1
2	633	323.40821168915	2
2	639	326.813146652735	1
2	641	326.813146652735	2
2	647	330.791386430314	1
2	649	330.791386430314	2
2	651	332.314138545914	1
2	653	332.314138545914	2
2	659	336.801585956145	1
2	661	336.801585956145	2
2	665	341.805950561051	1
2	667	341.805950561051	2
2	671	346.823115162882	1
2	673	346.823115162882	2
2	675	347.191669838845	1
2	677	347.191669838845	2
2	679	347.879277956958	1
2	681	347.879277956958	2
2	689	352.335859946693	1
2	691	352.335859946693	2
2	695	354.38447709025	1
2	697	354.38447709025	2
2	701	368.024582736403	1
2	703	368.024582736403	2
2	707	370.013650078589	1
2	709	370.013650078589	2
2	713	376.507089531122	1
2	715	376.507089531122	2
2	719	377.988063975287	1
2	721	377.988063975287	2
2	723	379.062681818254	1
2	725	379.062681818254	2
2	729	380.476351731975	1
2	731	380.476351731975	2
2	737	393.722002035948	1
2	739	393.722002035948	2
2	741	397.263925092687	1
2	743	397.263925092687	2
2	749	404.329767086186	1
2	751	404.329767086186	2
2	755	408.331111959235	1
2	757	408.331111959235	2
2	761	413.305523062436	1
2	763	413.305523062436	2
2	765	415.2836426617	1
2	767	415.2836426617	2
2	771	418.363517568272	1
2	773	418.363517568272	2
2	779	420.674493054976	1
2	781	420.674493054976	2
2	783	420.750692285097	1
2	785	420.750692285097	2
2	787	421.033692279878	1
2	789	421.033692279878	2
2	793	422.108676944921	1
2	795	422.108676944921	2
2	803	430.134119098603	1
2	805	430.134119098603	2
2	809	433.079349917109	1
2	811	433.079349917109	2
2	815	439.724350304981	1
2	817	439.724350304981	2
2	821	441.314256420512	1
2	823	441.314256420512	2
2	827	451.707790884789	1
2	829	451.707790884789	2
2	831	452.030278104043	1
2	833	452.030278104043	2
2	837	456.660159253899	1
2	839	456.660159253899	2
2	841	458.287081971314	1
2	843	458.287081971314	2
2	851	465.528264206752	1
2	853	465.528264206752	2
2	855	466.148481559191	1
2	857	466.148481559191	2
2	861	467.359610120946	1
2	863	467.359610120946	2
2	867	470.874737515566	1
2	869	470.874737515566	2
2	873	475.507685412486	1
2	875	475.507685412486	2
2	881	483.307243855391	1
2	883	483.307243855391	2
2	887	488.883698823638	1
2	889	488.883698823638	2
2	891	490.689249406693	1
2	893	490.689249406693	2
2	895	490.900569218224	1
2	897	490.900569218224	2
2	905	496.659497287352	1
2	907	496.659497287352	2
2	909	499.055992866034	1
2	911	499.055992866034	2
2	915	502.353751212651	1
2	917	502.353751212651	2
2	921	506.904005898569	1
2	923	506.904005898569	2
2	927	510.393023035637	1
2	929	510.393023035637	2
2	935	514.38780773087	1
2	937	514.38780773087	2
2	941	520.937787479033	1
2	943	520.937787479033	2
2	945	520.975683200327	1
2	947	520.975683200327	2
2	949	524.570442199602	1
2	951	524.570442199602	2
2	953	524.801843589554	1
2	955	524.801843589554	2
2	961	525.809808862424	1
2	963	525.809808862424	2
2	967	526.150033441189	1
2	969	526.150033441189	2
2	975	527.605235030915	1
2	977	527.605235030915	2
2	979	527.606563459033	1
2	981	527.606563459033	2
2	989	540.176406779166	1
2	991	540.176406779166	2
2	995	546.738738740053	1
2	997	546.738738740053	2
2	999	547.595848582793	1
2	1001	547.595848582793	2
2	1003	549.734612294346	1
2	1005	549.734612294346	2
2	1013	553.605899496918	1
2	1015	553.605899496918	2
2	1019	558.324186472488	1
2	1021	558.324186472488	2
2	1025	563.285547902869	1
2	1027	563.285547902869	2
2	1031	565.974347893476	1
2	1033	565.974347893476	2
2	1035	566.107071791626	1
2	1037	566.107071791626	2
2	1043	571.561644011759	1
2	1045	571.561644011759	2
2	1049	572.98055978218	1
2	1051	572.98055978218	2
2	1055	577.16082219974	1
2	1057	577.16082219974	2
2	1061	593.323502331965	1
2	1063	593.323502331965	2
2	1067	598.39104771323	1
2	1069	598.39104771323	2
2	1071	598.773062461072	1
2	1073	598.773062461072	2
2	1079	600.77102828268	1
2	1081	600.77102828268	2
2	1085	604.916038239731	1
2	1087	604.916038239731	2
2	1091	609.626009542764	1
2	1093	609.626009542764	2
2	1097	614.178446986059	1
2	1099	614.178446986059	2
2	1101	615.263574142243	1
2	1103	615.263574142243	2
2	1109	618.323051195285	1
2	1111	618.323051195285	2
2	1115	621.443211028414	1
2	1117	621.443211028414	2
2	1119	622.257049491531	1
2	1121	622.257049491531	2
2	1125	625.649027777577	1
2	1127	625.649027777577	2
2	1133	638.824879940751	1
2	1135	638.824879940751	2
2	1139	642.537822625293	1
2	1141	642.537822625293	2
2	1143	644.826138057824	1
2	1145	644.826138057824	2
2	1147	646.015162740615	1
2	1149	646.015162740615	2
2	1155	648.677078576841	1
2	1157	648.677078576841	2
2	1163	669.021113353765	1
2	1165	669.021113353765	2
2	1167	671.440192970382	1
2	1169	671.440192970382	2
2	1173	673.736323190893	1
2	1175	673.736323190893	2
2	1181	678.516363321996	1
2	1183	678.516363321996	2
2	1187	685.854761892165	1
2	1189	685.854761892165	2
2	1193	694.959026551051	1
2	1195	694.959026551051	2
2	1199	695.411148334958	1
2	1201	695.411148334958	2
2	1203	695.460947219775	1
2	1205	695.460947219775	2
2	1209	701.337081779074	1
2	1211	701.337081779074	2
2	1213	701.768791652164	1
2	1215	701.768791652164	2
2	1223	707.410776561597	1
2	1225	707.410776561597	2
2	1229	712.600492300898	1
2	1231	712.600492300898	2
2	1235	717.037162610023	1
2	1237	717.037162610023	2
2	1239	718.895332278301	1
2	1241	718.895332278301	2
2	1247	724.123195561275	1
2	1249	724.123195561275	2
2	1251	727.886698531655	1
2	1253	727.886698531655	2
2	1259	731.364400421186	1
2	1261	731.364400421186	2
2	1265	733.067982886789	1
2	1267	733.067982886789	2
2	1269	738.571587070435	1
2	1271	738.571587070435	2
2	1275	739.018909799294	1
2	1277	739.018909799294	2
2	1283	741.547645075049	1
2	1285	741.547645075049	2
2	1287	745.289172938684	1
2	1289	745.289172938684	2
2	1293	747.140647337964	1
2	1295	747.140647337964	2
2	1301	754.490652191157	1
2	1303	754.490652191157	2
2	1305	756.556624302607	1
2	1307	756.556624302607	2
2	1311	759.772055684708	1
2	1313	759.772055684708	2
2	1319	770.090661268987	1
2	1321	770.090661268987	2
2	1323	770.355768152136	1
2	1325	770.355768152136	2
2	1331	776.277011307578	1
2	1333	776.277011307578	2
2	1337	782.152638783632	1
2	1339	782.152638783632	2
2	1341	782.263385787657	1
2	1343	782.263385787657	2
2	1347	783.386748864082	1
2	1349	783.386748864082	2
2	1353	784.954653138521	1
2	1355	784.954653138521	2
2	1361	790.699461134544	1
2	1363	790.699461134544	2
2	1365	791.066390782379	1
2	1367	791.066390782379	2
2	1373	792.336415349135	1
2	1375	792.336415349135	2
2	1377	798.386466849847	1
2	1379	798.386466849847	2
2	1383	799.523463960919	1
2	1385	799.523463960919	2
2	1389	803.727422125083	1
2	1391	803.727422125083	2
2	1393	803.948349890371	1
2	1395	803.948349890371	2
2	1401	807.490166145168	1
2	1403	807.490166145168	2
2	1405	808.244522074896	1
2	1407	808.244522074896	2
2	1409	808.383500403518	1
2	1411	808.383500403518	2
2	1413	808.935232063385	1
2	1415	808.935232063385	2
2	1423	813.887070615979	1
2	1425	813.887070615979	2
2	1433	828.450235732575	1
2	1435	828.450235732575	2
2	1439	829.316072281584	1
2	1441	829.316072281584	2
2	1445	833.554975145418	1
2	1447	833.554975145418	2
2	1449	840.571369239842	1
2	1451	840.571369239842	2
2	1455	842.296939853559	1
2	1457	842.296939853559	2
2	1459	842.64153839265	1
2	1461	842.64153839265	2
2	1467	845.209461947482	1
2	1469	845.209461947482	2
2	1471	848.673988724899	1
2	1473	848.673988724899	2
2	1475	848.674619335868	1
2	1477	848.674619335868	2
2	1481	850.177541941673	1
2	1483	850.177541941673	2
2	1485	850.189173052127	1
2	1487	850.189173052127	2
2	1499	855.928382249942	1
2	1501	855.928382249942	2
2	1505	856.909035541528	1
2	1507	856.909035541528	2
2	1509	858.381949312896	1
2	1511	858.381949312896	2
2	1513	858.590479490438	1
2	1515	858.590479490438	2
2	1517	859.185621615873	1
2	1519	859.185621615873	2
2	1529	870.428150024771	1
2	1531	870.428150024771	2
2	1535	871.385128760067	1
2	1537	871.385128760067	2
2	1541	875.404495685638	1
2	1543	875.404495685638	2
2	1547	879.121724327471	1
2	1549	879.121724327471	2
2	1553	880.646352647657	1
2	1555	880.646352647657	2
2	1559	883.843887377517	1
2	1561	883.843887377517	2
2	1565	887.874313555842	1
2	1567	887.874313555842	2
2	1569	888.814969790229	1
2	1571	888.814969790229	2
2	1577	893.531881345251	1
2	1579	893.531881345251	2
2	1581	893.565232622582	1
2	1583	893.565232622582	2
2	1589	895.77750943619	1
2	1591	895.77750943619	2
2	1595	896.691254679829	1
2	1597	896.691254679829	2
2	1599	897.334275168771	1
2	1601	897.334275168771	2
2	1607	912.53132874322	1
2	1609	912.53132874322	2
2	1613	917.146630792198	1
2	1615	917.146630792198	2
2	1619	925.153686258567	1
2	1621	925.153686258567	2
2	1623	925.43461118322	1
2	1625	925.43461118322	2
2	1629	927.892548244597	1
2	1631	927.892548244597	2
2	1635	930.574290560556	1
2	1637	930.574290560556	2
2	1639	932.776898031189	1
2	1641	932.776898031189	2
2	1647	937.290315934304	1
2	1649	937.290315934304	2
2	1653	937.501369240158	1
2	1655	937.501369240158	2
2	1659	939.866174659335	1
2	1661	939.866174659335	2
2	1667	949.783503570161	1
2	1669	949.783503570161	2
2	1673	958.288255291489	1
2	1675	958.288255291489	2
2	1679	962.74603979792	1
2	1681	962.74603979792	2
2	1683	963.0758289046	1
2	1685	963.0758289046	2
2	1691	981.712756990545	1
2	1693	981.712756990545	2
2	1695	984.380408138346	1
2	1697	984.380408138346	2
2	1703	988.001414660015	1
2	1705	988.001414660015	2
2	1709	996.775779839597	1
2	1711	996.775779839597	2
2	1713	996.876817640766	1
2	1715	996.876817640766	2
3	239	109.528418498267	11.046970769612
3	245	116.695584909073	17.769072167947
3	249	117.450986137156	7.922567638889
3	253	117.621612815158	0.926027906085
3	263	129.302562630819	11.851576493663
3	267	135.099605340393	17.477992525235
3	275	142.815927498739	13.51336486792
3	279	146.314496598742	11.214891258349
3	287	156.822052075736	14.006124576997
3	291	160.065711771569	13.751215172827
3	299	164.679623844557	7.857571768821
3	303	165.513804623316	5.448092851747
3	307	165.87288505265	1.193261208093
3	315	169.076007719051	3.562203095735
3	319	170.416935109721	4.544050057071
3	327	179.058916505192	9.982908786141
3	335	183.358231548022	12.941296438301
3	339	184.552864016005	5.493947510813
3	343	185.991459122908	2.633227574886
3	351	188.865209913814	4.312345897809
3	355	190.50484562409	4.513386501182
3	365	196.26501194901	7.399802035196
3	369	200.083562044475	9.578716420385
3	375	202.307544041916	6.042532092906
3	381	203.160989411516	3.077427367041
3	385	203.247562680085	0.940018638169
3	395	212.106038969016	8.9450495575
3	401	216.217208653884	12.969645973799
3	407	219.110122689306	7.00408372029
3	413	220.171001671575	3.953793017691
3	419	222.981207560329	3.871084871023
3	423	227.184973508701	7.013971837126
3	427	229.313174462064	6.331966901735
3	431	230.06969719893	2.884723690229
3	437	232.194771508659	2.881597046595
3	441	234.412723871645	4.343026672715
3	449	235.613758035978	3.418986527319
3	459	238.068674779248	3.655950907603
3	465	238.844090719171	3.230332683193
3	469	241.952306401381	3.883631622133
3	475	243.641340505183	4.797249786012
3	483	246.897567418439	4.945261017058
3	487	247.636995926111	3.995655420928
3	495	248.867324918895	1.969757500456
3	503	250.339014981302	2.702019055191
3	509	257.242243723272	8.374918804377
3	513	259.264185108825	8.925170127523
3	517	261.563178983429	4.320935260157
3	521	261.851201262857	2.587016154032
3	527	262.48540768376	0.922228700331
3	533	262.942133916071	1.090932653214
3	541	265.617312466736	3.131904782976
3	547	266.249929410556	3.307795494485
3	555	266.751894294533	1.134581827797
3	563	274.202542116973	7.952612706417
3	569	276.882337685442	10.130443390909
3	575	278.635197788319	4.432655671346
3	579	279.223584096377	2.341246410935
3	587	289.449230695554	10.814032907235
3	593	301.90247847551	22.678894379133
3	599	306.840018781284	17.39078808573
3	605	314.831386639371	12.928908163861
3	609	317.12784399801	10.287825216726
3	617	319.738996619797	4.907609980426
3	621	319.979076411259	2.851232413249
3	625	321.791313878133	2.052317258336
3	631	323.40821168915	3.429135277891
3	639	326.813146652735	5.021832774602
3	647	330.791386430314	7.383174741164
3	651	332.314138545914	5.500991893179
3	659	336.801585956145	6.010199525831
3	665	341.805950561051	9.491812015137
3	671	346.823115162882	10.021529206737
3	675	347.191669838845	5.385719277794
3	679	347.879277956958	1.056162794076
3	689	352.335859946693	5.144190107848
3	695	354.38447709025	6.505199133292
3	701	368.024582736403	15.68872278971
3	707	370.013650078589	15.629172988339
3	713	376.507089531122	8.482506794719
3	719	377.988063975287	7.974413896698
3	723	379.062681818254	2.555592287132
3	729	380.476351731975	2.488287756688
3	737	393.722002035948	14.659320217694
3	741	397.263925092687	16.787573360712
3	749	404.329767086186	10.607765050238
3	755	408.331111959235	11.067186866548
3	761	413.305523062436	8.97575597625
3	765	415.2836426617	6.952530702465
3	771	418.363517568272	5.057994505836
3	779	420.674493054976	5.390850393276
3	783	420.750692285097	2.387174716825
3	787	421.033692279878	0.359199224902
3	793	422.108676944921	1.357984659824
3	803	430.134119098603	9.100426818725
3	809	433.079349917109	10.970672972188
3	815	439.724350304981	9.590231206378
3	821	441.314256420512	8.234906503403
3	827	451.707790884789	11.983440579808
3	831	452.030278104043	10.716021683531
3	837	456.660159253899	4.95236836911
3	841	458.287081971314	6.256803867271
3	851	465.528264206752	8.868104952853
3	855	466.148481559191	7.861399587877
3	861	467.359610120946	1.831345914194
3	867	470.874737515566	4.726255956375
3	873	475.507685412486	8.14807529154
3	881	483.307243855391	12.432506339825
3	887	488.883698823638	13.376013411152
3	891	490.689249406693	7.382005551302
3	895	490.900569218224	2.016870394586
3	905	496.659497287352	5.970247880659
3	909	499.055992866034	8.15542364781
3	915	502.353751212651	5.694253925299
3	921	506.904005898569	7.848013032535
3	927	510.393023035637	8.039271822986
3	935	514.38780773087	7.483801832301
3	941	520.937787479033	10.544764443396
3	945	520.975683200327	6.587875469457
3	949	524.570442199602	3.632654720569
3	953	524.801843589554	3.826160389227
3	961	525.809808862424	1.239366662822
3	967	526.150033441189	1.348189851635
3	975	527.605235030915	1.795426168491
3	979	527.606563459033	1.456530017844
3	989	540.176406779166	12.571171748251
3	995	546.738738740053	19.13217528102
3	999	547.595848582793	7.419441803627
3	1003	549.734612294346	2.995873554293
3	1013	553.605899496918	6.010050914125
3	1019	558.324186472488	8.589574178142
3	1025	563.285547902869	9.679648405951
3	1031	565.974347893476	7.650161420988
3	1035	566.107071791626	2.821523888757
3	1043	571.561644011759	5.587296118283
3	1049	572.98055978218	6.873487990554
3	1055	577.16082219974	5.599178187981
3	1061	593.323502331965	20.342942549785
3	1067	598.39104771323	21.23022551349
3	1071	598.773062461072	5.449560129107
3	1079	600.77102828268	2.37998056945
3	1085	604.916038239731	6.142975778659
3	1091	609.626009542764	8.854981260084
3	1097	614.178446986059	9.262408746328
3	1101	615.263574142243	5.637564599479
3	1109	618.323051195285	4.144604209226
3	1115	621.443211028414	6.179636886171
3	1119	622.257049491531	3.933998296246
3	1125	625.649027777577	4.205816749163
3	1133	638.824879940751	16.56783044922
3	1139	642.537822625293	16.888794847716
3	1143	644.826138057824	6.001258117073
3	1147	646.015162740615	3.477340115322
3	1155	648.677078576841	3.850940519017
3	1163	669.021113353765	23.00595061315
3	1167	671.440192970382	22.763114393541
3	1173	673.736323190893	4.715209837128
3	1181	678.516363321996	7.076170351614
3	1187	685.854761892165	12.118438701272
3	1193	694.959026551051	16.442663229055
3	1199	695.411148334958	9.556386442793
3	1203	695.460947219775	0.501920668724
3	1209	701.337081779074	5.925933444116
3	1213	701.768791652164	6.307844432389
3	1223	707.410776561597	6.073694782523
3	1229	712.600492300898	10.831700648734
3	1235	717.037162610023	9.626386048426
3	1239	718.895332278301	6.294839977403
3	1247	724.123195561275	7.086032951252
3	1251	727.886698531655	8.991366253354
3	1259	731.364400421186	7.241204859911
3	1265	733.067982886789	5.181284355134
3	1269	738.571587070435	7.207186649249
3	1275	739.018909799294	5.950926912505
3	1283	741.547645075049	2.976058004614
3	1287	745.289172938684	6.27026313939
3	1293	747.140647337964	5.593002262915
3	1301	754.490652191157	9.201479252473
3	1305	756.556624302607	9.415976964643
3	1311	759.772055684708	5.281403493551
3	1319	770.090661268987	13.53403696638
3	1323	770.355768152136	10.583712467428
3	1331	776.277011307578	6.186350038591
3	1337	782.152638783632	11.796870631496
3	1341	782.263385787657	5.986374480079
3	1347	783.386748864082	1.23411008045
3	1353	784.954653138521	2.691267350864
3	1361	790.699461134544	7.312712270462
3	1365	791.066390782379	6.111737643858
3	1373	792.336415349135	1.636954214591
3	1377	798.386466849847	7.320076067468
3	1383	799.523463960919	7.187048611784
3	1389	803.727422125083	5.340955275236
3	1393	803.948349890371	4.424885929452
3	1401	807.490166145168	3.762744020085
3	1405	808.244522074896	4.296172184525
3	1409	808.383500403518	0.89333425835
3	1413	808.935232063385	0.690709988489
3	1423	813.887070615979	5.503570212461
3	1433	828.450235732575	19.51500366919
3	1439	829.316072281584	15.429001665605
3	1445	833.554975145418	5.104739412843
3	1449	840.571369239842	11.255296958258
3	1455	842.296939853559	8.741964708141
3	1459	842.64153839265	2.070169152808
3	1467	845.209461947482	2.912522093923
3	1471	848.673988724899	6.032450332249
3	1475	848.674619335868	3.465157388386
3	1481	850.177541941673	1.503553216774
3	1485	850.189173052127	1.514553716259
3	1499	855.928382249942	5.750840308269
3	1505	856.909035541528	6.719862489401
3	1509	858.381949312896	2.453567062954
3	1513	858.590479490438	1.68144394891
3	1517	859.185621615873	0.803672302977
3	1529	870.428150024771	11.837670534333
3	1535	871.385128760067	12.199507144194
3	1541	875.404495685638	4.976345660867
3	1547	879.121724327471	7.736595567404
3	1553	880.646352647657	5.241856962019
3	1559	883.843887377517	4.722163050046
3	1565	887.874313555842	7.227960908185
3	1569	888.814969790229	4.971082412712
3	1577	893.531881345251	5.657567789409
3	1581	893.565232622582	4.750262832353
3	1589	895.77750943619	2.245628090939
3	1595	896.691254679829	3.126022057247
3	1599	897.334275168771	1.556765732581
3	1607	912.53132874322	15.840074063391
3	1613	917.146630792198	19.812355623427
3	1619	925.153686258567	12.622357515347
3	1623	925.43461118322	8.287980391022
3	1629	927.892548244597	2.73886198603
3	1635	930.574290560556	5.139679377336
3	1639	932.776898031189	4.884349786592
3	1647	937.290315934304	6.716025373748
3	1653	937.501369240158	4.724471208969
3	1659	939.866174659335	2.575858725031
3	1667	949.783503570161	12.282134330003
3	1673	958.288255291489	18.422080632154
3	1679	962.74603979792	12.962536227759
3	1683	963.0758289046	4.787573613111
3	1691	981.712756990545	18.966717192625
3	1695	984.380408138346	21.304579233746
3	1703	988.001414660015	6.28865766947
3	1709	996.775779839597	12.395371701251
3	1713	996.876817640766	8.875402980751
4	240	109.528418498267	53.626454796922
4	246	116.695584909073	56.371282248886
4	250	117.450986137156	53.792810811262
4	254	117.621612815158	49.536183888646
4	264	129.302562630819	58.866453299861
4	268	135.099605340393	63.924234357533
4	276	142.815927498739	62.881544893587
4	280	146.314496598742	65.864166843626
4	288	156.822052075736	75.234345819777
4	292	160.065711771569	75.190073324501
4	300	164.679623844557	74.9693429532
4	304	165.513804623316	74.601546162454
4	308	165.87288505265	68.732170178458
4	316	169.076007719051	71.250988584974
4	320	170.416935109721	71.963544103818
4	328	179.058916505192	78.575363374384
4	336	183.358231548022	79.956499037702
4	340	184.552864016005	75.013614319953
4	344	185.991459122908	67.418099420272
4	352	188.865209913814	70.181957443576
4	356	190.50484562409	70.583501214528
4	366	196.26501194901	58.678495337349
4	370	200.083562044475	58.708086482347
4	376	202.307544041916	55.307737305999
4	382	203.160989411516	54.970048669463
4	386	203.247562680085	43.063378045274
4	396	212.106038969016	51.632806136837
4	402	216.217208653884	49.074495690591
4	408	219.110122689306	51.014995181556
4	414	220.171001671575	47.303358071394
4	420	222.981207560329	45.195104631488
4	424	227.184973508701	45.518734700061
4	428	229.313174462064	47.572765390845
4	432	230.06969719893	42.870748523116
4	438	232.194771508659	44.986914310064
4	442	234.412723871645	43.612946583504
4	450	235.613758035978	43.352414228017
4	460	238.068674779248	43.600803263034
4	466	238.844090719171	38.650554274733
4	470	241.952306401381	38.888967256932
4	476	243.641340505183	39.251791116107
4	484	246.897567418439	40.129167800179
4	488	247.636995926111	39.364785091612
4	496	248.867324918895	35.134307150497
4	504	250.339014981302	33.434839957817
4	510	257.242243723272	38.010797420767
4	514	259.264185108825	36.362848703908
4	518	261.563178983429	30.142704331449
4	522	261.851201262857	27.034870905776
4	528	262.48540768376	27.658324826339
4	534	262.942133916071	26.955424743
4	542	265.617312466736	28.331877746359
4	548	266.249929410556	28.387601125014
4	556	266.751894294533	28.461084090191
4	564	274.202542116973	31.870544121819
4	570	276.882337685442	33.01971668358
4	576	278.635197788319	32.511829567972
4	580	279.223584096377	31.021955423715
4	588	289.449230695554	40.63932857368
4	594	301.90247847551	53.012544366136
4	600	306.840018781284	57.529109551098
4	606	314.831386639371	62.782820411295
4	610	317.12784399801	54.941652662494
4	618	319.738996619797	56.990087410988
4	622	319.979076411259	56.748106185087
4	626	321.791313878133	57.807089756766
4	632	323.40821168915	57.188062701328
4	640	326.813146652735	60.551854658543
4	648	330.791386430314	64.151746975213
4	652	332.314138545914	64.244674953671
4	660	336.801585956145	67.670265732902
4	666	341.805950561051	66.523316515661
4	672	346.823115162882	68.548432691273
4	676	347.191669838845	65.679648204495
4	680	347.879277956958	66.254267606367
4	690	352.335859946693	61.318729882952
4	696	354.38447709025	51.155054073141
4	702	368.024582736403	59.356899433716
4	708	370.013650078589	52.352569325652
4	714	376.507089531122	58.536157797651
4	720	377.988063975287	55.29009165255
4	724	379.062681818254	55.649346161461
4	730	380.476351731975	56.130135605211
4	738	393.722002035948	65.289556941161
4	742	397.263925092687	66.937792941295
4	750	404.329767086186	68.647488315991
4	756	408.331111959235	72.07945798808
4	762	413.305523062436	75.934328876833
4	766	415.2836426617	71.557744600178
4	772	418.363517568272	70.197777007935
4	780	420.674493054976	71.72693475825
4	784	420.750692285097	70.118016473264
4	788	421.033692279878	68.685475470453
4	794	422.108676944921	65.539860466088
4	804	430.134119098603	61.864443881649
4	810	433.079349917109	61.183664331435
4	816	439.724350304981	63.141873555211
4	822	441.314256420512	61.718418214343
4	828	451.707790884789	68.731172438268
4	832	452.030278104043	60.414567832201
4	838	456.660159253899	58.00011854504
4	842	458.287081971314	56.836175646275
4	852	465.528264206752	58.61905073755
4	856	466.148481559191	53.733465420547
4	862	467.359610120946	50.550102160773
4	868	470.874737515566	52.500958719724
4	874	475.507685412486	55.174919164956
4	882	483.307243855391	62.212854236845
4	888	488.883698823638	65.968049112416
4	892	490.689249406693	64.902013879974
4	896	490.900569218224	64.800328789625
4	906	496.659497287352	66.42248408042
4	910	499.055992866034	65.841270778054
4	916	502.353751212651	62.071580435341
4	922	506.904005898569	64.776448439731
4	928	510.393023035637	55.377152025889
4	936	514.38780773087	55.455157966317
4	942	520.937787479033	60.79432835398
4	946	520.975683200327	58.584241560184
4	950	524.570442199602	57.876339823396
4	954	524.801843589554	55.397149803461
4	962	525.809808862424	50.806693665629
4	968	526.150033441189	50.102197756787
4	976	527.605235030915	51.493384768433
4	980	527.606563459033	42.289420196108
4	990	540.176406779166	49.148065294697
4	996	546.738738740053	54.674696537888
4	1000	547.595848582793	55.069391286646
4	1004	549.734612294346	49.818732561006
4	1014	553.605899496918	50.738225824029
4	1020	558.324186472488	50.224874529082
4	1026	563.285547902869	52.40932997134
4	1032	565.974347893476	51.735949159747
4	1036	566.107071791626	48.816047773392
4	1044	571.561644011759	46.714375726424
4	1050	572.98055978218	47.614090375879
4	1056	577.16082219974	51.186404450664
4	1062	593.323502331965	66.746359076205
4	1068	598.39104771323	71.725063597956
4	1072	598.773062461072	69.752113435543
4	1080	600.77102828268	68.964323847282
4	1086	604.916038239731	65.281226392744
4	1092	609.626009542764	67.24999800826
4	1098	614.178446986059	64.298979657925
4	1102	615.263574142243	64.679310017876
4	1110	618.323051195285	66.643086782764
4	1116	621.443211028414	64.67888598463
4	1120	622.257049491531	61.139684996389
4	1126	625.649027777577	60.784592114557
4	1134	638.824879940751	71.648764482898
4	1140	642.537822625293	73.393998563345
4	1144	644.826138057824	71.944911058271
4	1148	646.015162740615	71.599989079708
4	1156	648.677078576841	69.859965049161
4	1164	669.021113353765	75.266130814158
4	1168	671.440192970382	72.443181422782
4	1174	673.736323190893	74.366851787944
4	1182	678.516363321996	76.900860803061
4	1188	685.854761892165	78.42990934844
4	1194	694.959026551051	83.812874826548
4	1200	695.411148334958	79.901879632199
4	1204	695.460947219775	78.740998841728
4	1210	701.337081779074	82.012110733678
4	1214	701.768791652164	78.769705508863
4	1224	707.410776561597	81.745050204144
4	1230	712.600492300898	86.718692791989
4	1236	717.037162610023	76.785014815807
4	1240	718.895332278301	72.800633871855
4	1248	724.123195561275	77.451385810166
4	1252	727.886698531655	74.665392552395
4	1260	731.364400421186	73.720514188048
4	1266	733.067982886789	61.195143976777
4	1270	738.571587070435	64.554727470544
4	1276	739.018909799294	64.859014392205
4	1284	741.547645075049	61.264499924187
4	1288	745.289172938684	56.12471114882
4	1294	747.140647337964	52.109192037102
4	1302	754.490652191157	58.694180445545
4	1306	756.556624302607	54.674719207313
4	1312	759.772055684708	57.418551332502
4	1320	770.090661268987	66.688316412525
4	1324	770.355768152136	61.475282121444
4	1332	776.277011307578	62.572159423256
4	1338	782.152638783632	61.410196958368
4	1342	782.263385787657	61.511107768698
4	1348	783.386748864082	54.499696325473
4	1354	784.954653138521	53.86486129512
4	1362	790.699461134544	58.499476313117
4	1366	791.066390782379	52.446711183419
4	1374	792.336415349135	52.898210717744
4	1378	798.386466849847	57.936590747486
4	1384	799.523463960919	52.516969348994
4	1390	803.727422125083	54.10903941856
4	1394	803.948349890371	53.310416609425
4	1402	807.490166145168	48.747717099004
4	1406	808.244522074896	47.086656020469
4	1410	808.383500403518	45.569607056279
4	1414	808.935232063385	37.427902326269
4	1424	813.887070615979	41.870827477513
4	1434	828.450235732575	48.187071383419
4	1440	829.316072281584	46.127229592806
4	1446	833.554975145418	49.727553358048
4	1450	840.571369239842	55.477130751297
4	1456	842.296939853559	53.038970686947
4	1460	842.64153839265	51.476042186283
4	1468	845.209461947482	53.28890999928
4	1472	848.673988724899	49.268261557173
4	1476	848.674619335868	47.292775584544
4	1482	850.177541941673	44.167265163234
4	1486	850.189173052127	44.1250695646
4	1500	855.928382249942	46.273459089751
4	1506	856.909035541528	47.16108254989
4	1510	858.381949312896	45.606568679898
4	1514	858.590479490438	44.058549775299
4	1518	859.185621615873	43.445657581004
4	1530	870.428150024771	54.513948485653
4	1536	871.385128760067	42.715621375038
4	1542	875.404495685638	44.598788200973
4	1548	879.121724327471	38.190706425953
4	1554	880.646352647657	37.814334983224
4	1560	883.843887377517	40.784102172751
4	1566	887.874313555842	37.961420298028
4	1570	888.814969790229	37.010482109163
4	1578	893.531881345251	40.310679153086
4	1582	893.565232622582	38.584093602494
4	1590	895.77750943619	40.73003890251
4	1596	896.691254679829	41.399004188916
4	1600	897.334275168771	41.119914541627
4	1608	912.53132874322	52.69333716726
4	1614	917.146630792198	56.74306534669
4	1620	925.153686258567	61.963005031688
4	1624	925.43461118322	60.282959924235
4	1630	927.892548244597	57.363944399535
4	1636	930.574290560556	57.33488430551
4	1640	932.776898031189	56.363694891909
4	1648	937.290315934304	57.921421819695
4	1654	937.501369240158	55.491573590543
4	1660	939.866174659335	55.402880345224
4	1668	949.783503570161	58.5558796338
4	1674	958.288255291489	65.491623741282
4	1680	962.74603979792	68.812686290121
4	1684	963.0758289046	68.31385934032
4	1692	981.712756990545	85.758507427913
4	1696	984.380408138346	84.559480465756
4	1704	988.001414660015	84.928425440183
4	1710	996.775779839597	83.622145781231
4	1714	996.876817640766	78.797637206086
5	240	109.528418498267	0
5	246	116.695584909073	0
5	250	117.450986137156	0
5	254	117.621612815158	0
5	264	129.302562630819	0
5	268	135.099605340393	0
5	276	142.815927498739	0
5	280	146.314496598742	0
5	288	156.822052075736	0
5	292	160.065711771569	0
5	300	164.679623844557	0
5	304	165.513804623316	0
5	308	165.87288505265	0
5	316	169.076007719051	0
5	320	170.416935109721	0
5	328	179.058916505192	0
5	336	183.358231548022	0
5	340	184.552864016005	0
5	344	185.991459122908	0
5	352	188.865209913814	0
5	356	190.50484562409	0
5	366	196.26501194901	0
5	370	200.083562044475	0
5	376	202.307544041916	0
5	382	203.160989411516	0
5	386	203.247562680085	0
5	396	212.106038969016	0
5	402	216.217208653884	0
5	408	219.110122689306	0
5	414	220.171001671575	0
5	420	222.981207560329	0
5	424	227.184973508701	0
5	428	229.313174462064	0
5	432	230.06969719893	0
5	438	232.194771508659	0
5	442	234.412723871645	0
5	450	235.613758035978	0
5	460	238.068674779248	0
5	466	238.844090719171	0
5	470	241.952306401381	0
5	476	243.641340505183	0
5	484	246.897567418439	0
5	488	247.636995926111	0
5	496	248.867324918895	0
5	504	250.339014981302	0
5	510	257.242243723272	0
5	514	259.264185108825	0
5	518	261.563178983429	0
5	522	261.851201262857	0
5	528	262.48540768376	0
5	534	262.942133916071	0
5	542	265.617312466736	0
5	548	266.249929410556	0
5	556	266.751894294533	0
5	564	274.202542116973	0
5	570	276.882337685442	0
5	576	278.635197788319	0
5	580	279.223584096377	0
5	588	289.449230695554	0
5	594	301.90247847551	0
5	600	306.840018781284	0
5	606	314.831386639371	0
5	610	317.12784399801	0
5	618	319.738996619797	0
5	622	319.979076411259	0
5	626	321.791313878133	0
5	632	323.40821168915	0
5	640	326.813146652735	0
5	648	330.791386430314	0
5	652	332.314138545914	0
5	660	336.801585956145	0
5	666	341.805950561051	0
5	672	346.823115162882	0
5	676	347.191669838845	0
5	680	347.879277956958	0
5	690	352.335859946693	0
5	696	354.38447709025	0
5	702	368.024582736403	0
5	708	370.013650078589	0
5	714	376.507089531122	0
5	720	377.988063975287	0
5	724	379.062681818254	0
5	730	380.476351731975	0
5	738	393.722002035948	0
5	742	397.263925092687	0
5	750	404.329767086186	0
5	756	408.331111959235	0
5	762	413.305523062436	0
5	766	415.2836426617	0
5	772	418.363517568272	0
5	780	420.674493054976	0
5	784	420.750692285097	0
5	788	421.033692279878	0
5	794	422.108676944921	0
5	804	430.134119098603	0
5	810	433.079349917109	0
5	816	439.724350304981	0
5	822	441.314256420512	0
5	828	451.707790884789	0
5	832	452.030278104043	0
5	838	456.660159253899	0
5	842	458.287081971314	0
5	852	465.528264206752	0
5	856	466.148481559191	0
5	862	467.359610120946	0
5	868	470.874737515566	0
5	874	475.507685412486	0
5	882	483.307243855391	0
5	888	488.883698823638	0
5	892	490.689249406693	0
5	896	490.900569218224	0
5	906	496.659497287352	0
5	910	499.055992866034	0
5	916	502.353751212651	0
5	922	506.904005898569	0
5	928	510.393023035637	0
5	936	514.38780773087	0
5	942	520.937787479033	0
5	946	520.975683200327	0
5	950	524.570442199602	0
5	954	524.801843589554	0
5	962	525.809808862424	0
5	968	526.150033441189	0
5	976	527.605235030915	0
5	980	527.606563459033	0
5	990	540.176406779166	0
5	996	546.738738740053	0
5	1000	547.595848582793	0
5	1004	549.734612294346	0
5	1014	553.605899496918	0
5	1020	558.324186472488	0
5	1026	563.285547902869	0
5	1032	565.974347893476	0
5	1036	566.107071791626	0
5	1044	571.561644011759	0
5	1050	572.98055978218	0
5	1056	577.16082219974	0
5	1062	593.323502331965	0
5	1068	598.39104771323	0
5	1072	598.773062461072	0
5	1080	600.77102828268	0
5	1086	604.916038239731	0
5	1092	609.626009542764	0
5	1098	614.178446986059	0
5	1102	615.263574142243	0
5	1110	618.323051195285	0
5	1116	621.443211028414	0
5	1120	622.257049491531	0
5	1126	625.649027777577	0
5	1134	638.824879940751	0
5	1140	642.537822625293	0
5	1144	644.826138057824	0
5	1148	646.015162740615	0
5	1156	648.677078576841	0
5	1164	669.021113353765	0
5	1168	671.440192970382	0
5	1174	673.736323190893	0
5	1182	678.516363321996	0
5	1188	685.854761892165	0
5	1194	694.959026551051	0
5	1200	695.411148334958	0
5	1204	695.460947219775	0
5	1210	701.337081779074	0
5	1214	701.768791652164	0
5	1224	707.410776561597	0
5	1230	712.600492300898	0
5	1236	717.037162610023	0
5	1240	718.895332278301	0
5	1248	724.123195561275	0
5	1252	727.886698531655	0
5	1260	731.364400421186	0
5	1266	733.067982886789	0
5	1270	738.571587070435	0
5	1276	739.018909799294	0
5	1284	741.547645075049	0
5	1288	745.289172938684	0
5	1294	747.140647337964	0
5	1302	754.490652191157	0
5	1306	756.556624302607	0
5	1312	759.772055684708	0
5	1320	770.090661268987	0
5	1324	770.355768152136	0
5	1332	776.277011307578	0
5	1338	782.152638783632	0
5	1342	782.263385787657	0
5	1348	783.386748864082	0
5	1354	784.954653138521	0
5	1362	790.699461134544	0
5	1366	791.066390782379	0
5	1374	792.336415349135	0
5	1378	798.386466849847	0
5	1384	799.523463960919	0
5	1390	803.727422125083	0
5	1394	803.948349890371	0
5	1402	807.490166145168	0
5	1406	808.244522074896	0
5	1410	808.383500403518	0
5	1414	808.935232063385	0
5	1424	813.887070615979	0
5	1434	828.450235732575	0
5	1440	829.316072281584	0
5	1446	833.554975145418	0
5	1450	840.571369239842	0
5	1456	842.296939853559	0
5	1460	842.64153839265	0
5	1468	845.209461947482	0
5	1472	848.673988724899	0
5	1476	848.674619335868	0
5	1482	850.177541941673	0
5	1486	850.189173052127	0
5	1500	855.928382249942	0
5	1506	856.909035541528	0
5	1510	858.381949312896	0
5	1514	858.590479490438	0
5	1518	859.185621615873	0
5	1530	870.428150024771	0
5	1536	871.385128760067	0
5	1542	875.404495685638	0
5	1548	879.121724327471	0
5	1554	880.646352647657	0
5	1560	883.843887377517	0
5	1566	887.874313555842	0
5	1570	888.814969790229	0
5	1578	893.531881345251	0
5	1582	893.565232622582	0
5	1590	895.77750943619	0
5	1596	896.691254679829	0
5	1600	897.334275168771	0
5	1608	912.53132874322	0
5	1614	917.146630792198	0
5	1620	925.153686258567	0
5	1624	925.43461118322	0
5	1630	927.892548244597	0
5	1636	930.574290560556	0
5	1640	932.776898031189	0
5	1648	937.290315934304	0
5	1654	937.501369240158	0
5	1660	939.866174659335	0
5	1668	949.783503570161	0
5	1674	958.288255291489	0
5	1680	962.74603979792	0
5	1684	963.0758289046	0
5	1692	981.712756990545	0
5	1696	984.380408138346	0
5	1704	988.001414660015	0
5	1710	996.775779839597	0
5	1714	996.876817640766	0

