version 3
run General-42-20221103-10:28:22-6760
attr configname General
attr datetime 20221103-10:28:22
attr datetimef 20221103-102822
attr experiment General
attr inifile block.ini
attr iterationvars "$0=4, $1=30"
attr iterationvarsd 4/30
attr iterationvarsf 4,30-
attr measurement "$0=4, $1=30"
attr network Block
attr processid 6760
attr repetition 2
attr replication #2
attr resultdir results
attr runnumber 42
attr seedset 42
config network Block
config repeat 5
config sim-time-limit 1000s
config warmup-period 100s
config **.alloca.resourceModuleName "\"risorse\""
config **.dealloca.resourceModuleName "\"risorse\""
config **.is.delay exponential(3s)
config **.servente.serviceTime exponential(4s)
config **.dealloca.resourceAmount 2
config **.alloca.resourceAmount 2
config **.risorse.amount 6
config **.sorgente.numJobs (30)
config **.result-recording-modes all

vector 0 Block.servente queueLength:vector ETV
attr interpolationmode sample-hold
attr recordingmode vector
attr title "queue length"
vector 1 Block.servente queueingTime:vector ETV
attr interpolationmode none
attr recordingmode vector
attr title "queueing time at dequeue"
attr unit s
vector 2 Block.alloca queueLength:vector ETV
attr interpolationmode sample-hold
attr recordingmode vector
attr title "queue length"
vector 3 Block.alloca queueingTime:vector ETV
attr interpolationmode none
attr recordingmode vector
attr title "queueing time at dequeue"
attr unit s
vector 4 Block.risorse amount:vector ETV
attr interpolationmode sample-hold
attr recordingmode vector
attr title "available resource"
vector 5 Block.is delayedJobs:vector ETV
attr interpolationmode sample-hold
attr recordingmode vector
attr title "number of delayed jobs"
0	257	103.705245613622	1
0	259	103.705245613622	2
0	261	104.466812049159	1
0	263	104.466812049159	2
0	267	106.450958205162	1
0	269	106.450958205162	2
0	271	107.255684600037	1
0	273	107.255684600037	2
0	281	112.887577780234	1
0	283	112.887577780234	2
0	287	115.102203244283	1
0	289	115.102203244283	2
0	291	116.034684175947	1
0	293	116.034684175947	2
0	299	119.389229152166	1
0	301	119.389229152166	2
0	303	119.516485287643	1
0	305	119.516485287643	2
0	309	126.904342213695	1
0	311	126.904342213695	2
0	313	129.293902463056	1
0	315	129.293902463056	2
0	319	131.305003135859	1
0	321	131.305003135859	2
0	329	141.755537536661	1
0	331	141.755537536661	2
0	333	146.952658747465	1
0	335	146.952658747465	2
0	339	148.533970033757	1
0	341	148.533970033757	2
0	347	151.913982457568	1
0	349	151.913982457568	2
0	353	154.856817423023	1
0	355	154.856817423023	2
0	359	167.851274949868	1
0	361	167.851274949868	2
0	365	175.296583984949	1
0	367	175.296583984949	2
0	371	180.799111392489	1
0	373	180.799111392489	2
0	375	183.902550310959	1
0	377	183.902550310959	2
0	383	187.437371789098	1
0	385	187.437371789098	2
0	389	200.876285974083	1
0	391	200.876285974083	2
0	395	204.612417257519	1
0	397	204.612417257519	2
0	401	205.90426829433	1
0	403	205.90426829433	2
0	405	207.309730300338	1
0	407	207.309730300338	2
0	411	208.032303482036	1
0	413	208.032303482036	2
0	415	208.095343254208	1
0	417	208.095343254208	2
0	419	210.297779474323	1
0	421	210.297779474323	2
0	427	212.307103474131	1
0	429	212.307103474131	2
0	435	213.696764839767	1
0	437	213.696764839767	2
0	439	213.753484378484	1
0	441	213.753484378484	2
0	443	214.640274782368	1
0	445	214.640274782368	2
0	453	219.610324805447	1
0	455	219.610324805447	2
0	461	225.856260725263	1
0	463	225.856260725263	2
0	467	229.581471933089	1
0	469	229.581471933089	2
0	473	240.012529501804	1
0	475	240.012529501804	2
0	479	244.224145896965	1
0	481	244.224145896965	2
0	485	254.082664808659	1
0	487	254.082664808659	2
0	491	261.672173547388	1
0	493	261.672173547388	2
0	497	264.059528447702	1
0	499	264.059528447702	2
0	503	264.460622867153	1
0	505	264.460622867153	2
0	509	266.313963352181	1
0	511	266.313963352181	2
0	515	270.734593081963	1
0	517	270.734593081963	2
0	521	275.120120419244	1
0	523	275.120120419244	2
0	527	278.699194299534	1
0	529	278.699194299534	2
0	531	279.983994145754	1
0	533	279.983994145754	2
0	537	283.27923619989	1
0	539	283.27923619989	2
0	543	285.210307175863	1
0	545	285.210307175863	2
0	551	299.471590743765	1
0	553	299.471590743765	2
0	557	307.031210224946	1
0	559	307.031210224946	2
0	563	312.147856949606	1
0	565	312.147856949606	2
0	567	313.224527952198	1
0	569	313.224527952198	2
0	571	314.407752268828	1
0	573	314.407752268828	2
0	575	314.572847287094	1
0	577	314.572847287094	2
0	587	319.533498484095	1
0	589	319.533498484095	2
0	593	320.003639468524	1
0	595	320.003639468524	2
0	599	322.318177021635	1
0	601	322.318177021635	2
0	605	323.219356508077	1
0	607	323.219356508077	2
0	611	332.263731966866	1
0	613	332.263731966866	2
0	617	334.843981786073	1
0	619	334.843981786073	2
0	623	338.157793340224	1
0	625	338.157793340224	2
0	627	342.914341349422	1
0	629	342.914341349422	2
0	631	343.514524597674	1
0	633	343.514524597674	2
0	641	347.224107027438	1
0	643	347.224107027438	2
0	645	350.328840588689	1
0	647	350.328840588689	2
0	651	351.236750301384	1
0	653	351.236750301384	2
0	659	362.685303927396	1
0	661	362.685303927396	2
0	665	366.339137571401	1
0	667	366.339137571401	2
0	671	371.086092063754	1
0	673	371.086092063754	2
0	677	379.582771299285	1
0	679	379.582771299285	2
0	681	383.499204043763	1
0	683	383.499204043763	2
0	687	384.90103095744	1
0	689	384.90103095744	2
0	691	385.346966784715	1
0	693	385.346966784715	2
0	697	387.786123513265	1
0	699	387.786123513265	2
0	703	388.771979183465	1
0	705	388.771979183465	2
0	709	390.926890672291	1
0	711	390.926890672291	2
0	719	399.518809138217	1
0	721	399.518809138217	2
0	723	401.087100022664	1
0	725	401.087100022664	2
0	727	401.60793548183	1
0	729	401.60793548183	2
0	733	403.370012067196	1
0	735	403.370012067196	2
0	743	412.863263404525	1
0	745	412.863263404525	2
0	749	414.133807029314	1
0	751	414.133807029314	2
0	755	418.306783667052	1
0	757	418.306783667052	2
0	759	418.308865714778	1
0	761	418.308865714778	2
0	763	420.047837023987	1
0	765	420.047837023987	2
0	769	421.501952012261	1
0	771	421.501952012261	2
0	773	422.221597948085	1
0	775	422.221597948085	2
0	785	425.276644174721	1
0	787	425.276644174721	2
0	791	427.929677334722	1
0	793	427.929677334722	2
0	797	432.6459660841	1
0	799	432.6459660841	2
0	803	433.901590267811	1
0	805	433.901590267811	2
0	807	435.021110064202	1
0	809	435.021110064202	2
0	811	435.758200920386	1
0	813	435.758200920386	2
0	817	436.745714054154	1
0	819	436.745714054154	2
0	823	440.012418844542	1
0	825	440.012418844542	2
0	831	442.081377931704	1
0	833	442.081377931704	2
0	835	442.349751980015	1
0	837	442.349751980015	2
0	841	443.521417169014	1
0	843	443.521417169014	2
0	847	444.655519066822	1
0	849	444.655519066822	2
0	853	449.422434941656	1
0	855	449.422434941656	2
0	863	454.405374072354	1
0	865	454.405374072354	2
0	867	455.046457218042	1
0	869	455.046457218042	2
0	875	479.416886660254	1
0	877	479.416886660254	2
0	879	480.658130144579	1
0	881	480.658130144579	2
0	887	495.680763940189	1
0	889	495.680763940189	2
0	893	497.798331733291	1
0	895	497.798331733291	2
0	897	497.932768742392	1
0	899	497.932768742392	2
0	903	499.625684044651	1
0	905	499.625684044651	2
0	909	503.65001348447	1
0	911	503.65001348447	2
0	917	508.216578566989	1
0	919	508.216578566989	2
0	923	511.24463073185	1
0	925	511.24463073185	2
0	927	513.61988868896	1
0	929	513.61988868896	2
0	933	516.839718837757	1
0	935	516.839718837757	2
0	939	520.432507722292	1
0	941	520.432507722292	2
0	943	520.769745991818	1
0	945	520.769745991818	2
0	949	522.615694524628	1
0	951	522.615694524628	2
0	953	523.724826179531	1
0	955	523.724826179531	2
0	965	530.225871048516	1
0	967	530.225871048516	2
0	969	532.767653692687	1
0	971	532.767653692687	2
0	977	549.166642953864	1
0	979	549.166642953864	2
0	981	551.202116071937	1
0	983	551.202116071937	2
0	989	557.982793878598	1
0	991	557.982793878598	2
0	995	564.387584153732	1
0	997	564.387584153732	2
0	999	565.04103797277	1
0	1001	565.04103797277	2
0	1007	567.879760658274	1
0	1009	567.879760658274	2
0	1013	572.640208699994	1
0	1015	572.640208699994	2
0	1019	580.458041443123	1
0	1021	580.458041443123	2
0	1023	582.035898244143	1
0	1025	582.035898244143	2
0	1029	583.030980016693	1
0	1031	583.030980016693	2
0	1037	587.998364596681	1
0	1039	587.998364596681	2
0	1043	594.630799011823	1
0	1045	594.630799011823	2
0	1047	596.345729777452	1
0	1049	596.345729777452	2
0	1051	596.750214728058	1
0	1053	596.750214728058	2
0	1061	608.03889467798	1
0	1063	608.03889467798	2
0	1067	610.066043301018	1
0	1069	610.066043301018	2
0	1071	612.983224965404	1
0	1073	612.983224965404	2
0	1079	620.256709273262	1
0	1081	620.256709273262	2
0	1085	624.760932436178	1
0	1087	624.760932436178	2
0	1091	630.076297827973	1
0	1093	630.076297827973	2
0	1095	631.014489252597	1
0	1097	631.014489252597	2
0	1099	634.133215349851	1
0	1101	634.133215349851	2
0	1109	638.893289817205	1
0	1111	638.893289817205	2
0	1113	639.931223584345	1
0	1115	639.931223584345	2
0	1117	640.700492613024	1
0	1119	640.700492613024	2
0	1127	656.807612215103	1
0	1129	656.807612215103	2
0	1133	659.715552463176	1
0	1135	659.715552463176	2
0	1139	660.924457383777	1
0	1141	660.924457383777	2
0	1145	683.272402755633	1
0	1147	683.272402755633	2
0	1151	696.73024692014	1
0	1153	696.73024692014	2
0	1155	699.998685026167	1
0	1157	699.998685026167	2
0	1163	708.568597058257	1
0	1165	708.568597058257	2
0	1167	709.405101636208	1
0	1169	709.405101636208	2
0	1175	710.712852546015	1
0	1177	710.712852546015	2
0	1181	715.533517661014	1
0	1183	715.533517661014	2
0	1187	723.033937777502	1
0	1189	723.033937777502	2
0	1193	730.79472390051	1
0	1195	730.79472390051	2
0	1197	732.868194045684	1
0	1199	732.868194045684	2
0	1205	741.61701716296	1
0	1207	741.61701716296	2
0	1211	749.230332779587	1
0	1213	749.230332779587	2
0	1217	760.2030736646	1
0	1219	760.2030736646	2
0	1221	766.357885277533	1
0	1223	766.357885277533	2
0	1229	770.780290922579	1
0	1231	770.780290922579	2
0	1235	774.25683785999	1
0	1237	774.25683785999	2
0	1241	776.119499793985	1
0	1243	776.119499793985	2
0	1247	787.382048775346	1
0	1249	787.382048775346	2
0	1253	801.929298642204	1
0	1255	801.929298642204	2
0	1259	803.265157648155	1
0	1261	803.265157648155	2
0	1263	804.722626084347	1
0	1265	804.722626084347	2
0	1269	807.381749420306	1
0	1271	807.381749420306	2
0	1275	809.761653000583	1
0	1277	809.761653000583	2
0	1283	830.542867981941	1
0	1285	830.542867981941	2
0	1287	831.316844121242	1
0	1289	831.316844121242	2
0	1291	831.389806991282	1
0	1293	831.389806991282	2
0	1299	834.113841326872	1
0	1301	834.113841326872	2
0	1305	834.901906308485	1
0	1307	834.901906308485	2
0	1309	836.727690335341	1
0	1311	836.727690335341	2
0	1317	842.180666910452	1
0	1319	842.180666910452	2
0	1325	847.285979627212	1
0	1327	847.285979627212	2
0	1329	848.759008351344	1
0	1331	848.759008351344	2
0	1337	851.887273710868	1
0	1339	851.887273710868	2
0	1343	854.731003980332	1
0	1345	854.731003980332	2
0	1349	858.777066473688	1
0	1351	858.777066473688	2
0	1355	859.930258571078	1
0	1357	859.930258571078	2
0	1359	863.495391217978	1
0	1361	863.495391217978	2
0	1367	878.927966185118	1
0	1369	878.927966185118	2
0	1371	881.595873903084	1
0	1373	881.595873903084	2
0	1379	891.057921702223	1
0	1381	891.057921702223	2
0	1383	893.337354513077	1
0	1385	893.337354513077	2
0	1387	895.060968721052	1
0	1389	895.060968721052	2
0	1397	899.204683442813	1
0	1399	899.204683442813	2
0	1403	903.626313449539	1
0	1405	903.626313449539	2
0	1409	911.611646402772	1
0	1411	911.611646402772	2
0	1413	912.658068012232	1
0	1415	912.658068012232	2
0	1419	915.424208984233	1
0	1421	915.424208984233	2
0	1427	918.818776567807	1
0	1429	918.818776567807	2
0	1433	924.672411632703	1
0	1435	924.672411632703	2
0	1437	924.850743605793	1
0	1439	924.850743605793	2
0	1445	945.699673938426	1
0	1447	945.699673938426	2
0	1449	948.238768285075	1
0	1451	948.238768285075	2
0	1453	949.5503427318	1
0	1455	949.5503427318	2
0	1463	958.149593462176	1
0	1465	958.149593462176	2
0	1469	963.658436908472	1
0	1471	963.658436908472	2
0	1475	975.894986426111	1
0	1477	975.894986426111	2
0	1479	977.501378653302	1
0	1481	977.501378653302	2
0	1485	980.720062701121	1
0	1487	980.720062701121	2
0	1489	984.11732532397	1
0	1491	984.11732532397	2
0	1499	999.832289966382	1
0	1501	999.832289966382	2
1	257	103.705245613622	10.930117039172
1	261	104.466812049159	7.925283605852
1	267	106.450958205162	2.74571259154
1	271	107.255684600037	2.788872550878
1	281	112.887577780234	6.436619575072
1	287	115.102203244283	7.846518644246
1	291	116.034684175947	3.147106395713
1	299	119.389229152166	4.287025907883
1	303	119.516485287643	3.481801111696
1	309	126.904342213695	7.515113061529
1	313	129.293902463056	9.777417175413
1	319	131.305003135859	4.400660922164
1	329	141.755537536661	12.461635073605
1	333	146.952658747465	15.647655611606
1	339	148.533970033757	6.778432497096
1	347	151.913982457568	4.961323710103
1	353	154.856817423023	6.322847389266
1	359	167.851274949868	15.9372924923
1	365	175.296583984949	20.439766561926
1	371	180.799111392489	12.947836442621
1	375	183.902550310959	8.60596632601
1	383	187.437371789098	6.638260396609
1	389	200.876285974083	16.973735663124
1	395	204.612417257519	17.175045468421
1	401	205.90426829433	5.027982320247
1	405	207.309730300338	2.697313042819
1	411	208.032303482036	2.128035187706
1	415	208.095343254208	0.78561295387
1	419	210.297779474323	2.265475992287
1	427	212.307103474131	4.211760219923
1	435	213.696764839767	3.398985365444
1	439	213.753484378484	1.446380904353
1	443	214.640274782368	0.943509942601
1	453	219.610324805447	5.856840426963
1	461	225.856260725263	11.215985942895
1	467	229.581471933089	9.971147127642
1	473	240.012529501804	14.156268776541
1	479	244.224145896965	14.642673963876
1	485	254.082664808659	14.070135306855
1	491	261.672173547388	17.448027650423
1	497	264.059528447702	9.976863639043
1	503	264.460622867153	2.788449319765
1	509	266.313963352181	2.254434904479
1	515	270.734593081963	6.27397021481
1	521	275.120120419244	8.806157067063
1	527	278.699194299534	7.964601217571
1	531	279.983994145754	4.86387372651
1	537	283.27923619989	4.580041900356
1	543	285.210307175863	5.226313030109
1	551	299.471590743765	16.192354543875
1	557	307.031210224946	21.820903049083
1	563	312.147856949606	12.676266205841
1	567	313.224527952198	6.193317727252
1	571	314.407752268828	2.259895319222
1	575	314.572847287094	1.348319334896
1	587	319.533498484095	5.125746215267
1	593	320.003639468524	5.43079218143
1	599	322.318177021635	2.78467853754
1	605	323.219356508077	3.215717039553
1	611	332.263731966866	9.945554945231
1	617	334.843981786073	11.624625277996
1	623	338.157793340224	5.894061373358
1	627	342.914341349422	8.070359563349
1	631	343.514524597674	5.35673125745
1	641	347.224107027438	4.309765678016
1	645	350.328840588689	6.814315991015
1	651	351.236750301384	4.012643273946
1	659	362.685303927396	12.356463338707
1	665	366.339137571401	15.102387270017
1	671	371.086092063754	8.400788136358
1	677	379.582771299285	13.243633727884
1	681	383.499204043763	12.413111980009
1	687	384.90103095744	5.318259658155
1	691	385.346966784715	1.847762740952
1	697	387.786123513265	2.885092555825
1	703	388.771979183465	3.42501239875
1	709	390.926890672291	3.140767159026
1	719	399.518809138217	10.746829954752
1	723	401.087100022664	10.160209350373
1	727	401.60793548183	2.089126343613
1	733	403.370012067196	2.282912044532
1	743	412.863263404525	11.255327922695
1	749	414.133807029314	10.763794962118
1	755	418.306783667052	5.443520262527
1	759	418.308865714778	4.175058685464
1	763	420.047837023987	1.741053356935
1	769	421.501952012261	3.193086297483
1	773	422.221597948085	2.173760924098
1	785	425.276644174721	3.77469216246
1	791	427.929677334722	5.708079386637
1	797	432.6459660841	7.369321909379
1	803	433.901590267811	5.971912933089
1	807	435.021110064202	2.375143980102
1	811	435.758200920386	1.856610652575
1	817	436.745714054154	1.724603989952
1	823	440.012418844542	4.254217924156
1	831	442.081377931704	5.33566387755
1	835	442.349751980015	2.337333135473
1	841	443.521417169014	1.44003923731
1	847	444.655519066822	2.305767086807
1	853	449.422434941656	5.901017772642
1	863	454.405374072354	9.749855005532
1	867	455.046457218042	5.624022276386
1	875	479.416886660254	25.0115125879
1	879	480.658130144579	25.611672926537
1	887	495.680763940189	16.263877279935
1	893	497.798331733291	17.140201588712
1	897	497.932768742392	2.252004802203
1	903	499.625684044651	1.82735231136
1	909	503.65001348447	5.717244742078
1	917	508.216578566989	8.590894522338
1	923	511.24463073185	7.59461724738
1	927	513.61988868896	5.403310121971
1	933	516.839718837757	5.595088105907
1	939	520.432507722292	6.812619033332
1	943	520.769745991818	3.930027154061
1	949	522.615694524628	2.183186802336
1	953	523.724826179531	2.955080187713
1	965	530.225871048516	7.610176523888
1	969	532.767653692687	9.042827513156
1	977	549.166642953864	18.940771905348
1	981	551.202116071937	18.43446237925
1	989	557.982793878598	8.816150924734
1	995	564.387584153732	13.185468081795
1	999	565.04103797277	7.058244094172
1	1007	567.879760658274	3.492176504542
1	1013	572.640208699994	7.599170727224
1	1019	580.458041443123	12.578280784849
1	1023	582.035898244143	9.395689544149
1	1029	583.030980016693	2.57293857357
1	1037	587.998364596681	5.962466352538
1	1043	594.630799011823	11.59981899513
1	1047	596.345729777452	8.347365180771
1	1051	596.750214728058	2.119415716235
1	1061	608.03889467798	11.693164900528
1	1067	610.066043301018	13.31582857296
1	1071	612.983224965404	4.944330287424
1	1079	620.256709273262	10.190665972244
1	1085	624.760932436178	11.777707470774
1	1091	630.076297827973	9.819588554711
1	1095	631.014489252597	6.253556816419
1	1099	634.133215349851	4.056917521878
1	1109	638.893289817205	7.878800564608
1	1113	639.931223584345	5.798008234494
1	1117	640.700492613024	1.807202795819
1	1127	656.807612215103	16.876388630758
1	1133	659.715552463176	19.015059850152
1	1139	660.924457383777	4.116845168674
1	1145	683.272402755633	23.556850292457
1	1151	696.73024692014	35.805789536363
1	1155	699.998685026167	16.726282270534
1	1163	708.568597058257	11.838350138117
1	1167	709.405101636208	9.406416610041
1	1175	710.712852546015	2.144255487758
1	1181	715.533517661014	6.128416024806
1	1187	723.033937777502	12.321085231487
1	1193	730.79472390051	15.261206239496
1	1197	732.868194045684	9.834256268182
1	1205	741.61701716296	10.82229326245
1	1211	749.230332779587	16.362138733903
1	1217	760.2030736646	18.58605650164
1	1221	766.357885277533	17.127552497946
1	1229	770.780290922579	10.577217257979
1	1235	774.25683785999	7.898952582457
1	1241	776.119499793985	5.339208871406
1	1247	787.382048775346	13.125210915356
1	1253	801.929298642204	25.809798848219
1	1259	803.265157648155	15.883108872809
1	1263	804.722626084347	2.793327442143
1	1269	807.381749420306	4.116591772151
1	1275	809.761653000583	5.039026916236
1	1283	830.542867981941	23.161118561635
1	1287	831.316844121242	21.555191120659
1	1291	831.389806991282	0.846939009341
1	1299	834.113841326872	2.79699720563
1	1305	834.901906308485	3.512099317203
1	1309	836.727690335341	2.613849008469
1	1317	842.180666910452	7.278760601967
1	1325	847.285979627212	10.558289291871
1	1329	848.759008351344	6.578341440892
1	1337	851.887273710868	4.601294083656
1	1343	854.731003980332	5.971995628988
1	1349	858.777066473688	6.88979276282
1	1355	859.930258571078	5.199254590746
1	1359	863.495391217978	4.71832474429
1	1367	878.927966185118	18.99770761404
1	1371	881.595873903084	18.100482685106
1	1379	891.057921702223	12.129955517105
1	1383	893.337354513077	11.741480609993
1	1387	895.060968721052	4.003047018829
1	1397	899.204683442813	5.867328929736
1	1403	903.626313449539	8.565344728487
1	1409	911.611646402772	12.406962959959
1	1413	912.658068012232	9.031754562693
1	1419	915.424208984233	3.812562581461
1	1427	918.818776567807	6.160708555575
1	1433	924.672411632703	9.24820264847
1	1437	924.850743605793	6.031967037986
1	1445	945.699673938426	21.027262305723
1	1449	948.238768285075	23.388024679282
1	1453	949.5503427318	3.850668793374
1	1463	958.149593462176	9.910825177101
1	1469	963.658436908472	14.108094176672
1	1475	975.894986426111	17.745392963935
1	1479	977.501378653302	13.84294174483
1	1485	980.720062701121	4.82507627501
1	1489	984.11732532397	6.615946670668
1	1499	999.832289966382	19.112227265261
2	258	103.705245613622	26
2	262	104.466812049159	25
2	266	105.365185377013	26
2	268	106.450958205162	25
2	272	107.255684600037	24
2	276	108.376324332218	25
2	278	109.709725565316	26
2	280	110.906514279545	27
2	282	112.887577780234	26
2	286	115.089910465554	27
2	288	115.102203244283	26
2	292	116.034684175947	25
2	296	116.647849991607	26
2	298	117.475874624104	27
2	300	119.389229152166	26
2	304	119.516485287643	25
2	308	123.993221452008	26
2	310	126.904342213695	25
2	314	129.293902463056	24
2	318	129.867650620347	25
2	320	131.305003135859	24
2	324	134.038166355164	25
2	326	135.319625337129	26
2	328	136.050358451321	27
2	330	141.755537536661	26
2	334	146.952658747465	25
2	338	147.2306251157	26
2	340	148.533970033757	25
2	344	149.188374122284	26
2	346	149.403843715155	27
2	348	151.913982457568	26
2	352	152.052828349685	27
2	354	154.856817423023	26
2	358	156.0374136627	27
2	360	167.851274949868	26
2	364	169.327665815065	27
2	366	175.296583984949	26
2	370	176.246265314317	27
2	372	180.799111392489	26
2	376	183.902550310959	25
2	380	185.226231303155	26
2	382	186.092784993204	27
2	384	187.437371789098	26
2	388	188.426780316859	27
2	390	200.876285974083	26
2	394	203.223507251456	27
2	396	204.612417257519	26
2	400	205.068111699777	27
2	402	205.90426829433	26
2	406	207.309730300338	25
2	410	207.542157906394	26
2	412	208.032303482036	25
2	416	208.095343254208	24
2	420	210.297779474323	23
2	424	210.765719112417	24
2	426	210.962397797243	25
2	428	212.307103474131	24
2	432	212.323715751097	25
2	434	212.533794614717	26
2	436	213.696764839767	25
2	440	213.753484378484	24
2	444	214.640274782368	23
2	448	217.434772084531	24
2	450	218.557263448713	25
2	452	218.766455185992	26
2	454	219.610324805447	25
2	458	221.034742098694	26
2	460	224.035968324362	27
2	462	225.856260725263	26
2	466	226.087048502462	27
2	468	229.581471933089	26
2	472	230.913149934186	27
2	474	240.012529501804	26
2	478	240.381979798806	27
2	480	244.224145896965	26
2	484	250.189734503764	27
2	486	254.082664808659	26
2	490	257.011568370107	27
2	492	261.672173547388	26
2	496	262.877629948999	27
2	498	264.059528447702	26
2	502	264.256532647454	27
2	504	264.460622867153	26
2	508	265.578087918989	27
2	510	266.313963352181	26
2	514	267.493905993483	27
2	516	270.734593081963	26
2	520	274.658220390124	27
2	522	275.120120419244	26
2	526	278.16478849257	27
2	528	278.699194299534	26
2	532	279.983994145754	25
2	536	281.901192529666	26
2	538	283.27923619989	25
2	542	283.66135335924	26
2	544	285.210307175863	25
2	548	285.245950086532	26
2	550	288.957686174308	27
2	552	299.471590743765	26
2	556	303.762768935559	27
2	558	307.031210224946	26
2	562	309.502872737383	27
2	564	312.147856949606	26
2	568	313.224527952198	25
2	572	314.407752268828	24
2	576	314.572847287094	23
2	580	315.266972153223	24
2	582	316.246289881572	25
2	584	316.569526916272	26
2	586	316.626788763586	27
2	588	319.533498484095	26
2	592	319.61074180244	27
2	594	320.003639468524	26
2	598	320.346141778441	27
2	600	322.318177021635	26
2	604	322.413978066477	27
2	606	323.219356508077	26
2	610	326.254545143163	27
2	612	332.263731966866	26
2	616	333.395922094245	27
2	618	334.843981786073	26
2	622	336.975293329903	27
2	624	338.157793340224	26
2	628	342.914341349422	25
2	632	343.514524597674	24
2	636	343.774557820846	25
2	638	345.099370516073	26
2	640	345.301590115214	27
2	642	347.224107027438	26
2	646	350.328840588689	25
2	650	351.108256034832	26
2	652	351.236750301384	25
2	656	351.450354480061	26
2	658	351.477063145992	27
2	660	362.685303927396	26
2	664	363.711724842762	27
2	666	366.339137571401	26
2	670	366.866562640926	27
2	672	371.086092063754	26
2	676	379.050942132826	27
2	678	379.582771299285	26
2	682	383.499204043763	25
2	686	384.535432549984	26
2	688	384.90103095744	25
2	692	385.346966784715	24
2	696	386.509686654621	25
2	698	387.786123513265	24
2	702	388.405609940342	25
2	704	388.771979183465	24
2	708	390.230873678128	25
2	710	390.926890672291	24
2	714	391.055590096786	25
2	716	393.252190377615	26
2	718	395.46441940395	27
2	720	399.518809138217	26
2	724	401.087100022664	25
2	728	401.60793548183	24
2	732	402.75612760751	25
2	734	403.370012067196	24
2	738	403.719788540733	25
2	740	404.460854088641	26
2	742	407.879828075378	27
2	744	412.863263404525	26
2	748	413.639323645905	27
2	750	414.133807029314	26
2	754	415.804980142897	27
2	756	418.306783667052	26
2	760	418.308865714778	25
2	764	420.047837023987	24
2	768	420.068766252046	25
2	770	421.501952012261	24
2	774	422.221597948085	23
2	778	423.418272876591	24
2	780	423.64658047587	25
2	782	423.842417901831	26
2	784	424.222900621626	27
2	786	425.276644174721	26
2	790	426.030146173244	27
2	792	427.929677334722	26
2	796	428.312718516802	27
2	798	432.6459660841	26
2	802	433.881691827049	27
2	804	433.901590267811	26
2	808	435.021110064202	25
2	812	435.758200920386	24
2	816	436.192261487295	25
2	818	436.745714054154	24
2	822	437.952559356741	25
2	824	440.012418844542	24
2	828	440.387974973218	25
2	830	441.368342356726	26
2	832	442.081377931704	25
2	836	442.349751980015	24
2	840	442.490953741284	25
2	842	443.521417169014	24
2	846	444.391601060262	25
2	848	444.655519066822	24
2	852	446.718496871936	25
2	854	449.422434941656	24
2	858	450.496226333144	25
2	860	452.195781780102	26
2	862	452.784772541506	27
2	864	454.405374072354	26
2	868	455.046457218042	25
2	872	455.159210656751	26
2	874	455.411123085941	27
2	876	479.416886660254	26
2	880	480.658130144579	25
2	884	482.238362845916	26
2	886	482.753689025999	27
2	888	495.680763940189	26
2	892	495.839317217016	27
2	894	497.798331733291	26
2	898	497.932768742392	25
2	902	498.778209489503	26
2	904	499.625684044651	25
2	908	500.447265697603	26
2	910	503.65001348447	25
2	914	504.119606054365	26
2	916	505.099351441095	27
2	918	508.216578566989	26
2	922	510.233394890855	27
2	924	511.24463073185	26
2	928	513.61988868896	25
2	932	514.451323140729	26
2	934	516.839718837757	25
2	938	520.185183869528	26
2	940	520.432507722292	25
2	944	520.769745991818	24
2	948	521.583745525547	25
2	950	522.615694524628	24
2	954	523.724826179531	23
2	958	523.97674232746	24
2	960	524.734170595651	25
2	962	525.100394586108	26
2	964	526.523941321155	27
2	966	530.225871048516	26
2	970	532.767653692687	25
2	974	533.227382268023	26
2	976	535.779167159305	27
2	978	549.166642953864	26
2	982	551.202116071937	25
2	986	551.468798679457	26
2	988	551.486003540274	27
2	990	557.982793878598	26
2	994	563.393728240882	27
2	996	564.387584153732	26
2	1000	565.04103797277	25
2	1004	565.548015045776	26
2	1006	565.660334277767	27
2	1008	567.879760658274	26
2	1012	568.004649938045	27
2	1014	572.640208699994	26
2	1018	575.321543928409	27
2	1020	580.458041443123	26
2	1024	582.035898244143	25
2	1028	582.08607908344	26
2	1030	583.030980016693	25
2	1034	583.853596686981	26
2	1036	585.18387173612	27
2	1038	587.998364596681	26
2	1042	588.768837044025	27
2	1044	594.630799011823	26
2	1048	596.345729777452	25
2	1052	596.750214728058	24
2	1056	596.920542435681	25
2	1058	597.739172091432	26
2	1060	600.272852282008	27
2	1062	608.03889467798	26
2	1066	609.505770797361	27
2	1068	610.066043301018	26
2	1072	612.983224965404	25
2	1076	613.427058188211	26
2	1078	618.347074646166	27
2	1080	620.256709273262	26
2	1084	621.508106578929	27
2	1086	624.760932436178	26
2	1090	625.122265304927	27
2	1092	630.076297827973	26
2	1096	631.014489252597	25
2	1100	634.133215349851	24
2	1104	635.028197455034	25
2	1106	637.309490412432	26
2	1108	637.834869062775	27
2	1110	638.893289817205	26
2	1114	639.931223584345	25
2	1118	640.700492613024	24
2	1122	642.129578078302	25
2	1124	643.13088970681	26
2	1126	645.029675777693	27
2	1128	656.807612215103	26
2	1132	659.070450473386	27
2	1134	659.715552463176	26
2	1138	660.546183571039	27
2	1140	660.924457383777	26
2	1144	661.217635792961	27
2	1146	683.272402755633	26
2	1150	690.097772384561	27
2	1152	696.73024692014	26
2	1156	699.998685026167	25
2	1160	703.006694822618	26
2	1162	703.650570033029	27
2	1164	708.568597058257	26
2	1168	709.405101636208	25
2	1172	709.810736586715	26
2	1174	710.693804461735	27
2	1176	710.712852546015	26
2	1180	714.596248804373	27
2	1182	715.533517661014	26
2	1186	722.355809535886	27
2	1188	723.033937777502	26
2	1192	729.577335547897	27
2	1194	730.79472390051	26
2	1198	732.868194045684	25
2	1202	735.33541045914	26
2	1204	735.950126118134	27
2	1206	741.61701716296	26
2	1210	741.880692326341	27
2	1212	749.230332779587	26
2	1216	749.759215408531	27
2	1218	760.2030736646	26
2	1222	766.357885277533	25
2	1226	767.06776505216	26
2	1228	769.155367119172	27
2	1230	770.780290922579	26
2	1234	770.808009732424	27
2	1236	774.25683785999	26
2	1240	774.577828563455	27
2	1242	776.119499793985	26
2	1246	779.386986895332	27
2	1248	787.382048775346	26
2	1252	787.39727209978	27
2	1254	801.929298642204	26
2	1258	802.455246108186	27
2	1260	803.265157648155	26
2	1264	804.722626084347	25
2	1268	805.652251188832	26
2	1270	807.381749420306	25
2	1274	808.254571959388	26
2	1276	809.761653000583	25
2	1280	810.523502604641	26
2	1282	810.54807383295	27
2	1284	830.542867981941	26
2	1288	831.316844121242	25
2	1292	831.389806991282	24
2	1296	832.129315383927	25
2	1298	832.57071173282	26
2	1300	834.113841326872	25
2	1304	834.279119847233	26
2	1306	834.901906308485	25
2	1310	836.727690335341	24
2	1314	838.04822776572	25
2	1316	838.230914001909	26
2	1318	842.180666910452	25
2	1322	842.403558488652	26
2	1324	845.396106787491	27
2	1326	847.285979627212	26
2	1330	848.759008351344	25
2	1334	849.054079531618	26
2	1336	849.806112515883	27
2	1338	851.887273710868	26
2	1342	853.262522629879	27
2	1344	854.731003980332	26
2	1348	855.655484437203	27
2	1350	858.777066473688	26
2	1354	859.616167079246	27
2	1356	859.930258571078	26
2	1360	863.495391217978	25
2	1364	864.993553704983	26
2	1366	870.767186108282	27
2	1368	878.927966185118	26
2	1372	881.595873903084	25
2	1376	884.587877083205	26
2	1378	885.606131767132	27
2	1380	891.057921702223	26
2	1384	893.337354513077	25
2	1388	895.060968721052	24
2	1392	895.432660497979	25
2	1394	895.809397425557	26
2	1396	897.641436438213	27
2	1398	899.204683442813	26
2	1402	901.239563747444	27
2	1404	903.626313449539	26
2	1408	904.277958132593	27
2	1410	911.611646402772	26
2	1414	912.658068012232	25
2	1418	913.646800117035	26
2	1420	915.424208984233	25
2	1424	915.456931842234	26
2	1426	915.4980584113	27
2	1428	918.818776567807	26
2	1432	921.929682955467	27
2	1434	924.672411632703	26
2	1438	924.850743605793	25
2	1442	925.257212329944	26
2	1444	933.313993187939	27
2	1446	945.699673938426	26
2	1450	948.238768285075	25
2	1454	949.5503427318	24
2	1458	950.937204896975	25
2	1460	954.93236146567	26
2	1462	955.629297871111	27
2	1464	958.149593462176	26
2	1468	958.19632539233	27
2	1470	963.658436908472	26
2	1474	971.565007401454	27
2	1476	975.894986426111	26
2	1480	977.501378653302	25
2	1484	977.571801255208	26
2	1486	980.720062701121	25
2	1490	984.11732532397	24
2	1494	987.703904736999	25
2	1496	989.869486364051	26
2	1498	990.6612685656	27
2	1500	999.832289966382	26
3	258	103.705245613622	94.204089338587
3	262	104.466812049159	94.330079110522
3	268	106.450958205162	95.940286292793
3	272	107.255684600037	95.854754548033
3	282	112.887577780234	100.8991920169
3	288	115.102203244283	100.53685753452
3	292	116.034684175947	101.41807968616
3	300	119.389229152166	104.24918106509
3	304	119.516485287643	89.357266009837
3	310	126.904342213695	96.463928585339
3	314	129.293902463056	95.287797668596
3	320	131.305003135859	95.513326884617
3	330	141.755537536661	103.5093759146
3	334	146.952658747465	94.903453682072
3	340	148.533970033757	91.306301002218
3	348	151.913982457568	89.068679700216
3	354	154.856817423023	87.809023414369
3	360	167.851274949868	89.689229143097
3	366	175.296583984949	95.890295084064
3	372	180.799111392489	95.697735381324
3	376	183.902550310959	98.247970479852
3	384	187.437371789098	101.17028546545
3	390	200.876285974083	112.30944133838
3	396	204.612417257519	115.79890502774
3	402	205.90426829433	116.4228812465
3	406	207.309730300338	112.48396003963
3	412	208.032303482036	111.38579386828
3	416	208.095343254208	102.73015787719
3	420	210.297779474323	101.92145514211
3	428	212.307103474131	102.59737790881
3	436	213.696764839767	102.79025056022
3	440	213.753484378484	98.66357391293
3	444	214.640274782368	97.992424790761
3	454	219.610324805447	102.13445018134
3	462	225.856260725263	101.86303927325
3	468	229.581471933089	99.713821312742
3	474	240.012529501804	105.97436314664
3	480	244.224145896965	108.90452055984
3	486	254.082664808659	118.03230635734
3	492	261.672173547388	114.44154843169
3	498	264.059528447702	114.87115432542
3	504	264.460622867153	115.056779152
3	510	266.313963352181	114.2611350025
3	516	270.734593081963	114.69717941926
3	522	275.120120419244	105.79245460418
3	528	278.699194299534	102.45292898522
3	532	279.983994145754	94.757762842599
3	538	283.27923619989	97.186451206686
3	544	285.210307175863	96.783526859004
3	552	299.471590743765	96.248083492309
3	558	307.031210224946	101.96309852517
3	564	312.147856949606	104.60569904321
3	568	313.224527952198	102.45880883978
3	572	314.407752268828	103.44535447158
3	576	314.572847287094	102.249131536
3	588	319.533498484095	106.99970386938
3	594	320.003639468524	102.56886738399
3	600	322.318177021635	103.76091357292
3	606	323.219356508077	104.45290132208
3	612	332.263731966866	111.22898986817
3	618	334.843981786073	110.80801346171
3	624	338.157793340224	112.07074483776
3	628	342.914341349422	112.00119141524
3	632	343.514524597674	103.13254479887
3	642	347.224107027438	97.034372523674
3	646	350.328840588689	93.317272218582
3	652	351.236750301384	88.359120352385
3	660	362.685303927396	98.428771279942
3	666	366.339137571401	100.76104965241
3	672	371.086092063754	103.59218607027
3	678	379.582771299285	104.92455090916
3	682	383.499204043763	105.33441555119
3	688	384.90103095744	102.99983842777
3	692	385.346966784715	101.68561342547
3	698	387.786123513265	102.54017342673
3	704	388.771979183465	99.814293009157
3	710	390.926890672291	87.164121736732
3	720	399.518809138217	90.015936400834
3	724	401.087100022664	85.820127869441
3	728	401.60793548183	85.361645600258
3	734	403.370012067196	86.800485150924
3	744	412.863263404525	96.236474640939
3	750	414.133807029314	94.523065226874
3	756	418.306783667052	97.960641888611
3	760	418.308865714778	95.894887648301
3	764	420.047837023987	93.793291880824
3	770	421.501952012261	88.106029918016
3	774	422.221597948085	85.246304618182
3	786	425.276644174721	81.502086353875
3	792	427.929677334722	82.830306818649
3	798	432.6459660841	87.344375968886
3	804	433.901590267811	82.793334232979
3	808	435.021110064202	83.570755584141
3	812	435.758200920386	84.281137774394
3	818	436.745714054154	73.033989211392
3	824	440.012418844542	73.145856203616
3	832	442.081377931704	63.030435798878
3	836	442.349751980015	57.814319430031
3	842	443.521417169014	57.011730514393
3	848	444.655519066822	56.24990912648
3	854	449.422434941656	59.191561263528
3	864	454.405374072354	63.349783975568
3	868	455.046457218042	61.794266840427
3	876	479.416886660254	83.952467256304
3	880	480.658130144579	77.902002537069
3	888	495.680763940189	91.960975399456
3	894	497.798331733291	93.33747764465
3	898	497.932768742392	90.052940667014
3	904	499.625684044651	85.986360398746
3	910	503.65001348447	87.845033341573
3	918	508.216578566989	88.147812314943
3	924	511.24463073185	87.826357855259
3	928	513.61988868896	89.97330821309
3	934	516.839718837757	92.997300935926
3	940	520.432507722292	96.209607100666
3	944	520.769745991818	94.739599818574
3	950	522.615694524628	94.302976007826
3	954	523.724826179531	89.843134352482
3	966	530.225871048516	94.033609561221
3	970	532.767653692687	94.815094335946
3	978	549.166642953864	108.77866798065
3	982	551.202116071937	109.83377371521
3	990	557.982793878598	115.49184013731
3	996	564.387584153732	119.99598309347
3	1000	565.04103797277	118.32254110083
3	1008	567.879760658274	117.38353432513
3	1014	572.640208699994	120.44442691989
3	1020	580.458041443123	127.67326890162
3	1024	582.035898244143	126.87668758739
3	1030	583.030980016693	127.61985693075
3	1038	587.998364596681	105.76000175076
3	1044	594.630799011823	111.87710998582
3	1048	596.345729777452	100.50641256044
3	1052	596.750214728058	97.972005238555
3	1062	608.03889467798	107.59162898038
3	1068	610.066043301018	105.94643724665
3	1072	612.983224965404	107.88387352431
3	1080	620.256709273262	110.02331438241
3	1086	624.760932436178	110.30960929545
3	1092	630.076297827973	109.89111395845
3	1096	631.014489252597	109.43074372705
3	1100	634.133215349851	110.15647302239
3	1110	638.893289817205	114.15911922155
3	1114	639.931223584345	114.83082899824
3	1118	640.700492613024	114.17655129187
3	1128	656.807612215103	123.58022994708
3	1134	659.715552463176	123.93638530387
3	1140	660.924457383777	109.45565870432
3	1146	683.272402755633	131.78639921536
3	1152	696.73024692014	133.33651867926
3	1156	699.998685026167	134.45066998039
3	1164	708.568597058257	142.90826278049
3	1168	709.405101636208	141.40045169816
3	1176	710.712852546015	135.39130861761
3	1182	715.533517661014	133.44743857757
3	1188	723.033937777502	139.18034109052
3	1194	730.79472390051	145.61085216439
3	1198	732.868194045684	144.09935700166
3	1206	741.61701716296	144.69647472728
3	1212	749.230332779587	151.49116068815
3	1218	760.2030736646	159.93022138259
3	1222	766.357885277533	156.85211448017
3	1230	770.780290922579	157.35323273437
3	1236	774.25683785999	155.90976321382
3	1242	776.119499793985	154.61139321506
3	1248	787.382048775346	162.25978347042
3	1254	801.929298642204	166.90110118717
3	1260	803.265157648155	165.95566723572
3	1264	804.722626084347	166.88775702157
3	1270	807.381749420306	165.252171342
3	1276	809.761653000583	166.63076329377
3	1284	830.542867981941	185.51319220425
3	1288	831.316844121242	172.24639364786
3	1292	831.389806991282	170.84362342024
3	1300	834.113841326872	172.89620553391
3	1306	834.901906308485	144.80413392392
3	1310	836.727690335341	133.72099551272
3	1318	842.180666910452	138.53009687742
3	1326	847.285979627212	137.4752430405
3	1330	848.759008351344	138.06520388961
3	1338	851.887273710868	137.2910249065
3	1344	854.731003980332	132.37519444445
3	1350	858.777066473688	129.19973092579
3	1356	859.930258571078	124.59484811194
3	1360	863.495391217978	127.54526509984
3	1368	878.927966185118	137.04727385878
3	1372	881.595873903084	131.83665849455
3	1380	891.057921702223	123.99015665006
3	1384	893.337354513077	124.18198739391
3	1388	895.060968721052	124.25295898863
3	1398	899.204683442813	124.62685487936
3	1404	903.626313449539	124.23932655421
3	1410	911.611646402772	124.21437430299
3	1414	912.658068012232	110.20282190405
3	1420	915.424208984233	109.7719577954
3	1428	918.818776567807	110.56420460842
3	1434	924.672411632703	114.14890902806
3	1438	924.850743605793	114.30266977284
3	1446	945.699673938426	113.5703585545
3	1450	948.238768285075	115.66805655225
3	1454	949.5503427318	115.27122288457
3	1464	958.149593462176	120.10136569646
3	1470	963.658436908472	125.42752290656
3	1476	975.894986426111	133.49142793746
3	1480	977.501378653302	132.10527186581
3	1486	980.720062701121	131.6659831695
3	1490	984.11732532397	134.31121280809
3	1500	999.832289966382	146.5697673365
4	258	103.705245613622	0
4	262	104.466812049159	0
4	268	106.450958205162	0
4	272	107.255684600037	0
4	282	112.887577780234	0
4	288	115.102203244283	0
4	292	116.034684175947	0
4	300	119.389229152166	0
4	304	119.516485287643	0
4	310	126.904342213695	0
4	314	129.293902463056	0
4	320	131.305003135859	0
4	330	141.755537536661	0
4	334	146.952658747465	0
4	340	148.533970033757	0
4	348	151.913982457568	0
4	354	154.856817423023	0
4	360	167.851274949868	0
4	366	175.296583984949	0
4	372	180.799111392489	0
4	376	183.902550310959	0
4	384	187.437371789098	0
4	390	200.876285974083	0
4	396	204.612417257519	0
4	402	205.90426829433	0
4	406	207.309730300338	0
4	412	208.032303482036	0
4	416	208.095343254208	0
4	420	210.297779474323	0
4	428	212.307103474131	0
4	436	213.696764839767	0
4	440	213.753484378484	0
4	444	214.640274782368	0
4	454	219.610324805447	0
4	462	225.856260725263	0
4	468	229.581471933089	0
4	474	240.012529501804	0
4	480	244.224145896965	0
4	486	254.082664808659	0
4	492	261.672173547388	0
4	498	264.059528447702	0
4	504	264.460622867153	0
4	510	266.313963352181	0
4	516	270.734593081963	0
4	522	275.120120419244	0
4	528	278.699194299534	0
4	532	279.983994145754	0
4	538	283.27923619989	0
4	544	285.210307175863	0
4	552	299.471590743765	0
4	558	307.031210224946	0
4	564	312.147856949606	0
4	568	313.224527952198	0
4	572	314.407752268828	0
4	576	314.572847287094	0
4	588	319.533498484095	0
4	594	320.003639468524	0
4	600	322.318177021635	0
4	606	323.219356508077	0
4	612	332.263731966866	0
4	618	334.843981786073	0
4	624	338.157793340224	0
4	628	342.914341349422	0
4	632	343.514524597674	0
4	642	347.224107027438	0
4	646	350.328840588689	0
4	652	351.236750301384	0
4	660	362.685303927396	0
4	666	366.339137571401	0
4	672	371.086092063754	0
4	678	379.582771299285	0
4	682	383.499204043763	0
4	688	384.90103095744	0
4	692	385.346966784715	0
4	698	387.786123513265	0
4	704	388.771979183465	0
4	710	390.926890672291	0
4	720	399.518809138217	0
4	724	401.087100022664	0
4	728	401.60793548183	0
4	734	403.370012067196	0
4	744	412.863263404525	0
4	750	414.133807029314	0
4	756	418.306783667052	0
4	760	418.308865714778	0
4	764	420.047837023987	0
4	770	421.501952012261	0
4	774	422.221597948085	0
4	786	425.276644174721	0
4	792	427.929677334722	0
4	798	432.6459660841	0
4	804	433.901590267811	0
4	808	435.021110064202	0
4	812	435.758200920386	0
4	818	436.745714054154	0
4	824	440.012418844542	0
4	832	442.081377931704	0
4	836	442.349751980015	0
4	842	443.521417169014	0
4	848	444.655519066822	0
4	854	449.422434941656	0
4	864	454.405374072354	0
4	868	455.046457218042	0
4	876	479.416886660254	0
4	880	480.658130144579	0
4	888	495.680763940189	0
4	894	497.798331733291	0
4	898	497.932768742392	0
4	904	499.625684044651	0
4	910	503.65001348447	0
4	918	508.216578566989	0
4	924	511.24463073185	0
4	928	513.61988868896	0
4	934	516.839718837757	0
4	940	520.432507722292	0
4	944	520.769745991818	0
4	950	522.615694524628	0
4	954	523.724826179531	0
4	966	530.225871048516	0
4	970	532.767653692687	0
4	978	549.166642953864	0
4	982	551.202116071937	0
4	990	557.982793878598	0
4	996	564.387584153732	0
4	1000	565.04103797277	0
4	1008	567.879760658274	0
4	1014	572.640208699994	0
4	1020	580.458041443123	0
4	1024	582.035898244143	0
4	1030	583.030980016693	0
4	1038	587.998364596681	0
4	1044	594.630799011823	0
4	1048	596.345729777452	0
4	1052	596.750214728058	0
4	1062	608.03889467798	0
4	1068	610.066043301018	0
4	1072	612.983224965404	0
4	1080	620.256709273262	0
4	1086	624.760932436178	0
4	1092	630.076297827973	0
4	1096	631.014489252597	0
4	1100	634.133215349851	0
4	1110	638.893289817205	0
4	1114	639.931223584345	0
4	1118	640.700492613024	0
4	1128	656.807612215103	0
4	1134	659.715552463176	0
4	1140	660.924457383777	0
4	1146	683.272402755633	0
4	1152	696.73024692014	0
4	1156	699.998685026167	0
4	1164	708.568597058257	0
4	1168	709.405101636208	0
4	1176	710.712852546015	0
4	1182	715.533517661014	0
4	1188	723.033937777502	0
4	1194	730.79472390051	0
4	1198	732.868194045684	0
4	1206	741.61701716296	0
4	1212	749.230332779587	0
4	1218	760.2030736646	0
4	1222	766.357885277533	0
4	1230	770.780290922579	0
4	1236	774.25683785999	0
4	1242	776.119499793985	0
4	1248	787.382048775346	0
4	1254	801.929298642204	0
4	1260	803.265157648155	0
4	1264	804.722626084347	0
4	1270	807.381749420306	0
4	1276	809.761653000583	0
4	1284	830.542867981941	0
4	1288	831.316844121242	0
4	1292	831.389806991282	0
4	1300	834.113841326872	0
4	1306	834.901906308485	0
4	1310	836.727690335341	0
4	1318	842.180666910452	0
4	1326	847.285979627212	0
4	1330	848.759008351344	0
4	1338	851.887273710868	0
4	1344	854.731003980332	0
4	1350	858.777066473688	0
4	1356	859.930258571078	0
4	1360	863.495391217978	0
4	1368	878.927966185118	0
4	1372	881.595873903084	0
4	1380	891.057921702223	0
4	1384	893.337354513077	0
4	1388	895.060968721052	0
4	1398	899.204683442813	0
4	1404	903.626313449539	0
4	1410	911.611646402772	0
4	1414	912.658068012232	0
4	1420	915.424208984233	0
4	1428	918.818776567807	0
4	1434	924.672411632703	0
4	1438	924.850743605793	0
4	1446	945.699673938426	0
4	1450	948.238768285075	0
4	1454	949.5503427318	0
4	1464	958.149593462176	0
4	1470	963.658436908472	0
4	1476	975.894986426111	0
4	1480	977.501378653302	0
4	1486	980.720062701121	0
4	1490	984.11732532397	0
4	1500	999.832289966382	0
5	260	103.705245613622	1
5	264	104.466812049159	2
5	265	105.365185377013	1
5	270	106.450958205162	2
5	274	107.255684600037	3
5	275	108.376324332218	2
5	277	109.709725565316	1
5	279	110.906514279545	0
5	284	112.887577780234	1
5	285	115.089910465554	0
5	290	115.102203244283	1
5	294	116.034684175947	2
5	295	116.647849991607	1
5	297	117.475874624104	0
5	302	119.389229152166	1
5	306	119.516485287643	2
5	307	123.993221452008	1
5	312	126.904342213695	2
5	316	129.293902463056	3
5	317	129.867650620347	2
5	322	131.305003135859	3
5	323	134.038166355164	2
5	325	135.319625337129	1
5	327	136.050358451321	0
5	332	141.755537536661	1
5	336	146.952658747465	2
5	337	147.2306251157	1
5	342	148.533970033757	2
5	343	149.188374122284	1
5	345	149.403843715155	0
5	350	151.913982457568	1
5	351	152.052828349685	0
5	356	154.856817423023	1
5	357	156.0374136627	0
5	362	167.851274949868	1
5	363	169.327665815065	0
5	368	175.296583984949	1
5	369	176.246265314317	0
5	374	180.799111392489	1
5	378	183.902550310959	2
5	379	185.226231303155	1
5	381	186.092784993204	0
5	386	187.437371789098	1
5	387	188.426780316859	0
5	392	200.876285974083	1
5	393	203.223507251456	0
5	398	204.612417257519	1
5	399	205.068111699777	0
5	404	205.90426829433	1
5	408	207.309730300338	2
5	409	207.542157906394	1
5	414	208.032303482036	2
5	418	208.095343254208	3
5	422	210.297779474323	4
5	423	210.765719112417	3
5	425	210.962397797243	2
5	430	212.307103474131	3
5	431	212.323715751097	2
5	433	212.533794614717	1
5	438	213.696764839767	2
5	442	213.753484378484	3
5	446	214.640274782368	4
5	447	217.434772084531	3
5	449	218.557263448713	2
5	451	218.766455185992	1
5	456	219.610324805447	2
5	457	221.034742098694	1
5	459	224.035968324362	0
5	464	225.856260725263	1
5	465	226.087048502462	0
5	470	229.581471933089	1
5	471	230.913149934186	0
5	476	240.012529501804	1
5	477	240.381979798806	0
5	482	244.224145896965	1
5	483	250.189734503764	0
5	488	254.082664808659	1
5	489	257.011568370107	0
5	494	261.672173547388	1
5	495	262.877629948999	0
5	500	264.059528447702	1
5	501	264.256532647454	0
5	506	264.460622867153	1
5	507	265.578087918989	0
5	512	266.313963352181	1
5	513	267.493905993483	0
5	518	270.734593081963	1
5	519	274.658220390124	0
5	524	275.120120419244	1
5	525	278.16478849257	0
5	530	278.699194299534	1
5	534	279.983994145754	2
5	535	281.901192529666	1
5	540	283.27923619989	2
5	541	283.66135335924	1
5	546	285.210307175863	2
5	547	285.245950086532	1
5	549	288.957686174308	0
5	554	299.471590743765	1
5	555	303.762768935559	0
5	560	307.031210224946	1
5	561	309.502872737383	0
5	566	312.147856949606	1
5	570	313.224527952198	2
5	574	314.407752268828	3
5	578	314.572847287094	4
5	579	315.266972153223	3
5	581	316.246289881572	2
5	583	316.569526916272	1
5	585	316.626788763586	0
5	590	319.533498484095	1
5	591	319.61074180244	0
5	596	320.003639468524	1
5	597	320.346141778441	0
5	602	322.318177021635	1
5	603	322.413978066477	0
5	608	323.219356508077	1
5	609	326.254545143163	0
5	614	332.263731966866	1
5	615	333.395922094245	0
5	620	334.843981786073	1
5	621	336.975293329903	0
5	626	338.157793340224	1
5	630	342.914341349422	2
5	634	343.514524597674	3
5	635	343.774557820846	2
5	637	345.099370516073	1
5	639	345.301590115214	0
5	644	347.224107027438	1
5	648	350.328840588689	2
5	649	351.108256034832	1
5	654	351.236750301384	2
5	655	351.450354480061	1
5	657	351.477063145992	0
5	662	362.685303927396	1
5	663	363.711724842762	0
5	668	366.339137571401	1
5	669	366.866562640926	0
5	674	371.086092063754	1
5	675	379.050942132826	0
5	680	379.582771299285	1
5	684	383.499204043763	2
5	685	384.535432549984	1
5	690	384.90103095744	2
5	694	385.346966784715	3
5	695	386.509686654621	2
5	700	387.786123513265	3
5	701	388.405609940342	2
5	706	388.771979183465	3
5	707	390.230873678128	2
5	712	390.926890672291	3
5	713	391.055590096786	2
5	715	393.252190377615	1
5	717	395.46441940395	0
5	722	399.518809138217	1
5	726	401.087100022664	2
5	730	401.60793548183	3
5	731	402.75612760751	2
5	736	403.370012067196	3
5	737	403.719788540733	2
5	739	404.460854088641	1
5	741	407.879828075378	0
5	746	412.863263404525	1
5	747	413.639323645905	0
5	752	414.133807029314	1
5	753	415.804980142897	0
5	758	418.306783667052	1
5	762	418.308865714778	2
5	766	420.047837023987	3
5	767	420.068766252046	2
5	772	421.501952012261	3
5	776	422.221597948085	4
5	777	423.418272876591	3
5	779	423.64658047587	2
5	781	423.842417901831	1
5	783	424.222900621626	0
5	788	425.276644174721	1
5	789	426.030146173244	0
5	794	427.929677334722	1
5	795	428.312718516802	0
5	800	432.6459660841	1
5	801	433.881691827049	0
5	806	433.901590267811	1
5	810	435.021110064202	2
5	814	435.758200920386	3
5	815	436.192261487295	2
5	820	436.745714054154	3
5	821	437.952559356741	2
5	826	440.012418844542	3
5	827	440.387974973218	2
5	829	441.368342356726	1
5	834	442.081377931704	2
5	838	442.349751980015	3
5	839	442.490953741284	2
5	844	443.521417169014	3
5	845	444.391601060262	2
5	850	444.655519066822	3
5	851	446.718496871936	2
5	856	449.422434941656	3
5	857	450.496226333144	2
5	859	452.195781780102	1
5	861	452.784772541506	0
5	866	454.405374072354	1
5	870	455.046457218042	2
5	871	455.159210656751	1
5	873	455.411123085941	0
5	878	479.416886660254	1
5	882	480.658130144579	2
5	883	482.238362845916	1
5	885	482.753689025999	0
5	890	495.680763940189	1
5	891	495.839317217016	0
5	896	497.798331733291	1
5	900	497.932768742392	2
5	901	498.778209489503	1
5	906	499.625684044651	2
5	907	500.447265697603	1
5	912	503.65001348447	2
5	913	504.119606054365	1
5	915	505.099351441095	0
5	920	508.216578566989	1
5	921	510.233394890855	0
5	926	511.24463073185	1
5	930	513.61988868896	2
5	931	514.451323140729	1
5	936	516.839718837757	2
5	937	520.185183869528	1
5	942	520.432507722292	2
5	946	520.769745991818	3
5	947	521.583745525547	2
5	952	522.615694524628	3
5	956	523.724826179531	4
5	957	523.97674232746	3
5	959	524.734170595651	2
5	961	525.100394586108	1
5	963	526.523941321155	0
5	968	530.225871048516	1
5	972	532.767653692687	2
5	973	533.227382268023	1
5	975	535.779167159305	0
5	980	549.166642953864	1
5	984	551.202116071937	2
5	985	551.468798679457	1
5	987	551.486003540274	0
5	992	557.982793878598	1
5	993	563.393728240882	0
5	998	564.387584153732	1
5	1002	565.04103797277	2
5	1003	565.548015045776	1
5	1005	565.660334277767	0
5	1010	567.879760658274	1
5	1011	568.004649938045	0
5	1016	572.640208699994	1
5	1017	575.321543928409	0
5	1022	580.458041443123	1
5	1026	582.035898244143	2
5	1027	582.08607908344	1
5	1032	583.030980016693	2
5	1033	583.853596686981	1
5	1035	585.18387173612	0
5	1040	587.998364596681	1
5	1041	588.768837044025	0
5	1046	594.630799011823	1
5	1050	596.345729777452	2
5	1054	596.750214728058	3
5	1055	596.920542435681	2
5	1057	597.739172091432	1
5	1059	600.272852282008	0
5	1064	608.03889467798	1
5	1065	609.505770797361	0
5	1070	610.066043301018	1
5	1074	612.983224965404	2
5	1075	613.427058188211	1
5	1077	618.347074646166	0
5	1082	620.256709273262	1
5	1083	621.508106578929	0
5	1088	624.760932436178	1
5	1089	625.122265304927	0
5	1094	630.076297827973	1
5	1098	631.014489252597	2
5	1102	634.133215349851	3
5	1103	635.028197455034	2
5	1105	637.309490412432	1
5	1107	637.834869062775	0
5	1112	638.893289817205	1
5	1116	639.931223584345	2
5	1120	640.700492613024	3
5	1121	642.129578078302	2
5	1123	643.13088970681	1
5	1125	645.029675777693	0
5	1130	656.807612215103	1
5	1131	659.070450473386	0
5	1136	659.715552463176	1
5	1137	660.546183571039	0
5	1142	660.924457383777	1
5	1143	661.217635792961	0
5	1148	683.272402755633	1
5	1149	690.097772384561	0
5	1154	696.73024692014	1
5	1158	699.998685026167	2
5	1159	703.006694822618	1
5	1161	703.650570033029	0
5	1166	708.568597058257	1
5	1170	709.405101636208	2
5	1171	709.810736586715	1
5	1173	710.693804461735	0
5	1178	710.712852546015	1
5	1179	714.596248804373	0
5	1184	715.533517661014	1
5	1185	722.355809535886	0
5	1190	723.033937777502	1
5	1191	729.577335547897	0
5	1196	730.79472390051	1
5	1200	732.868194045684	2
5	1201	735.33541045914	1
5	1203	735.950126118134	0
5	1208	741.61701716296	1
5	1209	741.880692326341	0
5	1214	749.230332779587	1
5	1215	749.759215408531	0
5	1220	760.2030736646	1
5	1224	766.357885277533	2
5	1225	767.06776505216	1
5	1227	769.155367119172	0
5	1232	770.780290922579	1
5	1233	770.808009732424	0
5	1238	774.25683785999	1
5	1239	774.577828563455	0
5	1244	776.119499793985	1
5	1245	779.386986895332	0
5	1250	787.382048775346	1
5	1251	787.39727209978	0
5	1256	801.929298642204	1
5	1257	802.455246108186	0
5	1262	803.265157648155	1
5	1266	804.722626084347	2
5	1267	805.652251188832	1
5	1272	807.381749420306	2
5	1273	808.254571959388	1
5	1278	809.761653000583	2
5	1279	810.523502604641	1
5	1281	810.54807383295	0
5	1286	830.542867981941	1
5	1290	831.316844121242	2
5	1294	831.389806991282	3
5	1295	832.129315383927	2
5	1297	832.57071173282	1
5	1302	834.113841326872	2
5	1303	834.279119847233	1
5	1308	834.901906308485	2
5	1312	836.727690335341	3
5	1313	838.04822776572	2
5	1315	838.230914001909	1
5	1320	842.180666910452	2
5	1321	842.403558488652	1
5	1323	845.396106787491	0
5	1328	847.285979627212	1
5	1332	848.759008351344	2
5	1333	849.054079531618	1
5	1335	849.806112515883	0
5	1340	851.887273710868	1
5	1341	853.262522629879	0
5	1346	854.731003980332	1
5	1347	855.655484437203	0
5	1352	858.777066473688	1
5	1353	859.616167079246	0
5	1358	859.930258571078	1
5	1362	863.495391217978	2
5	1363	864.993553704983	1
5	1365	870.767186108282	0
5	1370	878.927966185118	1
5	1374	881.595873903084	2
5	1375	884.587877083205	1
5	1377	885.606131767132	0
5	1382	891.057921702223	1
5	1386	893.337354513077	2
5	1390	895.060968721052	3
5	1391	895.432660497979	2
5	1393	895.809397425557	1
5	1395	897.641436438213	0
5	1400	899.204683442813	1
5	1401	901.239563747444	0
5	1406	903.626313449539	1
5	1407	904.277958132593	0
5	1412	911.611646402772	1
5	1416	912.658068012232	2
5	1417	913.646800117035	1
5	1422	915.424208984233	2
5	1423	915.456931842234	1
5	1425	915.4980584113	0
5	1430	918.818776567807	1
5	1431	921.929682955467	0
5	1436	924.672411632703	1
5	1440	924.850743605793	2
5	1441	925.257212329944	1
5	1443	933.313993187939	0
5	1448	945.699673938426	1
5	1452	948.238768285075	2
5	1456	949.5503427318	3
5	1457	950.937204896975	2
5	1459	954.93236146567	1
5	1461	955.629297871111	0
5	1466	958.149593462176	1
5	1467	958.19632539233	0
5	1472	963.658436908472	1
5	1473	971.565007401454	0
5	1478	975.894986426111	1
5	1482	977.501378653302	2
5	1483	977.571801255208	1
5	1488	980.720062701121	2
5	1492	984.11732532397	3
5	1493	987.703904736999	2
5	1495	989.869486364051	1
5	1497	990.6612685656	0
5	1502	999.832289966382	1

