version 3
run General-15-20221103-10:28:22-6760
attr configname General
attr datetime 20221103-10:28:22
attr datetimef 20221103-102822
attr experiment General
attr inifile block.ini
attr iterationvars "$0=3, $1=10"
attr iterationvarsd 3/10
attr iterationvarsf 3,10-
attr measurement "$0=3, $1=10"
attr network Block
attr processid 6760
attr repetition 0
attr replication #0
attr resultdir results
attr runnumber 15
attr seedset 15
config network Block
config repeat 5
config sim-time-limit 1000s
config warmup-period 100s
config **.alloca.resourceModuleName "\"risorse\""
config **.dealloca.resourceModuleName "\"risorse\""
config **.is.delay exponential(3s)
config **.servente.serviceTime exponential(3s)
config **.dealloca.resourceAmount 2
config **.alloca.resourceAmount 2
config **.risorse.amount 6
config **.sorgente.numJobs (10)
config **.result-recording-modes all

vector 0 Block.servente queueLength:vector ETV
attr interpolationmode sample-hold
attr recordingmode vector
attr title "queue length"
vector 1 Block.servente queueingTime:vector ETV
attr interpolationmode none
attr recordingmode vector
attr title "queueing time at dequeue"
attr unit s
vector 2 Block.alloca queueLength:vector ETV
attr interpolationmode sample-hold
attr recordingmode vector
attr title "queue length"
vector 3 Block.alloca queueingTime:vector ETV
attr interpolationmode none
attr recordingmode vector
attr title "queueing time at dequeue"
attr unit s
vector 4 Block.risorse amount:vector ETV
attr interpolationmode sample-hold
attr recordingmode vector
attr title "available resource"
vector 5 Block.is delayedJobs:vector ETV
attr interpolationmode sample-hold
attr recordingmode vector
attr title "number of delayed jobs"
0	221	101.821511095903	1
0	223	101.821511095903	2
0	227	105.381621507269	1
0	229	105.381621507269	2
0	231	106.5653479854	1
0	233	106.5653479854	2
0	237	106.995908938437	1
0	239	106.995908938437	2
0	245	112.563128355328	1
0	247	112.563128355328	2
0	251	115.835423720347	1
0	253	115.835423720347	2
0	257	119.797396210314	1
0	259	119.797396210314	2
0	261	122.4642166545	1
0	263	122.4642166545	2
0	267	123.001589278312	1
0	269	123.001589278312	2
0	273	124.983798333186	1
0	275	124.983798333186	2
0	281	128.903587781523	1
0	283	128.903587781523	2
0	287	133.480142252679	1
0	289	133.480142252679	2
0	291	134.374211822134	1
0	293	134.374211822134	2
0	295	134.855801883071	1
0	297	134.855801883071	2
0	299	135.016925985927	1
0	301	135.016925985927	2
0	307	136.263477834168	1
0	309	136.263477834168	2
0	315	136.988609848996	1
0	317	136.988609848996	2
0	321	141.352016419775	1
0	323	141.352016419775	2
0	327	143.22126517309	1
0	329	143.22126517309	2
0	335	151.0241302704	1
0	337	151.0241302704	2
0	339	152.263172739723	1
0	341	152.263172739723	2
0	343	152.597120050287	1
0	345	152.597120050287	2
0	353	158.702787824301	1
0	355	158.702787824301	2
0	359	163.797276536209	1
0	361	163.797276536209	2
0	363	164.53233348683	1
0	365	164.53233348683	2
0	371	165.644516132046	1
0	373	165.644516132046	2
0	375	168.569864073542	1
0	377	168.569864073542	2
0	383	170.892265763857	1
0	385	170.892265763857	2
0	389	178.143743323056	1
0	391	178.143743323056	2
0	393	179.133311122928	1
0	395	179.133311122928	2
0	401	181.864566667665	1
0	403	181.864566667665	2
0	405	182.440186133523	1
0	407	182.440186133523	2
0	411	185.690149384697	1
0	413	185.690149384697	2
0	419	188.097998080953	1
0	421	188.097998080953	2
0	423	189.289499985318	1
0	425	189.289499985318	2
0	429	191.200898348296	1
0	431	191.200898348296	2
0	433	191.401204566082	1
0	435	191.401204566082	2
0	441	194.248142442427	1
0	443	194.248142442427	2
0	447	198.72275799177	1
0	449	198.72275799177	2
0	455	208.709692387125	1
0	457	208.709692387125	2
0	461	224.743720086015	1
0	463	224.743720086015	2
0	465	226.045505485309	1
0	467	226.045505485309	2
0	471	228.83084736842	1
0	473	228.83084736842	2
0	475	232.414401874804	1
0	477	232.414401874804	2
0	481	233.210749620475	1
0	483	233.210749620475	2
0	487	233.692265530138	1
0	489	233.692265530138	2
0	491	233.855447605795	1
0	493	233.855447605795	2
0	503	242.275971558219	1
0	505	242.275971558219	2
0	507	242.748534016175	1
0	509	242.748534016175	2
0	513	245.631835422455	1
0	515	245.631835422455	2
0	519	247.029790608496	1
0	521	247.029790608496	2
0	527	250.223279125193	1
0	529	250.223279125193	2
0	531	251.230380509243	1
0	533	251.230380509243	2
0	537	253.144593200397	1
0	539	253.144593200397	2
0	543	253.293273176496	1
0	545	253.293273176496	2
0	549	256.439886832005	1
0	551	256.439886832005	2
0	557	259.933349404338	1
0	559	259.933349404338	2
0	563	269.506472761578	1
0	565	269.506472761578	2
0	567	269.855013563196	1
0	569	269.855013563196	2
0	573	274.784569638482	1
0	575	274.784569638482	2
0	577	275.171618622221	1
0	579	275.171618622221	2
0	587	280.698943493301	1
0	589	280.698943493301	2
0	591	281.363392106737	1
0	593	281.363392106737	2
0	599	288.791935788052	1
0	601	288.791935788052	2
0	605	290.962517845235	1
0	607	290.962517845235	2
0	609	295.448708672709	1
0	611	295.448708672709	2
0	617	298.430926296971	1
0	619	298.430926296971	2
0	621	299.155158049198	1
0	623	299.155158049198	2
0	625	300.833783493388	1
0	627	300.833783493388	2
0	631	308.358992596684	1
0	633	308.358992596684	2
0	641	311.889565473831	1
0	643	311.889565473831	2
0	647	315.278029319046	1
0	649	315.278029319046	2
0	653	319.193785875371	1
0	655	319.193785875371	2
0	657	319.462782864749	1
0	659	319.462782864749	2
0	665	322.618543290507	1
0	667	322.618543290507	2
0	669	325.436060963903	1
0	671	325.436060963903	2
0	675	326.61112886205	1
0	677	326.61112886205	2
0	681	327.163213192332	1
0	683	327.163213192332	2
0	685	328.218854739916	1
0	687	328.218854739916	2
0	689	328.222134410013	1
0	691	328.222134410013	2
0	695	329.079842343937	1
0	697	329.079842343937	2
0	705	332.569859845073	1
0	707	332.569859845073	2
0	709	333.226518209767	1
0	711	333.226518209767	2
0	719	338.912712100208	1
0	721	338.912712100208	2
0	725	344.739813894015	1
0	727	344.739813894015	2
0	731	348.423454491784	1
0	733	348.423454491784	2
0	735	350.736550870229	1
0	737	350.736550870229	2
0	739	350.811288377768	1
0	741	350.811288377768	2
0	745	354.042875140245	1
0	747	354.042875140245	2
0	753	360.752784107777	1
0	755	360.752784107777	2
0	757	361.513897614298	1
0	759	361.513897614298	2
0	767	364.74602993843	1
0	769	364.74602993843	2
0	773	367.765751086286	1
0	775	367.765751086286	2
0	777	372.649370428636	1
0	779	372.649370428636	2
0	785	388.378078167845	1
0	787	388.378078167845	2
0	789	388.474675807129	1
0	791	388.474675807129	2
0	795	390.437690160712	1
0	797	390.437690160712	2
0	801	393.961660600427	1
0	803	393.961660600427	2
0	807	395.313399936606	1
0	809	395.313399936606	2
0	811	395.899370634255	1
0	813	395.899370634255	2
0	815	396.24640140999	1
0	817	396.24640140999	2
0	819	396.411479685112	1
0	821	396.411479685112	2
0	829	398.739748994812	1
0	831	398.739748994812	2
0	839	401.818124032191	1
0	841	401.818124032191	2
0	845	410.867458170932	1
0	847	410.867458170932	2
0	849	410.869222980656	1
0	851	410.869222980656	2
0	857	421.119097127315	1
0	859	421.119097127315	2
0	861	422.087328247871	1
0	863	422.087328247871	2
0	865	422.16474658332	1
0	867	422.16474658332	2
0	869	422.840044993711	1
0	871	422.840044993711	2
0	879	425.703982273357	1
0	881	425.703982273357	2
0	887	429.45629665103	1
0	889	429.45629665103	2
0	893	442.315445145634	1
0	895	442.315445145634	2
0	897	444.154222047534	1
0	899	444.154222047534	2
0	903	448.044516082205	1
0	905	448.044516082205	2
0	911	455.47904813674	1
0	913	455.47904813674	2
0	915	456.791399764999	1
0	917	456.791399764999	2
0	921	457.394407424063	1
0	923	457.394407424063	2
0	927	461.067809950672	1
0	929	461.067809950672	2
0	931	463.47950534223	1
0	933	463.47950534223	2
0	941	481.102239279588	1
0	943	481.102239279588	2
0	945	481.178397069611	1
0	947	481.178397069611	2
0	953	490.46117488934	1
0	955	490.46117488934	2
0	959	497.102660885263	1
0	961	497.102660885263	2
0	963	499.42923049354	1
0	965	499.42923049354	2
0	969	502.063812301537	1
0	971	502.063812301537	2
0	973	504.935520407144	1
0	975	504.935520407144	2
0	979	506.037490999521	1
0	981	506.037490999521	2
0	985	508.927847177524	1
0	987	508.927847177524	2
0	993	513.404669951387	1
0	995	513.404669951387	2
0	1001	522.018059003646	1
0	1003	522.018059003646	2
0	1005	522.280396221108	1
0	1007	522.280396221108	2
0	1009	522.292002371354	1
0	1011	522.292002371354	2
0	1015	522.962464595643	1
0	1017	522.962464595643	2
0	1025	524.86867555866	1
0	1027	524.86867555866	2
0	1031	525.230884199217	1
0	1033	525.230884199217	2
0	1037	527.408427865622	1
0	1039	527.408427865622	2
0	1041	527.614701949302	1
0	1043	527.614701949302	2
0	1045	527.877450027128	1
0	1047	527.877450027128	2
0	1051	531.845759265786	1
0	1053	531.845759265786	2
0	1057	533.818299510207	1
0	1059	533.818299510207	2
0	1067	543.569147503363	1
0	1069	543.569147503363	2
0	1071	547.757683019042	1
0	1073	547.757683019042	2
0	1077	548.744052137873	1
0	1079	548.744052137873	2
0	1083	557.51285892256	1
0	1085	557.51285892256	2
0	1091	569.522934864544	1
0	1093	569.522934864544	2
0	1095	570.432518913532	1
0	1097	570.432518913532	2
0	1101	572.612259055767	1
0	1103	572.612259055767	2
0	1107	573.758045912963	1
0	1109	573.758045912963	2
0	1115	580.783916801492	1
0	1117	580.783916801492	2
0	1119	583.022844380691	1
0	1121	583.022844380691	2
0	1123	584.421752715224	1
0	1125	584.421752715224	2
0	1131	588.449859379521	1
0	1133	588.449859379521	2
0	1135	588.483908443263	1
0	1137	588.483908443263	2
0	1143	589.827340242336	1
0	1145	589.827340242336	2
0	1151	592.110429357498	1
0	1153	592.110429357498	2
0	1157	594.153065863555	1
0	1159	594.153065863555	2
0	1161	594.364649157712	1
0	1163	594.364649157712	2
0	1167	596.29704587661	1
0	1169	596.29704587661	2
0	1175	599.172570929409	1
0	1177	599.172570929409	2
0	1181	602.544400460255	1
0	1183	602.544400460255	2
0	1185	603.471737403914	1
0	1187	603.471737403914	2
0	1189	603.917273553073	1
0	1191	603.917273553073	2
0	1197	610.394494856057	1
0	1199	610.394494856057	2
0	1205	614.989873523762	1
0	1207	614.989873523762	2
0	1209	616.051189016216	1
0	1211	616.051189016216	2
0	1217	618.418032325407	1
0	1219	618.418032325407	2
0	1223	624.369396249844	1
0	1225	624.369396249844	2
0	1229	635.071272171844	1
0	1231	635.071272171844	2
0	1233	636.70652183029	1
0	1235	636.70652183029	2
0	1241	656.071385604027	1
0	1243	656.071385604027	2
0	1245	657.455413945777	1
0	1247	657.455413945777	2
0	1249	658.195887381274	1
0	1251	658.195887381274	2
0	1253	658.909297914604	1
0	1255	658.909297914604	2
0	1261	661.408276274632	1
0	1263	661.408276274632	2
0	1267	661.824698471868	1
0	1269	661.824698471868	2
0	1277	665.72607369757	1
0	1279	665.72607369757	2
0	1283	676.374405587447	1
0	1285	676.374405587447	2
0	1289	684.501323642254	1
0	1291	684.501323642254	2
0	1293	685.067865302249	1
0	1295	685.067865302249	2
0	1299	687.937279767015	1
0	1301	687.937279767015	2
0	1303	690.229272916905	1
0	1305	690.229272916905	2
0	1313	694.102763569889	1
0	1315	694.102763569889	2
0	1319	697.806457916508	1
0	1321	697.806457916508	2
0	1325	700.47310810894	1
0	1327	700.47310810894	2
0	1331	703.75012369089	1
0	1333	703.75012369089	2
0	1337	705.375676142399	1
0	1339	705.375676142399	2
0	1343	711.28763446939	1
0	1345	711.28763446939	2
0	1349	715.940553277174	1
0	1351	715.940553277174	2
0	1355	718.699076137768	1
0	1357	718.699076137768	2
0	1361	723.245061630113	1
0	1363	723.245061630113	2
0	1365	724.11347604203	1
0	1367	724.11347604203	2
0	1369	724.528167337557	1
0	1371	724.528167337557	2
0	1377	725.164068205711	1
0	1379	725.164068205711	2
0	1381	725.622643177304	1
0	1383	725.622643177304	2
0	1387	726.30023252834	1
0	1389	726.30023252834	2
0	1393	726.376542590229	1
0	1395	726.376542590229	2
0	1401	733.851025588743	1
0	1403	733.851025588743	2
0	1407	736.488716289971	1
0	1409	736.488716289971	2
0	1411	737.907920167855	1
0	1413	737.907920167855	2
0	1421	747.460139752174	1
0	1423	747.460139752174	2
0	1427	752.315454994835	1
0	1429	752.315454994835	2
0	1431	755.267034852689	1
0	1433	755.267034852689	2
0	1437	758.838836573037	1
0	1439	758.838836573037	2
0	1445	764.296571334871	1
0	1447	764.296571334871	2
0	1451	770.517342095104	1
0	1453	770.517342095104	2
0	1457	771.409814810591	1
0	1459	771.409814810591	2
0	1461	775.453339593531	1
0	1463	775.453339593531	2
0	1467	779.044229119518	1
0	1469	779.044229119518	2
0	1475	789.370226599322	1
0	1477	789.370226599322	2
0	1479	791.041600412285	1
0	1481	791.041600412285	2
0	1485	795.451976262409	1
0	1487	795.451976262409	2
0	1489	795.473553488452	1
0	1491	795.473553488452	2
0	1497	799.405180474089	1
0	1499	799.405180474089	2
0	1503	801.02249335357	1
0	1505	801.02249335357	2
0	1509	806.878058399386	1
0	1511	806.878058399386	2
0	1517	811.785878785273	1
0	1519	811.785878785273	2
0	1523	814.878769463535	1
0	1525	814.878769463535	2
0	1527	815.733631984741	1
0	1529	815.733631984741	2
0	1531	816.484833217004	1
0	1533	816.484833217004	2
0	1537	817.494646847695	1
0	1539	817.494646847695	2
0	1543	818.694144272592	1
0	1545	818.694144272592	2
0	1547	818.974834902975	1
0	1549	818.974834902975	2
0	1557	820.731601925872	1
0	1559	820.731601925872	2
0	1563	821.879843015256	1
0	1565	821.879843015256	2
0	1571	827.817012217348	1
0	1573	827.817012217348	2
0	1577	828.831657947765	1
0	1579	828.831657947765	2
0	1581	829.009834217242	1
0	1583	829.009834217242	2
0	1589	836.074631612002	1
0	1591	836.074631612002	2
0	1593	836.989512266282	1
0	1595	836.989512266282	2
0	1601	845.776416920577	1
0	1603	845.776416920577	2
0	1605	846.689232764915	1
0	1607	846.689232764915	2
0	1613	853.335178038907	1
0	1615	853.335178038907	2
0	1617	853.768254499903	1
0	1619	853.768254499903	2
0	1623	857.588244876104	1
0	1625	857.588244876104	2
0	1627	857.943043205703	1
0	1629	857.943043205703	2
0	1633	858.796320346842	1
0	1635	858.796320346842	2
0	1639	861.239516502062	1
0	1641	861.239516502062	2
0	1645	864.35531169651	1
0	1647	864.35531169651	2
0	1655	867.429051116212	1
0	1657	867.429051116212	2
0	1659	873.307586831903	1
0	1661	873.307586831903	2
0	1663	874.928230002881	1
0	1665	874.928230002881	2
0	1673	880.802111174938	1
0	1675	880.802111174938	2
0	1677	881.665810007473	1
0	1679	881.665810007473	2
0	1683	884.442979205066	1
0	1685	884.442979205066	2
0	1687	884.463799043051	1
0	1689	884.463799043051	2
0	1691	885.212753379441	1
0	1693	885.212753379441	2
0	1695	885.644924737035	1
0	1697	885.644924737035	2
0	1703	887.130589355494	1
0	1705	887.130589355494	2
0	1715	889.755125935884	1
0	1717	889.755125935884	2
0	1721	889.975415850293	1
0	1723	889.975415850293	2
0	1725	892.742659634797	1
0	1727	892.742659634797	2
0	1731	893.258287455072	1
0	1733	893.258287455072	2
0	1737	898.95460892354	1
0	1739	898.95460892354	2
0	1741	899.195479414022	1
0	1743	899.195479414022	2
0	1745	899.51502340251	1
0	1747	899.51502340251	2
0	1751	900.223263544766	1
0	1753	900.223263544766	2
0	1759	903.238435839332	1
0	1761	903.238435839332	2
0	1767	905.00080092952	1
0	1769	905.00080092952	2
0	1773	907.867584054973	1
0	1775	907.867584054973	2
0	1779	911.463320338474	1
0	1781	911.463320338474	2
0	1787	915.484930943718	1
0	1789	915.484930943718	2
0	1791	916.128439170454	1
0	1793	916.128439170454	2
0	1795	918.786311583202	1
0	1797	918.786311583202	2
0	1801	921.678937512904	1
0	1803	921.678937512904	2
0	1807	922.411217264996	1
0	1809	922.411217264996	2
0	1815	925.428038244069	1
0	1817	925.428038244069	2
0	1821	927.365399487877	1
0	1823	927.365399487877	2
0	1825	930.954260073224	1
0	1827	930.954260073224	2
0	1829	931.117877923898	1
0	1831	931.117877923898	2
0	1837	933.400188888736	1
0	1839	933.400188888736	2
0	1845	935.858897631861	1
0	1847	935.858897631861	2
0	1853	940.856824451365	1
0	1855	940.856824451365	2
0	1859	947.044794775195	1
0	1861	947.044794775195	2
0	1865	948.241207242176	1
0	1867	948.241207242176	2
0	1869	958.370930428511	1
0	1871	958.370930428511	2
0	1873	958.492028958819	1
0	1875	958.492028958819	2
0	1877	958.587609510703	1
0	1879	958.587609510703	2
0	1889	961.537382610119	1
0	1891	961.537382610119	2
0	1895	962.338400855688	1
0	1897	962.338400855688	2
0	1901	966.825094942073	1
0	1903	966.825094942073	2
0	1907	967.712142043884	1
0	1909	967.712142043884	2
0	1913	971.676109210759	1
0	1915	971.676109210759	2
0	1917	972.627587381489	1
0	1919	972.627587381489	2
0	1923	973.17128155809	1
0	1925	973.17128155809	2
0	1927	974.241220940813	1
0	1929	974.241220940813	2
0	1937	982.872613133749	1
0	1939	982.872613133749	2
0	1941	984.74796009077	1
0	1943	984.74796009077	2
0	1945	985.618254257647	1
0	1947	985.618254257647	2
0	1951	989.340726771612	1
0	1953	989.340726771612	2
0	1955	992.303121817081	1
0	1957	992.303121817081	2
0	1963	994.524387038569	1
0	1965	994.524387038569	2
0	1971	997.628799287165	1
0	1973	997.628799287165	2
1	221	101.821511095903	7.923618028435
1	227	105.381621507269	8.817836133822
1	231	106.5653479854	4.743836889497
1	237	106.995908938437	1.614287431168
1	245	112.563128355328	5.997780369928
1	251	115.835423720347	8.83951478191
1	257	119.797396210314	7.234267854986
1	261	122.4642166545	6.628792934153
1	267	123.001589278312	3.204193067998
1	273	124.983798333186	2.519581678686
1	281	128.903587781523	5.901998503211
1	287	133.480142252679	8.496343919493
1	291	134.374211822134	5.470624040611
1	295	134.855801883071	1.375659630392
1	299	135.016925985927	0.642714163793
1	307	136.263477834168	1.407675951097
1	315	136.988609848996	1.971683863069
1	321	141.352016419775	5.088538585607
1	327	143.22126517309	6.232655324094
1	335	151.0241302704	9.672113850625
1	339	152.263172739723	9.041907566633
1	343	152.597120050287	1.572989779887
1	353	158.702787824301	6.439615084578
1	359	163.797276536209	11.200156485922
1	363	164.53233348683	5.829545662529
1	371	165.644516132046	1.847239595837
1	375	168.569864073542	4.037530586712
1	383	170.892265763857	5.247749631811
1	389	178.143743323056	9.573879249514
1	393	179.133311122928	8.241045359071
1	401	181.864566667665	3.720823344609
1	405	182.440186133523	3.306875010595
1	411	185.690149384697	3.825582717032
1	419	188.097998080953	5.65781194743
1	423	189.289499985318	3.599350600621
1	429	191.200898348296	3.102900267343
1	433	191.401204566082	2.111704580764
1	441	194.248142442427	3.047244094131
1	447	198.72275799177	7.321553425688
1	455	208.709692387125	14.461549944698
1	461	224.743720086015	26.020962094245
1	465	226.045505485309	17.335813098184
1	471	228.83084736842	4.087127282405
1	475	232.414401874804	6.368896389495
1	481	233.210749620475	4.379902252055
1	487	233.692265530138	1.277863655334
1	491	233.855447605795	0.64469798532
1	503	242.275971558219	8.583706028081
1	507	242.748534016175	8.89308641038
1	513	245.631835422455	3.355863864236
1	519	247.029790608496	4.281256592321
1	527	250.223279125193	4.591443702738
1	531	251.230380509243	4.200589900747
1	537	253.144593200397	2.921314075204
1	543	253.293273176496	2.062892667253
1	549	256.439886832005	3.295293631608
1	557	259.933349404338	6.640076227842
1	563	269.506472761578	13.066585929573
1	567	269.855013563196	9.921664158858
1	573	274.784569638482	5.278096876904
1	577	275.171618622221	5.316605059025
1	587	280.698943493301	5.914373854819
1	591	281.363392106737	6.191773484516
1	599	288.791935788052	8.092992294751
1	605	290.962517845235	9.599125738498
1	609	295.448708672709	6.656772884657
1	617	298.430926296971	7.468408451736
1	621	299.155158049198	3.706449376489
1	625	300.833783493388	2.402857196417
1	631	308.358992596684	9.203834547486
1	641	311.889565473831	11.055781980443
1	647	315.278029319046	6.919036722362
1	653	319.193785875371	7.30422040154
1	657	319.462782864749	4.184753545703
1	665	322.618543290507	3.424757415136
1	669	325.436060963903	5.973278099154
1	675	326.61112886205	3.992585571543
1	681	327.163213192332	1.727152228429
1	685	328.218854739916	1.607725877866
1	689	328.222134410013	1.058921217681
1	695	329.079842343937	0.860987604021
1	705	332.569859845073	4.34772543506
1	709	333.226518209767	4.14667586583
1	719	338.912712100208	6.342852255135
1	725	344.739813894015	11.513295684248
1	731	348.423454491784	9.510742391576
1	735	350.736550870229	5.996736976214
1	739	350.811288377768	2.387833885984
1	745	354.042875140245	3.306324270016
1	753	360.752784107777	9.941495730009
1	757	361.513897614298	7.471022474053
1	767	364.74602993843	3.993245830653
1	773	367.765751086286	6.251853471988
1	777	372.649370428636	7.903340490206
1	785	388.378078167845	20.612327081559
1	789	388.474675807129	15.825305378493
1	795	390.437690160712	2.059611992867
1	801	393.961660600427	5.486984793298
1	807	395.313399936606	4.875709775894
1	811	395.899370634255	1.937710033828
1	815	396.24640140999	0.933001473384
1	819	396.411479685112	0.512109050857
1	829	398.739748994812	2.493347584822
1	839	401.818124032191	5.406644347079
1	845	410.867458170932	12.12770917612
1	849	410.869222980656	9.051098948465
1	857	421.119097127315	10.251638956383
1	861	422.087328247871	11.218105267215
1	865	422.16474658332	1.045649456005
1	869	422.840044993711	0.75271674584
1	879	425.703982273357	3.539235690037
1	887	429.45629665103	6.616251657319
1	893	442.315445145634	16.611462872277
1	897	444.154222047534	14.697925396504
1	903	448.044516082205	5.729070936571
1	911	455.47904813674	11.324826089206
1	915	456.791399764999	8.746883682794
1	921	457.394407424063	1.915359287323
1	927	461.067809950672	4.276410185673
1	931	463.47950534223	6.085097918167
1	941	481.102239279588	20.034429328916
1	945	481.178397069611	17.698891727381
1	953	490.46117488934	9.358935609752
1	959	497.102660885263	15.924263815652
1	963	499.42923049354	8.9680556042
1	969	502.063812301537	4.961151416274
1	973	504.935520407144	5.506289913604
1	979	506.037490999521	3.973678697984
1	985	508.927847177524	3.99232677038
1	993	513.404669951387	7.367178951866
1	1001	522.018059003646	13.090211826122
1	1005	522.280396221108	8.875726269721
1	1009	522.292002371354	0.273943367708
1	1015	522.962464595643	0.682068374535
1	1025	524.86867555866	2.576673187306
1	1031	525.230884199217	2.268419603574
1	1037	527.408427865622	2.539752306962
1	1041	527.614701949302	2.383817750085
1	1045	527.877450027128	0.469022161506
1	1051	531.845759265786	4.231057316484
1	1057	533.818299510207	5.940849483079
1	1067	543.569147503363	11.723388237577
1	1071	547.757683019042	13.939383508835
1	1077	548.744052137873	5.17490463451
1	1083	557.51285892256	9.755175903518
1	1091	569.522934864544	20.778882726671
1	1095	570.432518913532	12.919659990972
1	1101	572.612259055767	3.089324191223
1	1107	573.758045912963	3.325526999431
1	1115	580.783916801492	8.171657745725
1	1119	583.022844380691	9.264798467728
1	1123	584.421752715224	3.637835913732
1	1131	588.449859379521	5.42701499883
1	1135	588.483908443263	4.062155728039
1	1143	589.827340242336	1.377480862815
1	1151	592.110429357498	3.626520914235
1	1157	594.153065863555	4.325725621219
1	1161	594.364649157712	2.254219800214
1	1167	596.29704587661	2.143980013055
1	1175	599.172570929409	4.807921771697
1	1181	602.544400460255	6.247354583645
1	1185	603.471737403914	4.299166474505
1	1189	603.917273553073	1.372873092818
1	1197	610.394494856057	6.922757452143
1	1205	614.989873523762	11.072599970689
1	1209	616.051189016216	5.656694160159
1	1217	618.418032325407	3.428158801645
1	1223	624.369396249844	8.318207233628
1	1229	635.071272171844	16.653239846437
1	1233	636.70652183029	12.337125580446
1	1241	656.071385604027	21.000113432183
1	1245	657.455413945777	20.748892115487
1	1249	658.195887381274	2.124501777247
1	1253	658.909297914604	1.453883968827
1	1261	661.408276274632	3.212388893358
1	1267	661.824698471868	2.915400557264
1	1277	665.72607369757	4.317797422938
1	1283	676.374405587447	14.549707115579
1	1289	684.501323642254	18.775249944684
1	1293	685.067865302249	8.693459714802
1	1299	687.937279767015	3.435956124761
1	1303	690.229272916905	5.161407614656
1	1313	694.102763569889	6.165483802874
1	1319	697.806457916508	7.577184999603
1	1325	700.47310810894	6.370344539051
1	1331	703.75012369089	5.943665774382
1	1337	705.375676142399	4.902568033459
1	1343	711.28763446939	7.5375107785
1	1349	715.940553277174	10.564877134775
1	1355	718.699076137768	7.411441668378
1	1361	723.245061630113	7.304508352939
1	1365	724.11347604203	5.414399904262
1	1369	724.528167337557	1.283105707444
1	1377	725.164068205711	1.050592163681
1	1381	725.622643177304	1.094475839747
1	1387	726.30023252834	1.136164322629
1	1393	726.376542590229	0.753899412925
1	1401	733.851025588743	7.550793060403
1	1407	736.488716289971	10.112173699742
1	1411	737.907920167855	4.056894579112
1	1421	747.460139752174	10.971423462203
1	1427	752.315454994835	14.40753482698
1	1431	755.267034852689	7.806895100515
1	1437	758.838836573037	6.523381578202
1	1445	764.296571334871	9.029536482182
1	1451	770.517342095104	11.678505522067
1	1457	771.409814810591	7.11324347572
1	1461	775.453339593531	4.935997498427
1	1467	779.044229119518	7.634414308927
1	1475	789.370226599322	13.916887005791
1	1479	791.041600412285	11.997371292767
1	1485	795.451976262409	6.081749663087
1	1489	795.473553488452	4.431953076167
1	1497	799.405180474089	3.95320421168
1	1503	801.02249335357	5.548939865118
1	1509	806.878058399386	7.472877925297
1	1517	811.785878785273	10.763385431703
1	1523	814.878769463535	8.000711064149
1	1527	815.733631984741	3.947753199468
1	1531	816.484833217004	1.606063753469
1	1537	817.494646847695	1.761014862954
1	1543	818.694144272592	2.209311055588
1	1547	818.974834902975	1.48018805528
1	1557	820.731601925872	2.03745765328
1	1563	821.879843015256	2.905008112281
1	1571	827.817012217348	7.085410291476
1	1577	828.831657947765	6.951814932509
1	1581	829.009834217242	1.192821999894
1	1589	836.074631612002	7.242973664237
1	1593	836.989512266282	7.97967804904
1	1601	845.776416920577	9.701785308575
1	1605	846.689232764915	9.699720498633
1	1613	853.335178038907	7.55876111833
1	1617	853.768254499903	7.079021734988
1	1623	857.588244876104	4.253066837197
1	1627	857.943043205703	4.1747887058
1	1633	858.796320346842	1.208075470738
1	1639	861.239516502062	3.296473296359
1	1645	864.35531169651	5.558991349668
1	1655	867.429051116212	6.18953461415
1	1659	873.307586831903	8.952275135393
1	1663	874.928230002881	7.499178886669
1	1673	880.802111174938	7.494524343035
1	1677	881.665810007473	6.737580004592
1	1683	884.442979205066	3.640868030128
1	1687	884.463799043051	2.797989035578
1	1691	885.212753379441	0.769774174375
1	1695	885.644924737035	1.181125693984
1	1703	887.130589355494	1.917835976053
1	1715	889.755125935884	4.110201198849
1	1721	889.975415850293	2.844826494799
1	1725	892.742659634797	2.987533698913
1	1731	893.258287455072	3.282871604779
1	1737	898.95460892354	6.211949288743
1	1741	899.195479414022	5.93719195895
1	1745	899.51502340251	0.56041447897
1	1751	900.223263544766	1.027784130744
1	1759	903.238435839332	3.723412436822
1	1767	905.00080092952	4.777537384754
1	1773	907.867584054973	4.629148215641
1	1779	911.463320338474	6.462519408954
1	1787	915.484930943718	7.617346888745
1	1791	916.128439170454	4.66511883198
1	1795	918.786311583202	3.301380639484
1	1801	921.678937512904	5.55049834245
1	1807	922.411217264996	3.624905681794
1	1815	925.428038244069	3.749100731165
1	1821	927.365399487877	4.954182222881
1	1825	930.954260073224	5.526221829155
1	1829	931.117877923898	3.752478436021
1	1837	933.400188888736	2.445928815512
1	1845	935.858897631861	4.741019707963
1	1853	940.856824451365	7.456635562629
1	1859	947.044794775195	11.185897143334
1	1865	948.241207242176	7.384382790811
1	1869	958.370930428511	11.326135653316
1	1873	958.492028958819	10.250821716643
1	1877	958.587609510703	0.216679082192
1	1889	961.537382610119	3.0453536513
1	1895	962.338400855688	3.750791344985
1	1901	966.825094942073	5.287712331954
1	1907	967.712142043884	5.373741188196
1	1913	971.676109210759	4.851014268686
1	1917	972.627587381489	4.915445337605
1	1923	973.17128155809	1.495172347331
1	1927	974.241220940813	1.613633559324
1	1937	982.872613133749	9.701331575659
1	1941	984.74796009077	10.506739149957
1	1945	985.618254257647	2.745641123898
1	1951	989.340726771612	4.592766680842
1	1955	992.303121817081	6.684867559434
1	1963	994.524387038569	5.183660266957
1	1971	997.628799287165	5.325677470084
2	222	101.821511095903	6
2	226	103.370244098608	7
2	228	105.381621507269	6
2	232	106.5653479854	5
2	236	106.866578381929	6
2	238	106.995908938437	5
2	242	107.244965170509	6
2	244	108.128933183555	7
2	246	112.563128355328	6
2	250	112.738658378894	7
2	252	115.835423720347	6
2	256	116.080130776339	7
2	258	119.797396210314	6
2	262	122.4642166545	5
2	266	122.55299424819	6
2	268	123.001589278312	5
2	272	123.366401141948	6
2	274	124.983798333186	5
2	278	125.077986877096	6
2	280	125.410682168395	7
2	282	128.903587781523	6
2	286	128.997303340642	7
2	288	133.480142252679	6
2	292	134.374211822134	5
2	296	134.855801883071	4
2	300	135.016925985927	3
2	304	136.145973598044	4
2	306	136.217310824677	5
2	308	136.263477834168	4
2	312	136.540844280911	5
2	314	136.915800447528	6
2	316	136.988609848996	5
2	320	140.445087777797	6
2	322	141.352016419775	5
2	326	142.649441098391	6
2	328	143.22126517309	5
2	332	145.875604187575	6
2	334	147.643838125521	7
2	336	151.0241302704	6
2	340	152.263172739723	5
2	344	152.597120050287	4
2	348	153.536440935036	5
2	350	154.0234570579	6
2	352	155.7318914594	7
2	354	158.702787824301	6
2	358	158.775372143922	7
2	360	163.797276536209	6
2	364	164.53233348683	5
2	368	164.840860813748	6
2	370	165.189735182409	7
2	372	165.644516132046	6
2	376	168.569864073542	5
2	380	169.545114351916	6
2	382	170.415337548521	7
2	384	170.892265763857	6
2	388	173.097277875624	7
2	390	178.143743323056	6
2	394	179.133311122928	5
2	398	180.794981800929	6
2	400	181.605189672867	7
2	402	181.864566667665	6
2	406	182.440186133523	5
2	410	184.63960050242	6
2	412	185.690149384697	5
2	416	187.493884687142	6
2	418	187.649429049881	7
2	420	188.097998080953	6
2	424	189.289499985318	5
2	428	190.036421134574	6
2	430	191.200898348296	5
2	434	191.401204566082	4
2	438	191.437453050974	5
2	440	191.53980869232	6
2	442	194.248142442427	5
2	446	194.664299907834	6
2	448	198.72275799177	5
2	452	201.749107327247	6
2	454	201.759232442877	7
2	456	208.709692387125	6
2	460	209.454161378573	7
2	462	224.743720086015	6
2	466	226.045505485309	5
2	470	227.122970260993	6
2	472	228.83084736842	5
2	476	232.414401874804	4
2	480	232.82389665084	5
2	482	233.210749620475	4
2	486	233.652829830417	5
2	488	233.692265530138	4
2	492	233.855447605795	3
2	496	234.296474356975	4
2	498	234.742200222407	5
2	500	235.085197349083	6
2	502	236.381120424708	7
2	504	242.275971558219	6
2	508	242.748534016175	5
2	512	243.950034726207	6
2	514	245.631835422455	5
2	518	246.356911521198	6
2	520	247.029790608496	5
2	524	248.440185657595	6
2	526	249.204790141675	7
2	528	250.223279125193	6
2	532	251.230380509243	5
2	536	251.904940362256	6
2	538	253.144593200397	5
2	542	253.149531533323	6
2	544	253.293273176496	5
2	548	253.516581414937	6
2	550	256.439886832005	5
2	554	257.793001565981	6
2	556	258.076627161343	7
2	558	259.933349404338	6
2	562	262.006302201573	7
2	564	269.506472761578	6
2	568	269.855013563196	5
2	572	272.064672381661	6
2	574	274.784569638482	5
2	578	275.171618622221	4
2	582	275.456701372129	5
2	584	276.225153344602	6
2	586	276.811899748765	7
2	588	280.698943493301	6
2	592	281.363392106737	5
2	596	282.71771881254	6
2	598	288.775946780303	7
2	600	288.791935788052	6
2	604	288.837289350637	7
2	606	290.962517845235	6
2	610	295.448708672709	5
2	614	297.862106561887	6
2	616	298.315364334242	7
2	618	298.430926296971	6
2	622	299.155158049198	5
2	626	300.833783493388	4
2	630	302.070729592886	5
2	632	308.358992596684	4
2	636	309.046318104232	5
2	638	309.092728066031	6
2	640	311.100670927386	7
2	642	311.889565473831	6
2	646	312.339519083095	7
2	648	315.278029319046	6
2	652	318.681133769733	7
2	654	319.193785875371	6
2	658	319.462782864749	5
2	662	319.490039469667	6
2	664	321.565001348629	7
2	666	322.618543290507	6
2	670	325.436060963903	5
2	674	325.824421277968	6
2	676	326.61112886205	5
2	680	327.090446005729	6
2	682	327.163213192332	5
2	686	328.218854739916	4
2	690	328.222134410013	3
2	694	328.796793820006	4
2	696	329.079842343937	3
2	700	329.476967324526	4
2	702	330.450832464031	5
2	704	332.53683709019	6
2	706	332.569859845073	5
2	710	333.226518209767	4
2	714	333.277010640526	5
2	716	334.590646715773	6
2	718	336.706635382024	7
2	720	338.912712100208	6
2	724	340.451638386506	7
2	726	344.739813894015	6
2	730	347.414648223521	7
2	732	348.423454491784	6
2	736	350.736550870229	5
2	740	350.811288377768	4
2	744	353.573005701977	5
2	746	354.042875140245	4
2	750	354.258050944367	5
2	752	354.346354185514	6
2	754	360.752784107777	5
2	758	361.513897614298	4
2	762	361.928784171152	5
2	764	362.46038259145	6
2	766	363.729095173787	7
2	768	364.74602993843	6
2	772	365.47378655197	7
2	774	367.765751086286	6
2	778	372.649370428636	5
2	782	373.458430197317	6
2	784	374.035425611154	7
2	786	388.378078167845	6
2	790	388.474675807129	5
2	794	389.155216174964	6
2	796	390.437690160712	5
2	800	392.318368698714	6
2	802	393.961660600427	5
2	806	394.371571446597	6
2	808	395.313399936606	5
2	812	395.899370634255	4
2	816	396.24640140999	3
2	820	396.411479685112	2
2	824	396.737247389955	3
2	826	397.362361833388	4
2	828	397.608885720891	5
2	830	398.739748994812	4
2	834	398.817165764582	5
2	836	399.680297066128	6
2	838	401.38736460307	7
2	840	401.818124032191	6
2	844	402.185943673512	7
2	846	410.867458170932	6
2	850	410.869222980656	5
2	854	411.388860739876	6
2	856	414.973858269767	7
2	858	421.119097127315	6
2	862	422.087328247871	5
2	866	422.16474658332	4
2	870	422.840044993711	3
2	874	423.037016201651	4
2	876	423.044885104504	5
2	878	425.071730874626	6
2	880	425.703982273357	5
2	884	426.773659618777	6
2	886	427.178905010352	7
2	888	429.45629665103	6
2	892	432.387462209562	7
2	894	442.315445145634	6
2	898	444.154222047534	5
2	902	444.354287850789	6
2	904	448.044516082205	5
2	908	448.825039219495	6
2	910	453.519657047059	7
2	912	455.47904813674	6
2	916	456.791399764999	5
2	920	457.17998914724	6
2	922	457.394407424063	5
2	926	459.776398192714	6
2	928	461.067809950672	5
2	932	463.47950534223	4
2	936	463.793223014555	5
2	938	467.048905851509	6
2	940	467.88846216611	7
2	942	481.102239279588	6
2	946	481.178397069611	5
2	950	481.288784433868	6
2	952	482.360878135476	7
2	954	490.46117488934	6
2	958	493.112942352311	7
2	960	497.102660885263	6
2	964	499.42923049354	5
2	968	501.892011198073	6
2	970	502.063812301537	5
2	974	504.935520407144	4
2	978	505.18250224254	5
2	980	506.037490999521	4
2	984	506.650246548638	5
2	986	508.927847177524	4
2	990	509.863244280901	5
2	992	512.437615902958	6
2	994	513.404669951387	5
2	998	515.37835953518	6
2	1000	517.498429758524	7
2	1002	522.018059003646	6
2	1006	522.280396221108	5
2	1010	522.292002371354	4
2	1014	522.566282435849	5
2	1016	522.962464595643	4
2	1020	523.697794995105	5
2	1022	524.011876497049	6
2	1024	524.448366300757	7
2	1026	524.86867555866	6
2	1030	525.19024021589	7
2	1032	525.230884199217	6
2	1036	526.089792974935	7
2	1038	527.408427865622	6
2	1042	527.614701949302	5
2	1046	527.877450027128	4
2	1050	529.590855374118	5
2	1052	531.845759265786	4
2	1056	532.790031195758	5
2	1058	533.818299510207	4
2	1062	533.96441152619	5
2	1064	537.123270168866	6
2	1066	537.607133038134	7
2	1068	543.569147503363	6
2	1072	547.757683019042	5
2	1076	547.976261837441	6
2	1078	548.744052137873	5
2	1082	548.838131377273	6
2	1084	557.51285892256	5
2	1088	557.866915432429	6
2	1090	560.194216662566	7
2	1092	569.522934864544	6
2	1096	570.432518913532	5
2	1100	571.09606986345	6
2	1102	572.612259055767	5
2	1106	573.661914008559	6
2	1108	573.758045912963	5
2	1112	574.418155701888	6
2	1114	574.632188745382	7
2	1116	580.783916801492	6
2	1120	583.022844380691	5
2	1124	584.421752715224	4
2	1128	585.33419375183	5
2	1130	585.882931428604	6
2	1132	588.449859379521	5
2	1136	588.483908443263	4
2	1140	588.878851834629	5
2	1142	589.035215951783	6
2	1144	589.827340242336	5
2	1148	591.412266352186	6
2	1150	592.062139098262	7
2	1152	592.110429357498	6
2	1156	594.096608438887	7
2	1158	594.153065863555	6
2	1162	594.364649157712	5
2	1166	594.626858673541	6
2	1168	596.29704587661	5
2	1172	597.682457765926	6
2	1174	598.157447516953	7
2	1176	599.172570929409	6
2	1180	599.690445714575	7
2	1182	602.544400460255	6
2	1186	603.471737403914	5
2	1190	603.917273553073	4
2	1194	604.594253957562	5
2	1196	605.316221547259	6
2	1198	610.394494856057	5
2	1202	611.577296021163	6
2	1204	614.79307996815	7
2	1206	614.989873523762	6
2	1210	616.051189016216	5
2	1214	616.988196516328	6
2	1216	617.324843140783	7
2	1218	618.418032325407	6
2	1222	622.379897356285	7
2	1224	624.369396249844	6
2	1228	624.39147180992	7
2	1230	635.071272171844	6
2	1234	636.70652183029	5
2	1238	637.410679426623	6
2	1240	641.863978276753	7
2	1242	656.071385604027	6
2	1246	657.455413945777	5
2	1250	658.195887381274	4
2	1254	658.909297914604	3
2	1258	659.463041698331	4
2	1260	660.917971269836	5
2	1262	661.408276274632	4
2	1266	661.594048795494	5
2	1268	661.824698471868	4
2	1272	662.529664324855	5
2	1274	663.454960623634	6
2	1276	664.674045591143	7
2	1278	665.72607369757	6
2	1282	666.638272927796	7
2	1284	676.374405587447	6
2	1288	679.304528981436	7
2	1290	684.501323642254	6
2	1294	685.067865302249	5
2	1298	686.32322707716	6
2	1300	687.937279767015	5
2	1304	690.229272916905	4
2	1308	690.366271156964	5
2	1310	692.25355937414	6
2	1312	693.872341252912	7
2	1314	694.102763569889	6
2	1318	694.791738820007	7
2	1320	697.806457916508	6
2	1324	698.727975490582	7
2	1326	700.47310810894	6
2	1330	702.091675215463	7
2	1332	703.75012369089	6
2	1336	703.829537176472	7
2	1338	705.375676142399	6
2	1342	709.079260042653	7
2	1344	711.28763446939	6
2	1348	712.920669329285	7
2	1350	715.940553277174	6
2	1354	716.001291959432	7
2	1356	718.699076137768	6
2	1360	722.097767140857	7
2	1362	723.245061630113	6
2	1366	724.11347604203	5
2	1370	724.528167337557	4
2	1374	724.607163187627	5
2	1376	724.879506163696	6
2	1378	725.164068205711	5
2	1382	725.622643177304	4
2	1386	725.632031172864	5
2	1388	726.30023252834	4
2	1392	726.348426865393	5
2	1394	726.376542590229	4
2	1398	726.662106930082	5
2	1400	730.281227768152	6
2	1402	733.851025588743	5
2	1406	734.11509730119	6
2	1408	736.488716289971	5
2	1412	737.907920167855	4
2	1416	739.718158113752	5
2	1418	740.162834115051	6
2	1420	742.673879580666	7
2	1422	747.460139752174	6
2	1426	749.034968051284	7
2	1428	752.315454994835	6
2	1432	755.267034852689	5
2	1436	756.386227665318	6
2	1438	758.838836573037	5
2	1442	759.780842984134	6
2	1444	760.101651476248	7
2	1446	764.296571334871	6
2	1450	765.216905917912	7
2	1452	770.517342095104	6
2	1456	771.37145267202	7
2	1458	771.409814810591	6
2	1462	775.453339593531	5
2	1466	777.310925699702	6
2	1468	779.044229119518	5
2	1472	779.545977069616	6
2	1474	784.297003859798	7
2	1476	789.370226599322	6
2	1480	791.041600412285	5
2	1484	793.141025887177	6
2	1486	795.451976262409	5
2	1490	795.473553488452	4
2	1494	796.619303230568	5
2	1496	798.092804449338	6
2	1498	799.405180474089	5
2	1502	799.754363438012	6
2	1504	801.02249335357	5
2	1508	801.927907107838	6
2	1510	806.878058399386	5
2	1514	807.13664128031	6
2	1516	807.195188568258	7
2	1518	811.785878785273	6
2	1522	811.950920820911	7
2	1524	814.878769463535	6
2	1528	815.733631984741	5
2	1532	816.484833217004	4
2	1536	816.854348605012	5
2	1538	817.494646847695	4
2	1542	818.058771872361	5
2	1544	818.694144272592	4
2	1548	818.974834902975	3
2	1552	819.634864726892	4
2	1554	819.784981285932	5
2	1556	820.519879798734	6
2	1558	820.731601925872	5
2	1562	820.918527875272	6
2	1564	821.879843015256	5
2	1568	823.524121671894	6
2	1570	824.647069889103	7
2	1572	827.817012217348	6
2	1576	828.391506167762	7
2	1578	828.831657947765	6
2	1582	829.009834217242	5
2	1586	830.515720898239	6
2	1588	830.636081406017	7
2	1590	836.074631612002	6
2	1594	836.989512266282	5
2	1598	843.978867351402	6
2	1600	844.89806839743	7
2	1602	845.776416920577	6
2	1606	846.689232764915	5
2	1610	846.89639179871	6
2	1612	847.554851125373	7
2	1614	853.335178038907	6
2	1618	853.768254499903	5
2	1622	857.243043836193	6
2	1624	857.588244876104	5
2	1628	857.943043205703	4
2	1632	858.749195268346	5
2	1634	858.796320346842	4
2	1638	859.470649822998	5
2	1640	861.239516502062	4
2	1644	861.263608232674	5
2	1646	864.35531169651	4
2	1650	864.532009288663	5
2	1652	866.275304039106	6
2	1654	867.236833953213	7
2	1656	867.429051116212	6
2	1660	873.307586831903	5
2	1664	874.928230002881	4
2	1668	876.42454764135	5
2	1670	878.959758517386	6
2	1672	880.236993561375	7
2	1674	880.802111174938	6
2	1678	881.665810007473	5
2	1682	883.592472772905	6
2	1684	884.442979205066	5
2	1688	884.463799043051	4
2	1692	885.212753379441	3
2	1696	885.644924737035	2
2	1700	885.648136803325	3
2	1702	886.855602113355	4
2	1704	887.130589355494	3
2	1708	887.261682872095	4
2	1710	887.463289388403	5
2	1712	888.720576239795	6
2	1714	889.743446529232	7
2	1716	889.755125935884	6
2	1720	889.97105988078	7
2	1722	889.975415850293	6
2	1726	892.742659634797	5
2	1730	892.854497160822	6
2	1732	893.258287455072	5
2	1736	895.434272478994	6
2	1738	898.95460892354	5
2	1742	899.195479414022	4
2	1746	899.51502340251	3
2	1750	899.820444283187	4
2	1752	900.223263544766	3
2	1756	901.449010485273	4
2	1758	903.063128105735	5
2	1760	903.238435839332	4
2	1764	903.368362201091	5
2	1766	903.663702492731	6
2	1768	905.00080092952	5
2	1772	907.400335177076	6
2	1774	907.867584054973	5
2	1778	908.609586471967	6
2	1780	911.463320338474	5
2	1784	912.377509358123	6
2	1786	914.789124284385	7
2	1788	915.484930943718	6
2	1792	916.128439170454	5
2	1796	918.786311583202	4
2	1800	919.919765637826	5
2	1802	921.678937512904	4
2	1806	922.344193377292	5
2	1808	922.411217264996	4
2	1812	924.013365594285	5
2	1814	925.375056003912	6
2	1816	925.428038244069	5
2	1820	925.432375202744	6
2	1822	927.365399487877	5
2	1826	930.954260073224	4
2	1830	931.117877923898	3
2	1834	931.339432126855	4
2	1836	933.283698229475	5
2	1838	933.400188888736	4
2	1842	934.211746777683	5
2	1844	935.476010620045	6
2	1846	935.858897631861	5
2	1850	936.844616952559	6
2	1852	939.856003020971	7
2	1854	940.856824451365	6
2	1858	941.761286654674	7
2	1860	947.044794775195	6
2	1864	947.595552441011	7
2	1866	948.241207242176	6
2	1870	958.370930428511	5
2	1874	958.492028958819	4
2	1878	958.587609510703	3
2	1882	959.270250807483	4
2	1884	959.369388041525	5
2	1886	959.600411600616	6
2	1888	959.862062582086	7
2	1890	961.537382610119	6
2	1894	961.726763295334	7
2	1896	962.338400855688	6
2	1900	964.234691274275	7
2	1902	966.825094942073	6
2	1906	966.897236747846	7
2	1908	967.712142043884	6
2	1912	971.51140839836	7
2	1914	971.676109210759	6
2	1918	972.627587381489	5
2	1922	973.055712291187	6
2	1924	973.17128155809	5
2	1928	974.241220940813	4
2	1932	975.031720823819	5
2	1934	976.510873505948	6
2	1936	978.862097610999	7
2	1938	982.872613133749	6
2	1942	984.74796009077	5
2	1946	985.618254257647	4
2	1950	987.979607446544	5
2	1952	989.340726771612	4
2	1956	992.303121817081	3
2	1960	992.400785895675	4
2	1962	992.913121533966	5
2	1964	994.524387038569	4
2	1968	995.268430269451	5
2	1970	997.626394006113	6
2	1972	997.628799287165	5
2	1976	999.35811966729	6
2	1978	999.487466261002	7
3	222	101.821511095903	24.471441078682
3	228	105.381621507269	24.164202109907
3	232	106.5653479854	23.081618192727
3	238	106.995908938437	22.740730787489
3	246	112.563128355328	21.577942814947
3	252	115.835423720347	18.849783185922
3	258	119.797396210314	21.599523349349
3	262	122.4642166545	19.093972555892
3	268	123.001589278312	16.135010896383
3	274	124.983798333186	17.738833162677
3	282	128.903587781523	20.774654597968
3	288	133.480142252679	20.741483873785
3	292	134.374211822134	18.294081045795
3	296	134.855801883071	12.302807634881
3	300	135.016925985927	11.650524843979
3	308	136.263477834168	11.185490957072
3	316	136.988609848996	11.577927680601
3	322	141.352016419775	12.354713079133
3	328	143.22126517309	7.075291575046
3	336	151.0241302704	14.806819445723
3	340	152.263172739723	15.722328458812
3	344	152.597120050287	15.681319602759
3	354	158.702787824301	18.257700046504
3	360	163.797276536209	21.147835437818
3	364	164.53233348683	18.656729299255
3	372	165.644516132046	18.000678006525
3	376	168.569864073542	15.033423138506
3	384	170.892265763857	16.868808705957
3	390	178.143743323056	22.411851863656
3	394	179.133311122928	20.357938979006
3	402	181.864566667665	17.023705853917
3	406	182.440186133523	17.250450951114
3	412	185.690149384697	16.145035032781
3	420	188.097998080953	17.682660532432
3	424	189.289499985318	16.192222109694
3	430	191.200898348296	10.405916547367
3	434	191.401204566082	9.796014893215
3	442	194.248142442427	9.608541940007
3	448	198.72275799177	11.228873304628
3	456	208.709692387125	21.060263337244
3	462	224.743720086015	34.707298951441
3	466	226.045505485309	34.608052434335
3	472	228.83084736842	37.2910386761
3	476	232.414401874804	37.75010196697
3	482	233.210749620475	31.461642293228
3	488	233.692265530138	31.933033087261
3	492	233.855447605795	24.401286227222
3	504	242.275971558219	15.153001297226
3	508	242.748534016175	9.924637365335
3	514	245.631835422455	11.979005592038
3	520	247.029790608496	12.733316251521
3	528	250.223279125193	15.481078902786
3	532	251.230380509243	16.14518316016
3	538	253.144593200397	16.763472775689
3	544	253.293273176496	9.343238450289
3	550	256.439886832005	10.082975310807
3	558	259.933349404338	11.493163746743
3	564	269.506472761578	20.301682619903
3	568	269.855013563196	17.95007320094
3	574	274.784569638482	21.635038105159
3	578	275.171618622221	21.655037207284
3	588	280.698943493301	22.90594192732
3	592	281.363392106737	23.286764945394
3	600	288.791935788052	26.785633586479
3	606	290.962517845235	18.897845463574
3	610	295.448708672709	19.99200730058
3	618	298.430926296971	22.205772952369
3	622	299.155158049198	22.343258300433
3	626	300.833783493388	18.116064680848
3	632	308.358992596684	19.583045816381
3	642	311.889565473831	23.052276123194
3	648	315.278029319046	17.415922757159
3	654	319.193785875371	20.878421541129
3	658	319.462782864749	17.392053271863
3	666	322.618543290507	13.572225186275
3	670	325.436060963903	16.343332897872
3	676	326.61112886205	15.510457934664
3	682	327.163213192332	14.823694109237
3	686	328.218854739916	9.537720970183
3	690	328.222134410013	8.732094940346
3	696	329.079842343937	7.514840995308
3	706	332.569859845073	6.745438567105
3	710	333.226518209767	6.136072204038
3	720	338.912712100208	10.115918280202
3	726	344.739813894015	15.262846569489
3	732	348.423454491784	17.972622027753
3	736	350.736550870229	18.199713780039
3	740	350.811288377768	17.534277737242
3	746	354.042875140245	19.452228424472
3	754	360.752784107777	24.046148725753
3	758	361.513897614298	21.062259227792
3	768	364.74602993843	17.331381714909
3	774	367.765751086286	14.192745384309
3	778	372.649370428636	18.391319484269
3	786	388.378078167845	34.031723982331
3	790	388.474675807129	26.545891635977
3	796	390.437690160712	27.977307569262
3	802	393.961660600427	30.23256542664
3	808	395.313399936606	29.839613384636
3	812	395.899370634255	22.440940436938
3	816	396.24640140999	22.210975798836
3	820	396.411479685112	7.256263510148
3	830	398.739748994812	6.421380296098
3	840	401.818124032191	7.446552585594
3	846	410.867458170932	14.130210780977
3	850	410.869222980656	13.506861147268
3	858	421.119097127315	23.510211406424
3	862	422.087328247871	23.270162483289
3	866	422.16474658332	22.484449517192
3	870	422.840044993711	21.452680390641
3	880	425.703982273357	23.518038599845
3	888	429.45629665103	18.067435911154
3	894	442.315445145634	27.341586875867
3	898	444.154222047534	21.117205845883
3	904	448.044516082205	24.999630977701
3	912	455.47904813674	30.407317262114
3	916	456.791399764999	30.017740146222
3	922	457.394407424063	30.215502413711
3	928	461.067809950672	28.68034774111
3	932	463.47950534223	19.125217491441
3	942	481.102239279588	32.277200060093
3	946	481.178397069611	27.658740022552
3	954	490.46117488934	33.2811857421
3	960	497.102660885263	37.326262692549
3	964	499.42923049354	35.636007478985
3	970	502.063812301537	35.014906450028
3	974	504.935520407144	37.047058241034
3	980	506.037490999521	24.748706565653
3	986	508.927847177524	26.566969042048
3	994	513.404669951387	20.291727599076
3	1002	522.018059003646	20.126047805573
3	1006	522.280396221108	17.097893978568
3	1010	522.292002371354	15.641755822716
3	1016	522.962464595643	13.099220314742
3	1026	524.86867555866	12.431059655702
3	1032	525.230884199217	9.852524664037
3	1038	527.408427865622	9.909998107098
3	1042	527.614701949302	5.048419513453
3	1046	527.877450027128	4.179655032023
3	1052	531.845759265786	7.833882768737
3	1058	533.818299510207	9.36993320945
3	1068	543.569147503363	18.378907287473
3	1072	547.757683019042	21.667890044107
3	1078	548.744052137873	19.153196763755
3	1084	557.51285892256	24.722827726802
3	1092	569.522934864544	35.558523338354
3	1096	570.432518913532	33.309248744666
3	1102	572.612259055767	35.005126017633
3	1108	573.758045912963	25.781784075522
3	1116	580.783916801492	31.945785424219
3	1120	583.022844380691	25.155928948262
3	1124	584.421752715224	24.227536052658
3	1132	588.449859379521	17.353789516071
3	1136	588.483908443263	14.821994434704
3	1144	589.827340242336	15.409184540448
3	1152	592.110429357498	17.478240612116
3	1158	594.153065863555	8.818872111725
3	1162	594.364649157712	8.481717729108
3	1168	596.29704587661	7.418194041981
3	1176	599.172570929409	10.137354977626
3	1182	602.544400460255	11.132134108069
3	1186	603.471737403914	11.409598305652
3	1190	603.917273553073	9.820665114186
3	1198	610.394494856057	15.767636182516
3	1206	614.989873523762	17.307415757836
3	1210	616.051189016216	17.893741499263
3	1218	618.418032325407	18.727586610832
3	1224	624.369396249844	19.775142292282
3	1230	635.071272171844	29.755050624585
3	1234	636.70652183029	25.129225809127
3	1242	656.071385604027	41.278305635877
3	1246	657.455413945777	40.467217429449
3	1250	658.195887381274	40.871044240491
3	1254	658.909297914604	36.529400558319
3	1262	661.408276274632	37.016804464712
3	1268	661.824698471868	24.414019045245
3	1278	665.72607369757	23.862095420817
3	1284	676.374405587447	16.911363889116
3	1290	684.501323642254	23.583352372418
3	1294	685.067865302249	23.473816506755
3	1300	687.937279767015	25.40761544216
3	1304	690.229272916905	26.774312293271
3	1314	694.102763569889	29.428717978746
3	1320	697.806457916508	31.168184988712
3	1326	700.47310810894	21.168579127504
3	1332	703.75012369089	17.42689661373
3	1338	705.375676142399	15.009404985435
3	1344	711.28763446939	19.03407509525
3	1350	715.940553277174	22.068212024262
3	1356	718.699076137768	23.907337317761
3	1362	723.245061630113	24.517086139531
3	1366	724.11347604203	22.021800826567
3	1370	724.528167337557	20.698630161085
3	1378	725.164068205711	16.084808163058
3	1382	725.622643177304	12.701973848019
3	1388	726.30023252834	10.298940568908
3	1394	726.376542590229	4.278775449372
3	1402	733.851025588743	9.243862401116
3	1408	736.488716289971	11.609210126275
3	1412	737.907920167855	12.275888994991
3	1422	747.460139752174	21.111712886781
3	1428	752.315454994835	25.653348064753
3	1432	755.267034852689	24.985807084537
3	1438	758.838836573037	24.723739271847
3	1446	764.296571334871	24.578413221119
3	1452	770.517342095104	30.354507980053
3	1458	771.409814810591	28.735935229925
3	1462	775.453339593531	26.418371542247
3	1468	779.044229119518	22.6580014542
3	1476	789.370226599322	29.589383615188
3	1480	791.041600412285	30.939948936037
3	1486	795.451976262409	30.235070344497
3	1490	795.473553488452	24.102100816432
3	1498	799.405180474089	22.094254774387
3	1504	801.02249335357	21.476516283954
3	1510	806.878058399386	22.581054539588
3	1518	811.785878785273	18.644852898096
3	1524	814.878769463535	18.259466232967
3	1528	815.733631984741	17.640827535403
3	1532	816.484833217004	16.730469778992
3	1538	817.494646847695	15.566739739857
3	1544	818.694144272592	11.557502992282
3	1548	818.974834902975	11.779646334717
3	1558	820.731601925872	8.780681104961
3	1564	821.879843015256	5.025494410244
3	1572	827.817012217348	9.758240344987
3	1578	828.831657947765	9.196793220873
3	1582	829.009834217242	9.22485293131
3	1590	836.074631612002	15.554751813268
3	1594	836.989512266282	16.07098439101
3	1602	845.776416920577	22.252295248683
3	1606	846.689232764915	22.042162875812
3	1614	853.335178038907	24.943671871145
3	1618	853.768254499903	23.252533601664
3	1624	857.588244876104	26.952163470087
3	1628	857.943043205703	13.964175854301
3	1634	858.796320346842	13.898251949412
3	1640	861.239516502062	14.343124703352
3	1646	864.35531169651	16.800460571137
3	1656	867.429051116212	10.186007280019
3	1660	873.307586831903	14.558391563557
3	1664	874.928230002881	15.457580179883
3	1674	880.802111174938	19.538502942264
3	1678	881.665810007473	17.13380071881
3	1684	884.442979205066	18.16767516596
3	1688	884.463799043051	17.226965089838
3	1692	885.212753379441	8.788205738091
3	1696	885.644924737035	6.685166219649
3	1704	887.130589355494	6.893595794119
3	1716	889.755125935884	6.162653162979
3	1722	889.975415850293	4.327279046968
3	1726	892.742659634797	5.887057521442
3	1732	893.258287455072	5.996604582977
3	1738	898.95460892354	11.491319535137
3	1742	899.195479414022	10.474903174227
3	1746	899.51502340251	9.771576873278
3	1752	900.223263544766	10.252203663986
3	1760	903.238435839332	10.38393867851
3	1768	905.00080092952	9.566528450526
3	1774	907.867584054973	8.047139771786
3	1780	911.463320338474	10.014309853201
3	1788	915.484930943718	12.421802837983
3	1792	916.128439170454	12.760076969363
3	1796	918.786311583202	15.122609090471
3	1802	921.678937512904	14.278602335828
3	1808	922.411217264996	13.801630793029
3	1816	925.428038244069	13.050528885946
3	1822	927.365399487877	12.576275203492
3	1826	930.954260073224	11.034494435398
3	1830	931.117877923898	8.773684546606
3	1838	933.400188888736	9.386823294451
3	1846	935.858897631861	10.483841627949
3	1854	940.856824451365	15.424449248621
3	1860	947.044794775195	15.70536264834
3	1866	948.241207242176	14.957509012701
3	1870	958.370930428511	24.159183650828
3	1874	958.492028958819	23.016018338774
3	1878	958.587609510703	21.742992558144
3	1890	961.537382610119	21.681379589148
3	1896	962.338400855688	20.577114201014
3	1902	966.825094942073	19.229542501062
3	1908	967.712142043884	8.441891236401
3	1914	971.676109210759	12.306721169234
3	1918	972.627587381489	13.027175780873
3	1924	973.17128155809	13.309218976004
3	1928	974.241220940813	12.514457645479
3	1938	982.872613133749	18.637921859474
3	1942	984.74796009077	17.850723342924
3	1946	985.618254257647	14.106845859287
3	1952	989.340726771612	16.285014480425
3	1956	992.303121817081	17.271400993262
3	1964	994.524387038569	18.013513532621
3	1972	997.628799287165	18.766701676166
4	222	101.821511095903	0
4	228	105.381621507269	0
4	232	106.5653479854	0
4	238	106.995908938437	0
4	246	112.563128355328	0
4	252	115.835423720347	0
4	258	119.797396210314	0
4	262	122.4642166545	0
4	268	123.001589278312	0
4	274	124.983798333186	0
4	282	128.903587781523	0
4	288	133.480142252679	0
4	292	134.374211822134	0
4	296	134.855801883071	0
4	300	135.016925985927	0
4	308	136.263477834168	0
4	316	136.988609848996	0
4	322	141.352016419775	0
4	328	143.22126517309	0
4	336	151.0241302704	0
4	340	152.263172739723	0
4	344	152.597120050287	0
4	354	158.702787824301	0
4	360	163.797276536209	0
4	364	164.53233348683	0
4	372	165.644516132046	0
4	376	168.569864073542	0
4	384	170.892265763857	0
4	390	178.143743323056	0
4	394	179.133311122928	0
4	402	181.864566667665	0
4	406	182.440186133523	0
4	412	185.690149384697	0
4	420	188.097998080953	0
4	424	189.289499985318	0
4	430	191.200898348296	0
4	434	191.401204566082	0
4	442	194.248142442427	0
4	448	198.72275799177	0
4	456	208.709692387125	0
4	462	224.743720086015	0
4	466	226.045505485309	0
4	472	228.83084736842	0
4	476	232.414401874804	0
4	482	233.210749620475	0
4	488	233.692265530138	0
4	492	233.855447605795	0
4	504	242.275971558219	0
4	508	242.748534016175	0
4	514	245.631835422455	0
4	520	247.029790608496	0
4	528	250.223279125193	0
4	532	251.230380509243	0
4	538	253.144593200397	0
4	544	253.293273176496	0
4	550	256.439886832005	0
4	558	259.933349404338	0
4	564	269.506472761578	0
4	568	269.855013563196	0
4	574	274.784569638482	0
4	578	275.171618622221	0
4	588	280.698943493301	0
4	592	281.363392106737	0
4	600	288.791935788052	0
4	606	290.962517845235	0
4	610	295.448708672709	0
4	618	298.430926296971	0
4	622	299.155158049198	0
4	626	300.833783493388	0
4	632	308.358992596684	0
4	642	311.889565473831	0
4	648	315.278029319046	0
4	654	319.193785875371	0
4	658	319.462782864749	0
4	666	322.618543290507	0
4	670	325.436060963903	0
4	676	326.61112886205	0
4	682	327.163213192332	0
4	686	328.218854739916	0
4	690	328.222134410013	0
4	696	329.079842343937	0
4	706	332.569859845073	0
4	710	333.226518209767	0
4	720	338.912712100208	0
4	726	344.739813894015	0
4	732	348.423454491784	0
4	736	350.736550870229	0
4	740	350.811288377768	0
4	746	354.042875140245	0
4	754	360.752784107777	0
4	758	361.513897614298	0
4	768	364.74602993843	0
4	774	367.765751086286	0
4	778	372.649370428636	0
4	786	388.378078167845	0
4	790	388.474675807129	0
4	796	390.437690160712	0
4	802	393.961660600427	0
4	808	395.313399936606	0
4	812	395.899370634255	0
4	816	396.24640140999	0
4	820	396.411479685112	0
4	830	398.739748994812	0
4	840	401.818124032191	0
4	846	410.867458170932	0
4	850	410.869222980656	0
4	858	421.119097127315	0
4	862	422.087328247871	0
4	866	422.16474658332	0
4	870	422.840044993711	0
4	880	425.703982273357	0
4	888	429.45629665103	0
4	894	442.315445145634	0
4	898	444.154222047534	0
4	904	448.044516082205	0
4	912	455.47904813674	0
4	916	456.791399764999	0
4	922	457.394407424063	0
4	928	461.067809950672	0
4	932	463.47950534223	0
4	942	481.102239279588	0
4	946	481.178397069611	0
4	954	490.46117488934	0
4	960	497.102660885263	0
4	964	499.42923049354	0
4	970	502.063812301537	0
4	974	504.935520407144	0
4	980	506.037490999521	0
4	986	508.927847177524	0
4	994	513.404669951387	0
4	1002	522.018059003646	0
4	1006	522.280396221108	0
4	1010	522.292002371354	0
4	1016	522.962464595643	0
4	1026	524.86867555866	0
4	1032	525.230884199217	0
4	1038	527.408427865622	0
4	1042	527.614701949302	0
4	1046	527.877450027128	0
4	1052	531.845759265786	0
4	1058	533.818299510207	0
4	1068	543.569147503363	0
4	1072	547.757683019042	0
4	1078	548.744052137873	0
4	1084	557.51285892256	0
4	1092	569.522934864544	0
4	1096	570.432518913532	0
4	1102	572.612259055767	0
4	1108	573.758045912963	0
4	1116	580.783916801492	0
4	1120	583.022844380691	0
4	1124	584.421752715224	0
4	1132	588.449859379521	0
4	1136	588.483908443263	0
4	1144	589.827340242336	0
4	1152	592.110429357498	0
4	1158	594.153065863555	0
4	1162	594.364649157712	0
4	1168	596.29704587661	0
4	1176	599.172570929409	0
4	1182	602.544400460255	0
4	1186	603.471737403914	0
4	1190	603.917273553073	0
4	1198	610.394494856057	0
4	1206	614.989873523762	0
4	1210	616.051189016216	0
4	1218	618.418032325407	0
4	1224	624.369396249844	0
4	1230	635.071272171844	0
4	1234	636.70652183029	0
4	1242	656.071385604027	0
4	1246	657.455413945777	0
4	1250	658.195887381274	0
4	1254	658.909297914604	0
4	1262	661.408276274632	0
4	1268	661.824698471868	0
4	1278	665.72607369757	0
4	1284	676.374405587447	0
4	1290	684.501323642254	0
4	1294	685.067865302249	0
4	1300	687.937279767015	0
4	1304	690.229272916905	0
4	1314	694.102763569889	0
4	1320	697.806457916508	0
4	1326	700.47310810894	0
4	1332	703.75012369089	0
4	1338	705.375676142399	0
4	1344	711.28763446939	0
4	1350	715.940553277174	0
4	1356	718.699076137768	0
4	1362	723.245061630113	0
4	1366	724.11347604203	0
4	1370	724.528167337557	0
4	1378	725.164068205711	0
4	1382	725.622643177304	0
4	1388	726.30023252834	0
4	1394	726.376542590229	0
4	1402	733.851025588743	0
4	1408	736.488716289971	0
4	1412	737.907920167855	0
4	1422	747.460139752174	0
4	1428	752.315454994835	0
4	1432	755.267034852689	0
4	1438	758.838836573037	0
4	1446	764.296571334871	0
4	1452	770.517342095104	0
4	1458	771.409814810591	0
4	1462	775.453339593531	0
4	1468	779.044229119518	0
4	1476	789.370226599322	0
4	1480	791.041600412285	0
4	1486	795.451976262409	0
4	1490	795.473553488452	0
4	1498	799.405180474089	0
4	1504	801.02249335357	0
4	1510	806.878058399386	0
4	1518	811.785878785273	0
4	1524	814.878769463535	0
4	1528	815.733631984741	0
4	1532	816.484833217004	0
4	1538	817.494646847695	0
4	1544	818.694144272592	0
4	1548	818.974834902975	0
4	1558	820.731601925872	0
4	1564	821.879843015256	0
4	1572	827.817012217348	0
4	1578	828.831657947765	0
4	1582	829.009834217242	0
4	1590	836.074631612002	0
4	1594	836.989512266282	0
4	1602	845.776416920577	0
4	1606	846.689232764915	0
4	1614	853.335178038907	0
4	1618	853.768254499903	0
4	1624	857.588244876104	0
4	1628	857.943043205703	0
4	1634	858.796320346842	0
4	1640	861.239516502062	0
4	1646	864.35531169651	0
4	1656	867.429051116212	0
4	1660	873.307586831903	0
4	1664	874.928230002881	0
4	1674	880.802111174938	0
4	1678	881.665810007473	0
4	1684	884.442979205066	0
4	1688	884.463799043051	0
4	1692	885.212753379441	0
4	1696	885.644924737035	0
4	1704	887.130589355494	0
4	1716	889.755125935884	0
4	1722	889.975415850293	0
4	1726	892.742659634797	0
4	1732	893.258287455072	0
4	1738	898.95460892354	0
4	1742	899.195479414022	0
4	1746	899.51502340251	0
4	1752	900.223263544766	0
4	1760	903.238435839332	0
4	1768	905.00080092952	0
4	1774	907.867584054973	0
4	1780	911.463320338474	0
4	1788	915.484930943718	0
4	1792	916.128439170454	0
4	1796	918.786311583202	0
4	1802	921.678937512904	0
4	1808	922.411217264996	0
4	1816	925.428038244069	0
4	1822	927.365399487877	0
4	1826	930.954260073224	0
4	1830	931.117877923898	0
4	1838	933.400188888736	0
4	1846	935.858897631861	0
4	1854	940.856824451365	0
4	1860	947.044794775195	0
4	1866	948.241207242176	0
4	1870	958.370930428511	0
4	1874	958.492028958819	0
4	1878	958.587609510703	0
4	1890	961.537382610119	0
4	1896	962.338400855688	0
4	1902	966.825094942073	0
4	1908	967.712142043884	0
4	1914	971.676109210759	0
4	1918	972.627587381489	0
4	1924	973.17128155809	0
4	1928	974.241220940813	0
4	1938	982.872613133749	0
4	1942	984.74796009077	0
4	1946	985.618254257647	0
4	1952	989.340726771612	0
4	1956	992.303121817081	0
4	1964	994.524387038569	0
4	1972	997.628799287165	0
5	224	101.821511095903	1
5	225	103.370244098608	0
5	230	105.381621507269	1
5	234	106.5653479854	2
5	235	106.866578381929	1
5	240	106.995908938437	2
5	241	107.244965170509	1
5	243	108.128933183555	0
5	248	112.563128355328	1
5	249	112.738658378894	0
5	254	115.835423720347	1
5	255	116.080130776339	0
5	260	119.797396210314	1
5	264	122.4642166545	2
5	265	122.55299424819	1
5	270	123.001589278312	2
5	271	123.366401141948	1
5	276	124.983798333186	2
5	277	125.077986877096	1
5	279	125.410682168395	0
5	284	128.903587781523	1
5	285	128.997303340642	0
5	290	133.480142252679	1
5	294	134.374211822134	2
5	298	134.855801883071	3
5	302	135.016925985927	4
5	303	136.145973598044	3
5	305	136.217310824677	2
5	310	136.263477834168	3
5	311	136.540844280911	2
5	313	136.915800447528	1
5	318	136.988609848996	2
5	319	140.445087777797	1
5	324	141.352016419775	2
5	325	142.649441098391	1
5	330	143.22126517309	2
5	331	145.875604187575	1
5	333	147.643838125521	0
5	338	151.0241302704	1
5	342	152.263172739723	2
5	346	152.597120050287	3
5	347	153.536440935036	2
5	349	154.0234570579	1
5	351	155.7318914594	0
5	356	158.702787824301	1
5	357	158.775372143922	0
5	362	163.797276536209	1
5	366	164.53233348683	2
5	367	164.840860813748	1
5	369	165.189735182409	0
5	374	165.644516132046	1
5	378	168.569864073542	2
5	379	169.545114351916	1
5	381	170.415337548521	0
5	386	170.892265763857	1
5	387	173.097277875624	0
5	392	178.143743323056	1
5	396	179.133311122928	2
5	397	180.794981800929	1
5	399	181.605189672867	0
5	404	181.864566667665	1
5	408	182.440186133523	2
5	409	184.63960050242	1
5	414	185.690149384697	2
5	415	187.493884687142	1
5	417	187.649429049881	0
5	422	188.097998080953	1
5	426	189.289499985318	2
5	427	190.036421134574	1
5	432	191.200898348296	2
5	436	191.401204566082	3
5	437	191.437453050974	2
5	439	191.53980869232	1
5	444	194.248142442427	2
5	445	194.664299907834	1
5	450	198.72275799177	2
5	451	201.749107327247	1
5	453	201.759232442877	0
5	458	208.709692387125	1
5	459	209.454161378573	0
5	464	224.743720086015	1
5	468	226.045505485309	2
5	469	227.122970260993	1
5	474	228.83084736842	2
5	478	232.414401874804	3
5	479	232.82389665084	2
5	484	233.210749620475	3
5	485	233.652829830417	2
5	490	233.692265530138	3
5	494	233.855447605795	4
5	495	234.296474356975	3
5	497	234.742200222407	2
5	499	235.085197349083	1
5	501	236.381120424708	0
5	506	242.275971558219	1
5	510	242.748534016175	2
5	511	243.950034726207	1
5	516	245.631835422455	2
5	517	246.356911521198	1
5	522	247.029790608496	2
5	523	248.440185657595	1
5	525	249.204790141675	0
5	530	250.223279125193	1
5	534	251.230380509243	2
5	535	251.904940362256	1
5	540	253.144593200397	2
5	541	253.149531533323	1
5	546	253.293273176496	2
5	547	253.516581414937	1
5	552	256.439886832005	2
5	553	257.793001565981	1
5	555	258.076627161343	0
5	560	259.933349404338	1
5	561	262.006302201573	0
5	566	269.506472761578	1
5	570	269.855013563196	2
5	571	272.064672381661	1
5	576	274.784569638482	2
5	580	275.171618622221	3
5	581	275.456701372129	2
5	583	276.225153344602	1
5	585	276.811899748765	0
5	590	280.698943493301	1
5	594	281.363392106737	2
5	595	282.71771881254	1
5	597	288.775946780303	0
5	602	288.791935788052	1
5	603	288.837289350637	0
5	608	290.962517845235	1
5	612	295.448708672709	2
5	613	297.862106561887	1
5	615	298.315364334242	0
5	620	298.430926296971	1
5	624	299.155158049198	2
5	628	300.833783493388	3
5	629	302.070729592886	2
5	634	308.358992596684	3
5	635	309.046318104232	2
5	637	309.092728066031	1
5	639	311.100670927386	0
5	644	311.889565473831	1
5	645	312.339519083095	0
5	650	315.278029319046	1
5	651	318.681133769733	0
5	656	319.193785875371	1
5	660	319.462782864749	2
5	661	319.490039469667	1
5	663	321.565001348629	0
5	668	322.618543290507	1
5	672	325.436060963903	2
5	673	325.824421277968	1
5	678	326.61112886205	2
5	679	327.090446005729	1
5	684	327.163213192332	2
5	688	328.218854739916	3
5	692	328.222134410013	4
5	693	328.796793820006	3
5	698	329.079842343937	4
5	699	329.476967324526	3
5	701	330.450832464031	2
5	703	332.53683709019	1
5	708	332.569859845073	2
5	712	333.226518209767	3
5	713	333.277010640526	2
5	715	334.590646715773	1
5	717	336.706635382024	0
5	722	338.912712100208	1
5	723	340.451638386506	0
5	728	344.739813894015	1
5	729	347.414648223521	0
5	734	348.423454491784	1
5	738	350.736550870229	2
5	742	350.811288377768	3
5	743	353.573005701977	2
5	748	354.042875140245	3
5	749	354.258050944367	2
5	751	354.346354185514	1
5	756	360.752784107777	2
5	760	361.513897614298	3
5	761	361.928784171152	2
5	763	362.46038259145	1
5	765	363.729095173787	0
5	770	364.74602993843	1
5	771	365.47378655197	0
5	776	367.765751086286	1
5	780	372.649370428636	2
5	781	373.458430197317	1
5	783	374.035425611154	0
5	788	388.378078167845	1
5	792	388.474675807129	2
5	793	389.155216174964	1
5	798	390.437690160712	2
5	799	392.318368698714	1
5	804	393.961660600427	2
5	805	394.371571446597	1
5	810	395.313399936606	2
5	814	395.899370634255	3
5	818	396.24640140999	4
5	822	396.411479685112	5
5	823	396.737247389955	4
5	825	397.362361833388	3
5	827	397.608885720891	2
5	832	398.739748994812	3
5	833	398.817165764582	2
5	835	399.680297066128	1
5	837	401.38736460307	0
5	842	401.818124032191	1
5	843	402.185943673512	0
5	848	410.867458170932	1
5	852	410.869222980656	2
5	853	411.388860739876	1
5	855	414.973858269767	0
5	860	421.119097127315	1
5	864	422.087328247871	2
5	868	422.16474658332	3
5	872	422.840044993711	4
5	873	423.037016201651	3
5	875	423.044885104504	2
5	877	425.071730874626	1
5	882	425.703982273357	2
5	883	426.773659618777	1
5	885	427.178905010352	0
5	890	429.45629665103	1
5	891	432.387462209562	0
5	896	442.315445145634	1
5	900	444.154222047534	2
5	901	444.354287850789	1
5	906	448.044516082205	2
5	907	448.825039219495	1
5	909	453.519657047059	0
5	914	455.47904813674	1
5	918	456.791399764999	2
5	919	457.17998914724	1
5	924	457.394407424063	2
5	925	459.776398192714	1
5	930	461.067809950672	2
5	934	463.47950534223	3
5	935	463.793223014555	2
5	937	467.048905851509	1
5	939	467.88846216611	0
5	944	481.102239279588	1
5	948	481.178397069611	2
5	949	481.288784433868	1
5	951	482.360878135476	0
5	956	490.46117488934	1
5	957	493.112942352311	0
5	962	497.102660885263	1
5	966	499.42923049354	2
5	967	501.892011198073	1
5	972	502.063812301537	2
5	976	504.935520407144	3
5	977	505.18250224254	2
5	982	506.037490999521	3
5	983	506.650246548638	2
5	988	508.927847177524	3
5	989	509.863244280901	2
5	991	512.437615902958	1
5	996	513.404669951387	2
5	997	515.37835953518	1
5	999	517.498429758524	0
5	1004	522.018059003646	1
5	1008	522.280396221108	2
5	1012	522.292002371354	3
5	1013	522.566282435849	2
5	1018	522.962464595643	3
5	1019	523.697794995105	2
5	1021	524.011876497049	1
5	1023	524.448366300757	0
5	1028	524.86867555866	1
5	1029	525.19024021589	0
5	1034	525.230884199217	1
5	1035	526.089792974935	0
5	1040	527.408427865622	1
5	1044	527.614701949302	2
5	1048	527.877450027128	3
5	1049	529.590855374118	2
5	1054	531.845759265786	3
5	1055	532.790031195758	2
5	1060	533.818299510207	3
5	1061	533.96441152619	2
5	1063	537.123270168866	1
5	1065	537.607133038134	0
5	1070	543.569147503363	1
5	1074	547.757683019042	2
5	1075	547.976261837441	1
5	1080	548.744052137873	2
5	1081	548.838131377273	1
5	1086	557.51285892256	2
5	1087	557.866915432429	1
5	1089	560.194216662566	0
5	1094	569.522934864544	1
5	1098	570.432518913532	2
5	1099	571.09606986345	1
5	1104	572.612259055767	2
5	1105	573.661914008559	1
5	1110	573.758045912963	2
5	1111	574.418155701888	1
5	1113	574.632188745382	0
5	1118	580.783916801492	1
5	1122	583.022844380691	2
5	1126	584.421752715224	3
5	1127	585.33419375183	2
5	1129	585.882931428604	1
5	1134	588.449859379521	2
5	1138	588.483908443263	3
5	1139	588.878851834629	2
5	1141	589.035215951783	1
5	1146	589.827340242336	2
5	1147	591.412266352186	1
5	1149	592.062139098262	0
5	1154	592.110429357498	1
5	1155	594.096608438887	0
5	1160	594.153065863555	1
5	1164	594.364649157712	2
5	1165	594.626858673541	1
5	1170	596.29704587661	2
5	1171	597.682457765926	1
5	1173	598.157447516953	0
5	1178	599.172570929409	1
5	1179	599.690445714575	0
5	1184	602.544400460255	1
5	1188	603.471737403914	2
5	1192	603.917273553073	3
5	1193	604.594253957562	2
5	1195	605.316221547259	1
5	1200	610.394494856057	2
5	1201	611.577296021163	1
5	1203	614.79307996815	0
5	1208	614.989873523762	1
5	1212	616.051189016216	2
5	1213	616.988196516328	1
5	1215	617.324843140783	0
5	1220	618.418032325407	1
5	1221	622.379897356285	0
5	1226	624.369396249844	1
5	1227	624.39147180992	0
5	1232	635.071272171844	1
5	1236	636.70652183029	2
5	1237	637.410679426623	1
5	1239	641.863978276753	0
5	1244	656.071385604027	1
5	1248	657.455413945777	2
5	1252	658.195887381274	3
5	1256	658.909297914604	4
5	1257	659.463041698331	3
5	1259	660.917971269836	2
5	1264	661.408276274632	3
5	1265	661.594048795494	2
5	1270	661.824698471868	3
5	1271	662.529664324855	2
5	1273	663.454960623634	1
5	1275	664.674045591143	0
5	1280	665.72607369757	1
5	1281	666.638272927796	0
5	1286	676.374405587447	1
5	1287	679.304528981436	0
5	1292	684.501323642254	1
5	1296	685.067865302249	2
5	1297	686.32322707716	1
5	1302	687.937279767015	2
5	1306	690.229272916905	3
5	1307	690.366271156964	2
5	1309	692.25355937414	1
5	1311	693.872341252912	0
5	1316	694.102763569889	1
5	1317	694.791738820007	0
5	1322	697.806457916508	1
5	1323	698.727975490582	0
5	1328	700.47310810894	1
5	1329	702.091675215463	0
5	1334	703.75012369089	1
5	1335	703.829537176472	0
5	1340	705.375676142399	1
5	1341	709.079260042653	0
5	1346	711.28763446939	1
5	1347	712.920669329285	0
5	1352	715.940553277174	1
5	1353	716.001291959432	0
5	1358	718.699076137768	1
5	1359	722.097767140857	0
5	1364	723.245061630113	1
5	1368	724.11347604203	2
5	1372	724.528167337557	3
5	1373	724.607163187627	2
5	1375	724.879506163696	1
5	1380	725.164068205711	2
5	1384	725.622643177304	3
5	1385	725.632031172864	2
5	1390	726.30023252834	3
5	1391	726.348426865393	2
5	1396	726.376542590229	3
5	1397	726.662106930082	2
5	1399	730.281227768152	1
5	1404	733.851025588743	2
5	1405	734.11509730119	1
5	1410	736.488716289971	2
5	1414	737.907920167855	3
5	1415	739.718158113752	2
5	1417	740.162834115051	1
5	1419	742.673879580666	0
5	1424	747.460139752174	1
5	1425	749.034968051284	0
5	1430	752.315454994835	1
5	1434	755.267034852689	2
5	1435	756.386227665318	1
5	1440	758.838836573037	2
5	1441	759.780842984134	1
5	1443	760.101651476248	0
5	1448	764.296571334871	1
5	1449	765.216905917912	0
5	1454	770.517342095104	1
5	1455	771.37145267202	0
5	1460	771.409814810591	1
5	1464	775.453339593531	2
5	1465	777.310925699702	1
5	1470	779.044229119518	2
5	1471	779.545977069616	1
5	1473	784.297003859798	0
5	1478	789.370226599322	1
5	1482	791.041600412285	2
5	1483	793.141025887177	1
5	1488	795.451976262409	2
5	1492	795.473553488452	3
5	1493	796.619303230568	2
5	1495	798.092804449338	1
5	1500	799.405180474089	2
5	1501	799.754363438012	1
5	1506	801.02249335357	2
5	1507	801.927907107838	1
5	1512	806.878058399386	2
5	1513	807.13664128031	1
5	1515	807.195188568258	0
5	1520	811.785878785273	1
5	1521	811.950920820911	0
5	1526	814.878769463535	1
5	1530	815.733631984741	2
5	1534	816.484833217004	3
5	1535	816.854348605012	2
5	1540	817.494646847695	3
5	1541	818.058771872361	2
5	1546	818.694144272592	3
5	1550	818.974834902975	4
5	1551	819.634864726892	3
5	1553	819.784981285932	2
5	1555	820.519879798734	1
5	1560	820.731601925872	2
5	1561	820.918527875272	1
5	1566	821.879843015256	2
5	1567	823.524121671894	1
5	1569	824.647069889103	0
5	1574	827.817012217348	1
5	1575	828.391506167762	0
5	1580	828.831657947765	1
5	1584	829.009834217242	2
5	1585	830.515720898239	1
5	1587	830.636081406017	0
5	1592	836.074631612002	1
5	1596	836.989512266282	2
5	1597	843.978867351402	1
5	1599	844.89806839743	0
5	1604	845.776416920577	1
5	1608	846.689232764915	2
5	1609	846.89639179871	1
5	1611	847.554851125373	0
5	1616	853.335178038907	1
5	1620	853.768254499903	2
5	1621	857.243043836193	1
5	1626	857.588244876104	2
5	1630	857.943043205703	3
5	1631	858.749195268346	2
5	1636	858.796320346842	3
5	1637	859.470649822998	2
5	1642	861.239516502062	3
5	1643	861.263608232674	2
5	1648	864.35531169651	3
5	1649	864.532009288663	2
5	1651	866.275304039106	1
5	1653	867.236833953213	0
5	1658	867.429051116212	1
5	1662	873.307586831903	2
5	1666	874.928230002881	3
5	1667	876.42454764135	2
5	1669	878.959758517386	1
5	1671	880.236993561375	0
5	1676	880.802111174938	1
5	1680	881.665810007473	2
5	1681	883.592472772905	1
5	1686	884.442979205066	2
5	1690	884.463799043051	3
5	1694	885.212753379441	4
5	1698	885.644924737035	5
5	1699	885.648136803325	4
5	1701	886.855602113355	3
5	1706	887.130589355494	4
5	1707	887.261682872095	3
5	1709	887.463289388403	2
5	1711	888.720576239795	1
5	1713	889.743446529232	0
5	1718	889.755125935884	1
5	1719	889.97105988078	0
5	1724	889.975415850293	1
5	1728	892.742659634797	2
5	1729	892.854497160822	1
5	1734	893.258287455072	2
5	1735	895.434272478994	1
5	1740	898.95460892354	2
5	1744	899.195479414022	3
5	1748	899.51502340251	4
5	1749	899.820444283187	3
5	1754	900.223263544766	4
5	1755	901.449010485273	3
5	1757	903.063128105735	2
5	1762	903.238435839332	3
5	1763	903.368362201091	2
5	1765	903.663702492731	1
5	1770	905.00080092952	2
5	1771	907.400335177076	1
5	1776	907.867584054973	2
5	1777	908.609586471967	1
5	1782	911.463320338474	2
5	1783	912.377509358123	1
5	1785	914.789124284385	0
5	1790	915.484930943718	1
5	1794	916.128439170454	2
5	1798	918.786311583202	3
5	1799	919.919765637826	2
5	1804	921.678937512904	3
5	1805	922.344193377292	2
5	1810	922.411217264996	3
5	1811	924.013365594285	2
5	1813	925.375056003912	1
5	1818	925.428038244069	2
5	1819	925.432375202744	1
5	1824	927.365399487877	2
5	1828	930.954260073224	3
5	1832	931.117877923898	4
5	1833	931.339432126855	3
5	1835	933.283698229475	2
5	1840	933.400188888736	3
5	1841	934.211746777683	2
5	1843	935.476010620045	1
5	1848	935.858897631861	2
5	1849	936.844616952559	1
5	1851	939.856003020971	0
5	1856	940.856824451365	1
5	1857	941.761286654674	0
5	1862	947.044794775195	1
5	1863	947.595552441011	0
5	1868	948.241207242176	1
5	1872	958.370930428511	2
5	1876	958.492028958819	3
5	1880	958.587609510703	4
5	1881	959.270250807483	3
5	1883	959.369388041525	2
5	1885	959.600411600616	1
5	1887	959.862062582086	0
5	1892	961.537382610119	1
5	1893	961.726763295334	0
5	1898	962.338400855688	1
5	1899	964.234691274275	0
5	1904	966.825094942073	1
5	1905	966.897236747846	0
5	1910	967.712142043884	1
5	1911	971.51140839836	0
5	1916	971.676109210759	1
5	1920	972.627587381489	2
5	1921	973.055712291187	1
5	1926	973.17128155809	2
5	1930	974.241220940813	3
5	1931	975.031720823819	2
5	1933	976.510873505948	1
5	1935	978.862097610999	0
5	1940	982.872613133749	1
5	1944	984.74796009077	2
5	1948	985.618254257647	3
5	1949	987.979607446544	2
5	1954	989.340726771612	3
5	1958	992.303121817081	4
5	1959	992.400785895675	3
5	1961	992.913121533966	2
5	1966	994.524387038569	3
5	1967	995.268430269451	2
5	1969	997.626394006113	1
5	1974	997.628799287165	2
5	1975	999.35811966729	1
5	1977	999.487466261002	0

