version 3
run General-22-20221103-10:28:22-6760
attr configname General
attr datetime 20221103-10:28:22
attr datetimef 20221103-102822
attr experiment General
attr inifile block.ini
attr iterationvars "$0=3, $1=20"
attr iterationvarsd 3/20
attr iterationvarsf 3,20-
attr measurement "$0=3, $1=20"
attr network Block
attr processid 6760
attr repetition 2
attr replication #2
attr resultdir results
attr runnumber 22
attr seedset 22
config network Block
config repeat 5
config sim-time-limit 1000s
config warmup-period 100s
config **.alloca.resourceModuleName "\"risorse\""
config **.dealloca.resourceModuleName "\"risorse\""
config **.is.delay exponential(3s)
config **.servente.serviceTime exponential(3s)
config **.dealloca.resourceAmount 2
config **.alloca.resourceAmount 2
config **.risorse.amount 6
config **.sorgente.numJobs (20)
config **.result-recording-modes all

vector 0 Block.is delayedJobs:vector ETV
attr interpolationmode sample-hold
attr recordingmode vector
attr title "number of delayed jobs"
vector 1 Block.alloca queueLength:vector ETV
attr interpolationmode sample-hold
attr recordingmode vector
attr title "queue length"
vector 2 Block.servente queueLength:vector ETV
attr interpolationmode sample-hold
attr recordingmode vector
attr title "queue length"
vector 3 Block.servente queueingTime:vector ETV
attr interpolationmode none
attr recordingmode vector
attr title "queueing time at dequeue"
attr unit s
vector 4 Block.alloca queueingTime:vector ETV
attr interpolationmode none
attr recordingmode vector
attr title "queueing time at dequeue"
attr unit s
vector 5 Block.risorse amount:vector ETV
attr interpolationmode sample-hold
attr recordingmode vector
attr title "available resource"
0	231	100.681279042502	0
0	236	102.608250009427	1
0	240	103.24555267012	2
0	241	104.364247285109	1
0	243	104.78385745018	0
0	248	106.875522495491	1
0	249	107.015733171631	0
0	254	114.918531668266	1
0	255	116.645587781724	0
0	260	117.025609425983	1
0	261	117.328004276211	0
0	266	121.647580553093	1
0	267	121.786372469045	0
0	272	123.687478419059	1
0	276	125.784228028313	2
0	277	127.15139551648	1
0	282	129.284770649222	2
0	283	129.686075242374	1
0	288	131.135486294257	2
0	289	131.45944645173	1
0	291	131.550046665804	0
0	296	134.349874418637	1
0	297	136.271880195925	0
0	302	139.404756400626	1
0	303	140.065045411685	0
0	308	142.88242304953	1
0	312	143.734445535902	2
0	316	145.817877829108	3
0	317	146.53944346727	2
0	319	147.447016696539	1
0	321	147.576142673822	0
0	326	149.113304295613	1
0	330	149.178914054986	2
0	331	152.881750417459	1
0	336	153.768853393712	2
0	337	154.509358423779	1
0	342	160.511975590559	2
0	343	161.061899575776	1
0	345	161.17030963005	0
0	350	162.056657949023	1
0	351	164.378203849973	0
0	356	167.61660822914	1
0	357	168.744709257268	0
0	362	171.481772228147	1
0	366	171.812460473774	2
0	367	172.083073939242	1
0	372	176.314309676418	2
0	373	177.445266387523	1
0	378	177.680119317063	2
0	379	178.422187387923	1
0	381	178.757284623605	0
0	386	181.391846453062	1
0	387	185.394845286814	0
0	392	186.696180582544	1
0	396	189.600377791152	2
0	400	190.844576183429	3
0	401	191.430931645545	2
0	403	191.986402828295	1
0	408	193.355808631914	2
0	409	193.694733367743	1
0	411	199.221183121551	0
0	416	199.422182054224	1
0	417	199.438765045995	0
0	422	201.763705107076	1
0	423	203.09153906758	0
0	428	203.303691891475	1
0	432	206.697687435265	2
0	436	208.327809276601	3
0	437	208.397765660962	2
0	439	212.485992689576	1
0	444	213.535120633051	2
0	448	213.898802729965	3
0	452	213.985979327295	4
0	453	214.436593024019	3
0	455	215.228079986262	2
0	457	216.504887762008	1
0	459	216.888652720655	0
0	464	224.167202024798	1
0	465	224.998904376954	0
0	470	232.90434377564	1
0	474	233.373912209372	2
0	475	233.4197562448	1
0	480	233.865205604457	2
0	481	235.474807172461	1
0	483	236.409666294105	0
0	488	238.833523581124	1
0	492	240.546444498726	2
0	493	240.737889057379	1
0	498	241.14888352398	2
0	499	242.322468019003	1
0	501	242.67529413454	0
0	506	243.01018515787	1
0	510	245.203902823315	2
0	514	245.583136879883	3
0	518	245.861491102757	4
0	519	246.074300098827	3
0	524	248.095920867849	4
0	525	248.886677856784	3
0	527	249.537999012297	2
0	532	249.591807578156	3
0	533	249.684588402325	2
0	538	249.982464505228	3
0	542	250.479142188274	4
0	543	251.526551302372	3
0	545	251.680198798253	2
0	547	253.195262971813	1
0	552	253.407058084249	2
0	553	255.526031769853	1
0	558	264.116403216856	2
0	562	269.93246489838	3
0	563	271.67622456256	2
0	565	272.209771114187	1
0	567	272.370085765552	0
0	572	274.88031959306	1
0	573	275.549857705624	0
0	578	277.004430424128	1
0	582	277.443930638507	2
0	586	279.975472445588	3
0	587	280.154572374167	2
0	589	281.891111780851	1
0	591	282.389590571317	0
0	596	284.223899821221	1
0	600	288.425218522041	2
0	601	288.910218192783	1
0	606	290.191139240406	2
0	607	290.218956874012	1
0	612	293.073815412217	2
0	616	293.593550968951	3
0	620	293.930223059535	4
0	624	294.238907381279	5
0	625	294.272099068446	4
0	627	294.424027239003	3
0	629	295.906813502234	2
0	631	297.008158629268	1
0	633	300.101841269421	0
0	638	303.527997565176	1
0	642	303.885848340797	2
0	643	303.97330879465	1
0	648	305.733960583755	2
0	649	308.876742871577	1
0	651	309.389155894675	0
0	656	310.662013987205	1
0	660	311.546100343464	2
0	661	313.058331604505	1
0	663	314.981047589455	0
0	668	315.518741047912	1
0	672	315.927704746438	2
0	673	316.163658115462	1
0	675	316.482803548076	0
0	680	319.108596624986	1
0	684	319.35461720843	2
0	688	321.160149307446	3
0	692	322.508431630148	4
0	693	323.293103114154	3
0	695	323.440441968132	2
0	697	325.716702828987	1
0	699	327.706407534024	0
0	704	332.313721367732	1
0	708	332.846246393508	2
0	709	334.558966261988	1
0	711	335.584041175024	0
0	716	336.368061316649	1
0	720	336.85981779701	2
0	724	337.965767037342	3
0	725	338.071141239077	2
0	727	338.536830684793	1
0	729	339.359791836513	0
0	734	341.995908234199	1
0	738	342.589992183371	2
0	742	342.694179533394	3
0	743	343.882689078508	2
0	745	345.016609257257	1
0	750	347.725175737156	2
0	751	347.747485081638	1
0	753	348.172153606779	0
0	758	353.643230953431	1
0	759	353.79381412652	0
0	764	355.323365018293	1
0	768	356.788202631227	2
0	769	357.503365818634	1
0	774	358.407008501962	2
0	778	359.417347372389	3
0	779	360.940115732355	2
0	781	362.278223653927	1
0	783	363.446096807353	0
0	788	364.438466557932	1
0	789	368.434802671473	0
0	794	369.173619221257	1
0	795	372.332852949138	0
0	800	374.055948105553	1
0	804	375.273458958085	2
0	808	375.783598336904	3
0	809	375.896990875	2
0	814	377.053478349817	3
0	815	377.421935716958	2
0	817	378.130056403028	1
0	822	378.211590130437	2
0	826	378.968026439262	3
0	830	380.104718813587	4
0	831	380.77125583817	3
0	836	381.456002338637	4
0	837	381.828162976502	3
0	839	382.448818188051	2
0	841	382.888860368429	1
0	846	384.434612316664	2
0	850	385.792537553865	3
0	854	385.901277588374	4
0	855	386.51634353069	3
0	857	387.434826390647	2
0	862	387.827005528412	3
0	863	389.043371420711	2
0	865	389.667749796274	1
0	870	390.873842266135	2
0	871	390.88652402715	1
0	873	391.653907037032	0
0	878	402.419890597383	1
0	882	402.495865667213	2
0	886	402.65825159509	3
0	887	402.739492435866	2
0	889	404.638260578723	1
0	891	407.848084184014	0
0	896	409.22989401133	1
0	897	409.733790002483	0
0	902	414.958842689682	1
0	906	415.355371620535	2
0	910	415.445097949988	3
0	914	415.455978607828	4
0	915	415.463051841355	3
0	917	415.702478653418	2
0	922	416.519011790195	3
0	923	417.358575009212	2
0	925	418.847651900209	1
0	927	422.139053265403	0
0	932	426.88746731261	1
0	936	427.070814246329	2
0	937	427.230902964387	1
0	942	428.709509914498	2
0	943	430.451163980837	1
0	945	437.078459902471	0
0	950	444.926641353761	1
0	954	446.02843938792	2
0	955	446.617650902122	1
0	957	456.708694346174	0
0	962	461.933751012809	1
0	966	462.035467122499	2
0	967	463.350938319817	1
0	969	464.627163176722	0
0	974	467.943289414835	1
0	975	468.916538384638	0
0	980	473.015273994793	1
0	981	473.606661279684	0
0	986	482.444775223869	1
0	987	484.594970267212	0
0	992	484.602356220707	1
0	996	488.261256484996	2
0	997	490.391082870656	1
0	1002	493.816809721743	2
0	1006	494.267522083066	3
0	1010	494.868612653612	4
0	1011	494.891807962704	3
0	1013	495.002090954848	2
0	1015	495.063568089786	1
0	1020	497.434890009481	2
0	1024	499.599714465421	3
0	1025	499.857813011971	2
0	1027	501.582776574657	1
0	1032	502.358001516155	2
0	1033	502.979792861351	1
0	1038	503.236583282203	2
0	1042	503.272288827923	3
0	1046	504.159147014659	4
0	1047	504.180567090418	3
0	1049	504.80884489219	2
0	1054	508.223451010936	3
0	1055	508.240962825204	2
0	1057	513.030111446904	1
0	1062	518.691524316047	2
0	1063	518.885903334026	1
0	1068	520.216869592557	2
0	1072	520.467730986323	3
0	1073	520.726955464474	2
0	1075	521.355404822393	1
0	1077	522.999828016777	0
0	1082	529.069427853685	1
0	1086	531.370590105195	2
0	1087	532.246059295273	1
0	1089	533.174987337222	0
0	1094	536.179633732213	1
0	1095	537.476132770909	0
0	1100	545.252357624627	1
0	1104	545.869753494788	2
0	1105	548.455406975068	1
0	1107	551.268596765599	0
0	1112	557.563910170823	1
0	1116	558.179966160082	2
0	1120	559.559552869283	3
0	1121	559.741959598811	2
0	1126	560.390324980162	3
0	1127	561.400284070098	2
0	1129	561.863983477241	1
0	1134	561.923406166748	2
0	1138	563.080764304579	3
0	1142	563.253405779878	4
0	1143	563.683411628981	3
0	1145	564.053761799184	2
0	1147	565.191030396396	1
0	1152	567.741622931014	2
0	1153	568.897066809438	1
0	1155	573.121770268574	0
0	1160	573.211287490721	1
0	1161	575.084008286725	0
0	1166	575.818127010233	1
0	1167	576.582815038118	0
0	1172	581.199112350098	1
0	1173	581.217165071167	0
0	1178	586.419848782015	1
0	1182	588.211690481992	2
0	1183	588.753332168099	1
0	1185	590.346831382166	0
0	1190	591.039677714785	1
0	1191	591.183208064593	0
0	1196	591.981919111523	1
0	1197	594.50849875109	0
0	1202	595.003805469139	1
0	1206	596.358942218244	2
0	1210	600.53609998607	3
0	1211	601.30357905461	2
0	1216	602.91454248488	3
0	1217	603.212810326736	2
0	1222	603.561527229658	3
0	1226	606.555725600879	4
0	1227	606.872747113147	3
0	1229	607.582387015721	2
0	1231	608.068571422822	1
0	1233	608.339167604392	0
0	1238	614.357342481586	1
0	1242	614.917359417347	2
0	1243	615.866500447776	1
0	1245	617.902472357306	0
0	1250	621.588148446855	1
0	1251	621.899677170647	0
0	1256	622.840456281623	1
0	1257	623.475537740661	0
0	1262	624.969806973854	1
0	1263	625.238122673939	0
0	1268	629.698404818094	1
0	1272	630.619555148879	2
0	1273	635.557307823304	1
0	1278	636.308884424627	2
0	1282	637.45860333779	3
0	1283	638.055996196606	2
0	1285	638.120551463827	1
0	1290	640.638341619983	2
0	1291	640.651643220052	1
0	1296	641.085801618242	2
0	1297	644.516453139631	1
0	1302	647.624886928501	2
0	1303	647.902556852876	1
0	1308	648.27773656648	2
0	1309	649.379280866461	1
0	1314	655.847412751712	2
0	1318	657.211265446165	3
0	1319	657.642728423796	2
0	1321	657.646147034769	1
0	1323	658.133972027421	0
0	1328	659.889834317357	1
0	1329	662.94283157359	0
0	1334	664.206519983475	1
0	1335	664.310707965554	0
0	1340	668.742521465478	1
0	1341	670.877054200092	0
0	1346	672.230817973772	1
0	1350	674.79614375193	2
0	1354	675.943991781803	3
0	1355	676.513761442744	2
0	1357	677.45804536027	1
0	1359	677.843565774226	0
0	1364	678.334168120561	1
0	1368	680.015776474105	2
0	1372	683.651690106805	3
0	1373	683.873943816175	2
0	1375	685.833285246233	1
0	1377	686.108708288617	0
0	1382	687.399602737248	1
0	1383	687.631094225744	0
0	1388	692.959510140936	1
0	1392	696.264475280913	2
0	1393	697.045367688262	1
0	1398	697.421964438927	2
0	1399	697.516189922357	1
0	1404	700.18256399763	2
0	1405	703.050636272858	1
0	1407	703.266080908567	0
0	1412	706.19502316787	1
0	1416	706.407256363967	2
0	1417	707.932254678798	1
0	1419	709.32981299691	0
0	1424	723.145294878887	1
0	1425	723.572485625018	0
0	1430	732.304649859245	1
0	1431	733.766210902963	0
0	1436	736.699274152089	1
0	1440	740.082303934431	2
0	1441	742.411869819206	1
0	1446	743.537888176172	2
0	1450	744.400134666334	3
0	1451	745.10026647285	2
0	1453	745.222318913717	1
0	1455	745.861951044947	0
0	1460	747.12034641812	1
0	1461	749.954690044889	0
0	1466	754.141798714901	1
0	1467	754.783567026816	0
0	1472	758.141190224882	1
0	1476	760.167601807068	2
0	1477	761.11284778134	1
0	1482	766.420267204695	2
0	1486	767.535061659814	3
0	1487	767.734020964915	2
0	1489	769.020068716314	1
0	1494	769.273236115199	2
0	1495	771.994536842177	1
0	1500	772.469430323457	2
0	1501	772.849627802687	1
0	1506	774.175216022661	2
0	1507	776.824350300996	1
0	1509	776.84330475847	0
0	1514	777.703471880661	1
0	1518	777.955387387142	2
0	1519	778.086830957491	1
0	1524	780.024527344113	2
0	1525	781.279827545103	1
0	1530	782.566027237981	2
0	1531	783.119722509806	1
0	1536	783.241592391543	2
0	1540	786.18923265387	3
0	1541	787.823714625868	2
0	1543	788.374611464946	1
0	1548	789.246751966952	2
0	1549	789.300469507883	1
0	1551	791.482552758951	0
0	1556	808.127560959361	1
0	1557	809.388629167555	0
0	1562	811.136858004167	1
0	1563	813.690151184058	0
0	1568	814.88107652159	1
0	1572	815.346274578636	2
0	1576	816.549041897423	3
0	1577	816.740105819407	2
0	1579	817.092364842758	1
0	1584	817.223648168043	2
0	1588	817.465448833504	3
0	1589	818.406856230493	2
0	1594	820.806339618502	3
0	1595	821.133160004328	2
0	1597	821.611097760847	1
0	1599	822.189219198785	0
0	1604	823.348219556052	1
0	1605	823.692706703536	0
0	1610	824.46798519366	1
0	1611	826.21278619908	0
0	1616	829.295346657634	1
0	1620	829.76968133591	2
0	1621	830.091955721579	1
0	1623	832.472228500302	0
0	1628	833.200569731274	1
0	1629	841.072147426681	0
0	1634	842.490931405061	1
0	1635	842.803680246392	0
0	1640	851.713366257932	1
0	1641	851.95040529773	0
0	1646	853.60479283888	1
0	1647	853.870448325737	0
0	1652	856.476686202559	1
0	1656	857.630263184404	2
0	1657	857.857365823119	1
0	1659	857.947146852969	0
0	1664	857.983371000142	1
0	1665	858.245069882564	0
0	1670	867.400799411822	1
0	1674	868.227152786038	2
0	1678	868.766692507142	3
0	1679	870.160666955573	2
0	1681	870.542488863752	1
0	1683	870.87826818981	0
0	1688	872.92835611938	1
0	1692	873.389431862729	2
0	1693	873.689016492525	1
0	1698	874.571020061839	2
0	1699	875.950949268021	1
0	1704	877.14046675337	2
0	1705	877.308571699885	1
0	1710	877.949362084343	2
0	1714	881.369780081505	3
0	1718	883.328903056772	4
0	1719	883.923188513169	3
0	1721	884.178716379135	2
0	1726	887.83761141089	3
0	1727	887.848073349004	2
0	1729	888.550239425185	1
0	1734	889.821393531061	2
0	1735	891.399871347365	1
0	1740	898.530422221152	2
0	1741	898.988417441529	1
0	1746	903.112604374692	2
0	1747	903.380629565	1
0	1752	906.043325398359	2
0	1753	906.985422133451	1
0	1755	908.175706793751	0
0	1760	912.839713444055	1
0	1761	915.320826311776	0
0	1766	915.787204936761	1
0	1767	915.893773461486	0
0	1772	917.503157531547	1
0	1776	918.435292904997	2
0	1777	918.69993233831	1
0	1779	920.240872242122	0
0	1784	926.332136721386	1
0	1788	926.81730071905	2
0	1789	926.917930793087	1
0	1791	927.829071285185	0
0	1796	935.572694513924	1
0	1797	938.274928877919	0
0	1802	939.289393396593	1
0	1806	941.897719374328	2
0	1810	943.137054781998	3
0	1811	943.469468223042	2
0	1813	945.569963629696	1
0	1818	946.182451257765	2
0	1819	946.467344294871	1
0	1821	947.794418711268	0
0	1826	948.935429377052	1
0	1830	949.027828752583	2
0	1834	949.529951879128	3
0	1835	950.82716421074	2
0	1837	950.861575065056	1
0	1839	951.724616435287	0
0	1844	952.862759219945	1
0	1848	954.453440187049	2
0	1849	958.712746138821	1
0	1851	959.353993769918	0
0	1856	961.991863133638	1
0	1857	963.102282016065	0
0	1862	963.722098542771	1
0	1863	964.378588188405	0
0	1868	966.417735831856	1
0	1872	968.333820590162	2
0	1873	968.884164651372	1
0	1878	969.054582219773	2
0	1879	969.276484775723	1
0	1884	974.929684672444	2
0	1888	978.087396680337	3
0	1889	978.19640363704	2
0	1891	978.804285350241	1
0	1896	979.137595108966	2
0	1897	979.398770971868	1
0	1902	981.48058331123	2
0	1906	985.663498596749	3
0	1907	985.801805743737	2
0	1909	987.136592976043	1
0	1911	989.055798439503	0
0	1916	990.700407671644	1
0	1917	990.977019646454	0
0	1922	999.828182661364	1
1	232	100.681279042502	17
1	234	102.608250009427	16
1	238	103.24555267012	15
1	242	104.364247285109	16
1	244	104.78385745018	17
1	246	106.875522495491	16
1	250	107.015733171631	17
1	252	114.918531668266	16
1	256	116.645587781724	17
1	258	117.025609425983	16
1	262	117.328004276211	17
1	264	121.647580553093	16
1	268	121.786372469045	17
1	270	123.687478419059	16
1	274	125.784228028313	15
1	278	127.15139551648	16
1	280	129.284770649222	15
1	284	129.686075242374	16
1	286	131.135486294257	15
1	290	131.45944645173	16
1	292	131.550046665804	17
1	294	134.349874418637	16
1	298	136.271880195925	17
1	300	139.404756400626	16
1	304	140.065045411685	17
1	306	142.88242304953	16
1	310	143.734445535902	15
1	314	145.817877829108	14
1	318	146.53944346727	15
1	320	147.447016696539	16
1	322	147.576142673822	17
1	324	149.113304295613	16
1	328	149.178914054986	15
1	332	152.881750417459	16
1	334	153.768853393712	15
1	338	154.509358423779	16
1	340	160.511975590559	15
1	344	161.061899575776	16
1	346	161.17030963005	17
1	348	162.056657949023	16
1	352	164.378203849973	17
1	354	167.61660822914	16
1	358	168.744709257268	17
1	360	171.481772228147	16
1	364	171.812460473774	15
1	368	172.083073939242	16
1	370	176.314309676418	15
1	374	177.445266387523	16
1	376	177.680119317063	15
1	380	178.422187387923	16
1	382	178.757284623605	17
1	384	181.391846453062	16
1	388	185.394845286814	17
1	390	186.696180582544	16
1	394	189.600377791152	15
1	398	190.844576183429	14
1	402	191.430931645545	15
1	404	191.986402828295	16
1	406	193.355808631914	15
1	410	193.694733367743	16
1	412	199.221183121551	17
1	414	199.422182054224	16
1	418	199.438765045995	17
1	420	201.763705107076	16
1	424	203.09153906758	17
1	426	203.303691891475	16
1	430	206.697687435265	15
1	434	208.327809276601	14
1	438	208.397765660962	15
1	440	212.485992689576	16
1	442	213.535120633051	15
1	446	213.898802729965	14
1	450	213.985979327295	13
1	454	214.436593024019	14
1	456	215.228079986262	15
1	458	216.504887762008	16
1	460	216.888652720655	17
1	462	224.167202024798	16
1	466	224.998904376954	17
1	468	232.90434377564	16
1	472	233.373912209372	15
1	476	233.4197562448	16
1	478	233.865205604457	15
1	482	235.474807172461	16
1	484	236.409666294105	17
1	486	238.833523581124	16
1	490	240.546444498726	15
1	494	240.737889057379	16
1	496	241.14888352398	15
1	500	242.322468019003	16
1	502	242.67529413454	17
1	504	243.01018515787	16
1	508	245.203902823315	15
1	512	245.583136879883	14
1	516	245.861491102757	13
1	520	246.074300098827	14
1	522	248.095920867849	13
1	526	248.886677856784	14
1	528	249.537999012297	15
1	530	249.591807578156	14
1	534	249.684588402325	15
1	536	249.982464505228	14
1	540	250.479142188274	13
1	544	251.526551302372	14
1	546	251.680198798253	15
1	548	253.195262971813	16
1	550	253.407058084249	15
1	554	255.526031769853	16
1	556	264.116403216856	15
1	560	269.93246489838	14
1	564	271.67622456256	15
1	566	272.209771114187	16
1	568	272.370085765552	17
1	570	274.88031959306	16
1	574	275.549857705624	17
1	576	277.004430424128	16
1	580	277.443930638507	15
1	584	279.975472445588	14
1	588	280.154572374167	15
1	590	281.891111780851	16
1	592	282.389590571317	17
1	594	284.223899821221	16
1	598	288.425218522041	15
1	602	288.910218192783	16
1	604	290.191139240406	15
1	608	290.218956874012	16
1	610	293.073815412217	15
1	614	293.593550968951	14
1	618	293.930223059535	13
1	622	294.238907381279	12
1	626	294.272099068446	13
1	628	294.424027239003	14
1	630	295.906813502234	15
1	632	297.008158629268	16
1	634	300.101841269421	17
1	636	303.527997565176	16
1	640	303.885848340797	15
1	644	303.97330879465	16
1	646	305.733960583755	15
1	650	308.876742871577	16
1	652	309.389155894675	17
1	654	310.662013987205	16
1	658	311.546100343464	15
1	662	313.058331604505	16
1	664	314.981047589455	17
1	666	315.518741047912	16
1	670	315.927704746438	15
1	674	316.163658115462	16
1	676	316.482803548076	17
1	678	319.108596624986	16
1	682	319.35461720843	15
1	686	321.160149307446	14
1	690	322.508431630148	13
1	694	323.293103114154	14
1	696	323.440441968132	15
1	698	325.716702828987	16
1	700	327.706407534024	17
1	702	332.313721367732	16
1	706	332.846246393508	15
1	710	334.558966261988	16
1	712	335.584041175024	17
1	714	336.368061316649	16
1	718	336.85981779701	15
1	722	337.965767037342	14
1	726	338.071141239077	15
1	728	338.536830684793	16
1	730	339.359791836513	17
1	732	341.995908234199	16
1	736	342.589992183371	15
1	740	342.694179533394	14
1	744	343.882689078508	15
1	746	345.016609257257	16
1	748	347.725175737156	15
1	752	347.747485081638	16
1	754	348.172153606779	17
1	756	353.643230953431	16
1	760	353.79381412652	17
1	762	355.323365018293	16
1	766	356.788202631227	15
1	770	357.503365818634	16
1	772	358.407008501962	15
1	776	359.417347372389	14
1	780	360.940115732355	15
1	782	362.278223653927	16
1	784	363.446096807353	17
1	786	364.438466557932	16
1	790	368.434802671473	17
1	792	369.173619221257	16
1	796	372.332852949138	17
1	798	374.055948105553	16
1	802	375.273458958085	15
1	806	375.783598336904	14
1	810	375.896990875	15
1	812	377.053478349817	14
1	816	377.421935716958	15
1	818	378.130056403028	16
1	820	378.211590130437	15
1	824	378.968026439262	14
1	828	380.104718813587	13
1	832	380.77125583817	14
1	834	381.456002338637	13
1	838	381.828162976502	14
1	840	382.448818188051	15
1	842	382.888860368429	16
1	844	384.434612316664	15
1	848	385.792537553865	14
1	852	385.901277588374	13
1	856	386.51634353069	14
1	858	387.434826390647	15
1	860	387.827005528412	14
1	864	389.043371420711	15
1	866	389.667749796274	16
1	868	390.873842266135	15
1	872	390.88652402715	16
1	874	391.653907037032	17
1	876	402.419890597383	16
1	880	402.495865667213	15
1	884	402.65825159509	14
1	888	402.739492435866	15
1	890	404.638260578723	16
1	892	407.848084184014	17
1	894	409.22989401133	16
1	898	409.733790002483	17
1	900	414.958842689682	16
1	904	415.355371620535	15
1	908	415.445097949988	14
1	912	415.455978607828	13
1	916	415.463051841355	14
1	918	415.702478653418	15
1	920	416.519011790195	14
1	924	417.358575009212	15
1	926	418.847651900209	16
1	928	422.139053265403	17
1	930	426.88746731261	16
1	934	427.070814246329	15
1	938	427.230902964387	16
1	940	428.709509914498	15
1	944	430.451163980837	16
1	946	437.078459902471	17
1	948	444.926641353761	16
1	952	446.02843938792	15
1	956	446.617650902122	16
1	958	456.708694346174	17
1	960	461.933751012809	16
1	964	462.035467122499	15
1	968	463.350938319817	16
1	970	464.627163176722	17
1	972	467.943289414835	16
1	976	468.916538384638	17
1	978	473.015273994793	16
1	982	473.606661279684	17
1	984	482.444775223869	16
1	988	484.594970267212	17
1	990	484.602356220707	16
1	994	488.261256484996	15
1	998	490.391082870656	16
1	1000	493.816809721743	15
1	1004	494.267522083066	14
1	1008	494.868612653612	13
1	1012	494.891807962704	14
1	1014	495.002090954848	15
1	1016	495.063568089786	16
1	1018	497.434890009481	15
1	1022	499.599714465421	14
1	1026	499.857813011971	15
1	1028	501.582776574657	16
1	1030	502.358001516155	15
1	1034	502.979792861351	16
1	1036	503.236583282203	15
1	1040	503.272288827923	14
1	1044	504.159147014659	13
1	1048	504.180567090418	14
1	1050	504.80884489219	15
1	1052	508.223451010936	14
1	1056	508.240962825204	15
1	1058	513.030111446904	16
1	1060	518.691524316047	15
1	1064	518.885903334026	16
1	1066	520.216869592557	15
1	1070	520.467730986323	14
1	1074	520.726955464474	15
1	1076	521.355404822393	16
1	1078	522.999828016777	17
1	1080	529.069427853685	16
1	1084	531.370590105195	15
1	1088	532.246059295273	16
1	1090	533.174987337222	17
1	1092	536.179633732213	16
1	1096	537.476132770909	17
1	1098	545.252357624627	16
1	1102	545.869753494788	15
1	1106	548.455406975068	16
1	1108	551.268596765599	17
1	1110	557.563910170823	16
1	1114	558.179966160082	15
1	1118	559.559552869283	14
1	1122	559.741959598811	15
1	1124	560.390324980162	14
1	1128	561.400284070098	15
1	1130	561.863983477241	16
1	1132	561.923406166748	15
1	1136	563.080764304579	14
1	1140	563.253405779878	13
1	1144	563.683411628981	14
1	1146	564.053761799184	15
1	1148	565.191030396396	16
1	1150	567.741622931014	15
1	1154	568.897066809438	16
1	1156	573.121770268574	17
1	1158	573.211287490721	16
1	1162	575.084008286725	17
1	1164	575.818127010233	16
1	1168	576.582815038118	17
1	1170	581.199112350098	16
1	1174	581.217165071167	17
1	1176	586.419848782015	16
1	1180	588.211690481992	15
1	1184	588.753332168099	16
1	1186	590.346831382166	17
1	1188	591.039677714785	16
1	1192	591.183208064593	17
1	1194	591.981919111523	16
1	1198	594.50849875109	17
1	1200	595.003805469139	16
1	1204	596.358942218244	15
1	1208	600.53609998607	14
1	1212	601.30357905461	15
1	1214	602.91454248488	14
1	1218	603.212810326736	15
1	1220	603.561527229658	14
1	1224	606.555725600879	13
1	1228	606.872747113147	14
1	1230	607.582387015721	15
1	1232	608.068571422822	16
1	1234	608.339167604392	17
1	1236	614.357342481586	16
1	1240	614.917359417347	15
1	1244	615.866500447776	16
1	1246	617.902472357306	17
1	1248	621.588148446855	16
1	1252	621.899677170647	17
1	1254	622.840456281623	16
1	1258	623.475537740661	17
1	1260	624.969806973854	16
1	1264	625.238122673939	17
1	1266	629.698404818094	16
1	1270	630.619555148879	15
1	1274	635.557307823304	16
1	1276	636.308884424627	15
1	1280	637.45860333779	14
1	1284	638.055996196606	15
1	1286	638.120551463827	16
1	1288	640.638341619983	15
1	1292	640.651643220052	16
1	1294	641.085801618242	15
1	1298	644.516453139631	16
1	1300	647.624886928501	15
1	1304	647.902556852876	16
1	1306	648.27773656648	15
1	1310	649.379280866461	16
1	1312	655.847412751712	15
1	1316	657.211265446165	14
1	1320	657.642728423796	15
1	1322	657.646147034769	16
1	1324	658.133972027421	17
1	1326	659.889834317357	16
1	1330	662.94283157359	17
1	1332	664.206519983475	16
1	1336	664.310707965554	17
1	1338	668.742521465478	16
1	1342	670.877054200092	17
1	1344	672.230817973772	16
1	1348	674.79614375193	15
1	1352	675.943991781803	14
1	1356	676.513761442744	15
1	1358	677.45804536027	16
1	1360	677.843565774226	17
1	1362	678.334168120561	16
1	1366	680.015776474105	15
1	1370	683.651690106805	14
1	1374	683.873943816175	15
1	1376	685.833285246233	16
1	1378	686.108708288617	17
1	1380	687.399602737248	16
1	1384	687.631094225744	17
1	1386	692.959510140936	16
1	1390	696.264475280913	15
1	1394	697.045367688262	16
1	1396	697.421964438927	15
1	1400	697.516189922357	16
1	1402	700.18256399763	15
1	1406	703.050636272858	16
1	1408	703.266080908567	17
1	1410	706.19502316787	16
1	1414	706.407256363967	15
1	1418	707.932254678798	16
1	1420	709.32981299691	17
1	1422	723.145294878887	16
1	1426	723.572485625018	17
1	1428	732.304649859245	16
1	1432	733.766210902963	17
1	1434	736.699274152089	16
1	1438	740.082303934431	15
1	1442	742.411869819206	16
1	1444	743.537888176172	15
1	1448	744.400134666334	14
1	1452	745.10026647285	15
1	1454	745.222318913717	16
1	1456	745.861951044947	17
1	1458	747.12034641812	16
1	1462	749.954690044889	17
1	1464	754.141798714901	16
1	1468	754.783567026816	17
1	1470	758.141190224882	16
1	1474	760.167601807068	15
1	1478	761.11284778134	16
1	1480	766.420267204695	15
1	1484	767.535061659814	14
1	1488	767.734020964915	15
1	1490	769.020068716314	16
1	1492	769.273236115199	15
1	1496	771.994536842177	16
1	1498	772.469430323457	15
1	1502	772.849627802687	16
1	1504	774.175216022661	15
1	1508	776.824350300996	16
1	1510	776.84330475847	17
1	1512	777.703471880661	16
1	1516	777.955387387142	15
1	1520	778.086830957491	16
1	1522	780.024527344113	15
1	1526	781.279827545103	16
1	1528	782.566027237981	15
1	1532	783.119722509806	16
1	1534	783.241592391543	15
1	1538	786.18923265387	14
1	1542	787.823714625868	15
1	1544	788.374611464946	16
1	1546	789.246751966952	15
1	1550	789.300469507883	16
1	1552	791.482552758951	17
1	1554	808.127560959361	16
1	1558	809.388629167555	17
1	1560	811.136858004167	16
1	1564	813.690151184058	17
1	1566	814.88107652159	16
1	1570	815.346274578636	15
1	1574	816.549041897423	14
1	1578	816.740105819407	15
1	1580	817.092364842758	16
1	1582	817.223648168043	15
1	1586	817.465448833504	14
1	1590	818.406856230493	15
1	1592	820.806339618502	14
1	1596	821.133160004328	15
1	1598	821.611097760847	16
1	1600	822.189219198785	17
1	1602	823.348219556052	16
1	1606	823.692706703536	17
1	1608	824.46798519366	16
1	1612	826.21278619908	17
1	1614	829.295346657634	16
1	1618	829.76968133591	15
1	1622	830.091955721579	16
1	1624	832.472228500302	17
1	1626	833.200569731274	16
1	1630	841.072147426681	17
1	1632	842.490931405061	16
1	1636	842.803680246392	17
1	1638	851.713366257932	16
1	1642	851.95040529773	17
1	1644	853.60479283888	16
1	1648	853.870448325737	17
1	1650	856.476686202559	16
1	1654	857.630263184404	15
1	1658	857.857365823119	16
1	1660	857.947146852969	17
1	1662	857.983371000142	16
1	1666	858.245069882564	17
1	1668	867.400799411822	16
1	1672	868.227152786038	15
1	1676	868.766692507142	14
1	1680	870.160666955573	15
1	1682	870.542488863752	16
1	1684	870.87826818981	17
1	1686	872.92835611938	16
1	1690	873.389431862729	15
1	1694	873.689016492525	16
1	1696	874.571020061839	15
1	1700	875.950949268021	16
1	1702	877.14046675337	15
1	1706	877.308571699885	16
1	1708	877.949362084343	15
1	1712	881.369780081505	14
1	1716	883.328903056772	13
1	1720	883.923188513169	14
1	1722	884.178716379135	15
1	1724	887.83761141089	14
1	1728	887.848073349004	15
1	1730	888.550239425185	16
1	1732	889.821393531061	15
1	1736	891.399871347365	16
1	1738	898.530422221152	15
1	1742	898.988417441529	16
1	1744	903.112604374692	15
1	1748	903.380629565	16
1	1750	906.043325398359	15
1	1754	906.985422133451	16
1	1756	908.175706793751	17
1	1758	912.839713444055	16
1	1762	915.320826311776	17
1	1764	915.787204936761	16
1	1768	915.893773461486	17
1	1770	917.503157531547	16
1	1774	918.435292904997	15
1	1778	918.69993233831	16
1	1780	920.240872242122	17
1	1782	926.332136721386	16
1	1786	926.81730071905	15
1	1790	926.917930793087	16
1	1792	927.829071285185	17
1	1794	935.572694513924	16
1	1798	938.274928877919	17
1	1800	939.289393396593	16
1	1804	941.897719374328	15
1	1808	943.137054781998	14
1	1812	943.469468223042	15
1	1814	945.569963629696	16
1	1816	946.182451257765	15
1	1820	946.467344294871	16
1	1822	947.794418711268	17
1	1824	948.935429377052	16
1	1828	949.027828752583	15
1	1832	949.529951879128	14
1	1836	950.82716421074	15
1	1838	950.861575065056	16
1	1840	951.724616435287	17
1	1842	952.862759219945	16
1	1846	954.453440187049	15
1	1850	958.712746138821	16
1	1852	959.353993769918	17
1	1854	961.991863133638	16
1	1858	963.102282016065	17
1	1860	963.722098542771	16
1	1864	964.378588188405	17
1	1866	966.417735831856	16
1	1870	968.333820590162	15
1	1874	968.884164651372	16
1	1876	969.054582219773	15
1	1880	969.276484775723	16
1	1882	974.929684672444	15
1	1886	978.087396680337	14
1	1890	978.19640363704	15
1	1892	978.804285350241	16
1	1894	979.137595108966	15
1	1898	979.398770971868	16
1	1900	981.48058331123	15
1	1904	985.663498596749	14
1	1908	985.801805743737	15
1	1910	987.136592976043	16
1	1912	989.055798439503	17
1	1914	990.700407671644	16
1	1918	990.977019646454	17
1	1920	999.828182661364	16
2	233	102.608250009427	1
2	235	102.608250009427	2
2	237	103.24555267012	1
2	239	103.24555267012	2
2	245	106.875522495491	1
2	247	106.875522495491	2
2	251	114.918531668266	1
2	253	114.918531668266	2
2	257	117.025609425983	1
2	259	117.025609425983	2
2	263	121.647580553093	1
2	265	121.647580553093	2
2	269	123.687478419059	1
2	271	123.687478419059	2
2	273	125.784228028313	1
2	275	125.784228028313	2
2	279	129.284770649222	1
2	281	129.284770649222	2
2	285	131.135486294257	1
2	287	131.135486294257	2
2	293	134.349874418637	1
2	295	134.349874418637	2
2	299	139.404756400626	1
2	301	139.404756400626	2
2	305	142.88242304953	1
2	307	142.88242304953	2
2	309	143.734445535902	1
2	311	143.734445535902	2
2	313	145.817877829108	1
2	315	145.817877829108	2
2	323	149.113304295613	1
2	325	149.113304295613	2
2	327	149.178914054986	1
2	329	149.178914054986	2
2	333	153.768853393712	1
2	335	153.768853393712	2
2	339	160.511975590559	1
2	341	160.511975590559	2
2	347	162.056657949023	1
2	349	162.056657949023	2
2	353	167.61660822914	1
2	355	167.61660822914	2
2	359	171.481772228147	1
2	361	171.481772228147	2
2	363	171.812460473774	1
2	365	171.812460473774	2
2	369	176.314309676418	1
2	371	176.314309676418	2
2	375	177.680119317063	1
2	377	177.680119317063	2
2	383	181.391846453062	1
2	385	181.391846453062	2
2	389	186.696180582544	1
2	391	186.696180582544	2
2	393	189.600377791152	1
2	395	189.600377791152	2
2	397	190.844576183429	1
2	399	190.844576183429	2
2	405	193.355808631914	1
2	407	193.355808631914	2
2	413	199.422182054224	1
2	415	199.422182054224	2
2	419	201.763705107076	1
2	421	201.763705107076	2
2	425	203.303691891475	1
2	427	203.303691891475	2
2	429	206.697687435265	1
2	431	206.697687435265	2
2	433	208.327809276601	1
2	435	208.327809276601	2
2	441	213.535120633051	1
2	443	213.535120633051	2
2	445	213.898802729965	1
2	447	213.898802729965	2
2	449	213.985979327295	1
2	451	213.985979327295	2
2	461	224.167202024798	1
2	463	224.167202024798	2
2	467	232.90434377564	1
2	469	232.90434377564	2
2	471	233.373912209372	1
2	473	233.373912209372	2
2	477	233.865205604457	1
2	479	233.865205604457	2
2	485	238.833523581124	1
2	487	238.833523581124	2
2	489	240.546444498726	1
2	491	240.546444498726	2
2	495	241.14888352398	1
2	497	241.14888352398	2
2	503	243.01018515787	1
2	505	243.01018515787	2
2	507	245.203902823315	1
2	509	245.203902823315	2
2	511	245.583136879883	1
2	513	245.583136879883	2
2	515	245.861491102757	1
2	517	245.861491102757	2
2	521	248.095920867849	1
2	523	248.095920867849	2
2	529	249.591807578156	1
2	531	249.591807578156	2
2	535	249.982464505228	1
2	537	249.982464505228	2
2	539	250.479142188274	1
2	541	250.479142188274	2
2	549	253.407058084249	1
2	551	253.407058084249	2
2	555	264.116403216856	1
2	557	264.116403216856	2
2	559	269.93246489838	1
2	561	269.93246489838	2
2	569	274.88031959306	1
2	571	274.88031959306	2
2	575	277.004430424128	1
2	577	277.004430424128	2
2	579	277.443930638507	1
2	581	277.443930638507	2
2	583	279.975472445588	1
2	585	279.975472445588	2
2	593	284.223899821221	1
2	595	284.223899821221	2
2	597	288.425218522041	1
2	599	288.425218522041	2
2	603	290.191139240406	1
2	605	290.191139240406	2
2	609	293.073815412217	1
2	611	293.073815412217	2
2	613	293.593550968951	1
2	615	293.593550968951	2
2	617	293.930223059535	1
2	619	293.930223059535	2
2	621	294.238907381279	1
2	623	294.238907381279	2
2	635	303.527997565176	1
2	637	303.527997565176	2
2	639	303.885848340797	1
2	641	303.885848340797	2
2	645	305.733960583755	1
2	647	305.733960583755	2
2	653	310.662013987205	1
2	655	310.662013987205	2
2	657	311.546100343464	1
2	659	311.546100343464	2
2	665	315.518741047912	1
2	667	315.518741047912	2
2	669	315.927704746438	1
2	671	315.927704746438	2
2	677	319.108596624986	1
2	679	319.108596624986	2
2	681	319.35461720843	1
2	683	319.35461720843	2
2	685	321.160149307446	1
2	687	321.160149307446	2
2	689	322.508431630148	1
2	691	322.508431630148	2
2	701	332.313721367732	1
2	703	332.313721367732	2
2	705	332.846246393508	1
2	707	332.846246393508	2
2	713	336.368061316649	1
2	715	336.368061316649	2
2	717	336.85981779701	1
2	719	336.85981779701	2
2	721	337.965767037342	1
2	723	337.965767037342	2
2	731	341.995908234199	1
2	733	341.995908234199	2
2	735	342.589992183371	1
2	737	342.589992183371	2
2	739	342.694179533394	1
2	741	342.694179533394	2
2	747	347.725175737156	1
2	749	347.725175737156	2
2	755	353.643230953431	1
2	757	353.643230953431	2
2	761	355.323365018293	1
2	763	355.323365018293	2
2	765	356.788202631227	1
2	767	356.788202631227	2
2	771	358.407008501962	1
2	773	358.407008501962	2
2	775	359.417347372389	1
2	777	359.417347372389	2
2	785	364.438466557932	1
2	787	364.438466557932	2
2	791	369.173619221257	1
2	793	369.173619221257	2
2	797	374.055948105553	1
2	799	374.055948105553	2
2	801	375.273458958085	1
2	803	375.273458958085	2
2	805	375.783598336904	1
2	807	375.783598336904	2
2	811	377.053478349817	1
2	813	377.053478349817	2
2	819	378.211590130437	1
2	821	378.211590130437	2
2	823	378.968026439262	1
2	825	378.968026439262	2
2	827	380.104718813587	1
2	829	380.104718813587	2
2	833	381.456002338637	1
2	835	381.456002338637	2
2	843	384.434612316664	1
2	845	384.434612316664	2
2	847	385.792537553865	1
2	849	385.792537553865	2
2	851	385.901277588374	1
2	853	385.901277588374	2
2	859	387.827005528412	1
2	861	387.827005528412	2
2	867	390.873842266135	1
2	869	390.873842266135	2
2	875	402.419890597383	1
2	877	402.419890597383	2
2	879	402.495865667213	1
2	881	402.495865667213	2
2	883	402.65825159509	1
2	885	402.65825159509	2
2	893	409.22989401133	1
2	895	409.22989401133	2
2	899	414.958842689682	1
2	901	414.958842689682	2
2	903	415.355371620535	1
2	905	415.355371620535	2
2	907	415.445097949988	1
2	909	415.445097949988	2
2	911	415.455978607828	1
2	913	415.455978607828	2
2	919	416.519011790195	1
2	921	416.519011790195	2
2	929	426.88746731261	1
2	931	426.88746731261	2
2	933	427.070814246329	1
2	935	427.070814246329	2
2	939	428.709509914498	1
2	941	428.709509914498	2
2	947	444.926641353761	1
2	949	444.926641353761	2
2	951	446.02843938792	1
2	953	446.02843938792	2
2	959	461.933751012809	1
2	961	461.933751012809	2
2	963	462.035467122499	1
2	965	462.035467122499	2
2	971	467.943289414835	1
2	973	467.943289414835	2
2	977	473.015273994793	1
2	979	473.015273994793	2
2	983	482.444775223869	1
2	985	482.444775223869	2
2	989	484.602356220707	1
2	991	484.602356220707	2
2	993	488.261256484996	1
2	995	488.261256484996	2
2	999	493.816809721743	1
2	1001	493.816809721743	2
2	1003	494.267522083066	1
2	1005	494.267522083066	2
2	1007	494.868612653612	1
2	1009	494.868612653612	2
2	1017	497.434890009481	1
2	1019	497.434890009481	2
2	1021	499.599714465421	1
2	1023	499.599714465421	2
2	1029	502.358001516155	1
2	1031	502.358001516155	2
2	1035	503.236583282203	1
2	1037	503.236583282203	2
2	1039	503.272288827923	1
2	1041	503.272288827923	2
2	1043	504.159147014659	1
2	1045	504.159147014659	2
2	1051	508.223451010936	1
2	1053	508.223451010936	2
2	1059	518.691524316047	1
2	1061	518.691524316047	2
2	1065	520.216869592557	1
2	1067	520.216869592557	2
2	1069	520.467730986323	1
2	1071	520.467730986323	2
2	1079	529.069427853685	1
2	1081	529.069427853685	2
2	1083	531.370590105195	1
2	1085	531.370590105195	2
2	1091	536.179633732213	1
2	1093	536.179633732213	2
2	1097	545.252357624627	1
2	1099	545.252357624627	2
2	1101	545.869753494788	1
2	1103	545.869753494788	2
2	1109	557.563910170823	1
2	1111	557.563910170823	2
2	1113	558.179966160082	1
2	1115	558.179966160082	2
2	1117	559.559552869283	1
2	1119	559.559552869283	2
2	1123	560.390324980162	1
2	1125	560.390324980162	2
2	1131	561.923406166748	1
2	1133	561.923406166748	2
2	1135	563.080764304579	1
2	1137	563.080764304579	2
2	1139	563.253405779878	1
2	1141	563.253405779878	2
2	1149	567.741622931014	1
2	1151	567.741622931014	2
2	1157	573.211287490721	1
2	1159	573.211287490721	2
2	1163	575.818127010233	1
2	1165	575.818127010233	2
2	1169	581.199112350098	1
2	1171	581.199112350098	2
2	1175	586.419848782015	1
2	1177	586.419848782015	2
2	1179	588.211690481992	1
2	1181	588.211690481992	2
2	1187	591.039677714785	1
2	1189	591.039677714785	2
2	1193	591.981919111523	1
2	1195	591.981919111523	2
2	1199	595.003805469139	1
2	1201	595.003805469139	2
2	1203	596.358942218244	1
2	1205	596.358942218244	2
2	1207	600.53609998607	1
2	1209	600.53609998607	2
2	1213	602.91454248488	1
2	1215	602.91454248488	2
2	1219	603.561527229658	1
2	1221	603.561527229658	2
2	1223	606.555725600879	1
2	1225	606.555725600879	2
2	1235	614.357342481586	1
2	1237	614.357342481586	2
2	1239	614.917359417347	1
2	1241	614.917359417347	2
2	1247	621.588148446855	1
2	1249	621.588148446855	2
2	1253	622.840456281623	1
2	1255	622.840456281623	2
2	1259	624.969806973854	1
2	1261	624.969806973854	2
2	1265	629.698404818094	1
2	1267	629.698404818094	2
2	1269	630.619555148879	1
2	1271	630.619555148879	2
2	1275	636.308884424627	1
2	1277	636.308884424627	2
2	1279	637.45860333779	1
2	1281	637.45860333779	2
2	1287	640.638341619983	1
2	1289	640.638341619983	2
2	1293	641.085801618242	1
2	1295	641.085801618242	2
2	1299	647.624886928501	1
2	1301	647.624886928501	2
2	1305	648.27773656648	1
2	1307	648.27773656648	2
2	1311	655.847412751712	1
2	1313	655.847412751712	2
2	1315	657.211265446165	1
2	1317	657.211265446165	2
2	1325	659.889834317357	1
2	1327	659.889834317357	2
2	1331	664.206519983475	1
2	1333	664.206519983475	2
2	1337	668.742521465478	1
2	1339	668.742521465478	2
2	1343	672.230817973772	1
2	1345	672.230817973772	2
2	1347	674.79614375193	1
2	1349	674.79614375193	2
2	1351	675.943991781803	1
2	1353	675.943991781803	2
2	1361	678.334168120561	1
2	1363	678.334168120561	2
2	1365	680.015776474105	1
2	1367	680.015776474105	2
2	1369	683.651690106805	1
2	1371	683.651690106805	2
2	1379	687.399602737248	1
2	1381	687.399602737248	2
2	1385	692.959510140936	1
2	1387	692.959510140936	2
2	1389	696.264475280913	1
2	1391	696.264475280913	2
2	1395	697.421964438927	1
2	1397	697.421964438927	2
2	1401	700.18256399763	1
2	1403	700.18256399763	2
2	1409	706.19502316787	1
2	1411	706.19502316787	2
2	1413	706.407256363967	1
2	1415	706.407256363967	2
2	1421	723.145294878887	1
2	1423	723.145294878887	2
2	1427	732.304649859245	1
2	1429	732.304649859245	2
2	1433	736.699274152089	1
2	1435	736.699274152089	2
2	1437	740.082303934431	1
2	1439	740.082303934431	2
2	1443	743.537888176172	1
2	1445	743.537888176172	2
2	1447	744.400134666334	1
2	1449	744.400134666334	2
2	1457	747.12034641812	1
2	1459	747.12034641812	2
2	1463	754.141798714901	1
2	1465	754.141798714901	2
2	1469	758.141190224882	1
2	1471	758.141190224882	2
2	1473	760.167601807068	1
2	1475	760.167601807068	2
2	1479	766.420267204695	1
2	1481	766.420267204695	2
2	1483	767.535061659814	1
2	1485	767.535061659814	2
2	1491	769.273236115199	1
2	1493	769.273236115199	2
2	1497	772.469430323457	1
2	1499	772.469430323457	2
2	1503	774.175216022661	1
2	1505	774.175216022661	2
2	1511	777.703471880661	1
2	1513	777.703471880661	2
2	1515	777.955387387142	1
2	1517	777.955387387142	2
2	1521	780.024527344113	1
2	1523	780.024527344113	2
2	1527	782.566027237981	1
2	1529	782.566027237981	2
2	1533	783.241592391543	1
2	1535	783.241592391543	2
2	1537	786.18923265387	1
2	1539	786.18923265387	2
2	1545	789.246751966952	1
2	1547	789.246751966952	2
2	1553	808.127560959361	1
2	1555	808.127560959361	2
2	1559	811.136858004167	1
2	1561	811.136858004167	2
2	1565	814.88107652159	1
2	1567	814.88107652159	2
2	1569	815.346274578636	1
2	1571	815.346274578636	2
2	1573	816.549041897423	1
2	1575	816.549041897423	2
2	1581	817.223648168043	1
2	1583	817.223648168043	2
2	1585	817.465448833504	1
2	1587	817.465448833504	2
2	1591	820.806339618502	1
2	1593	820.806339618502	2
2	1601	823.348219556052	1
2	1603	823.348219556052	2
2	1607	824.46798519366	1
2	1609	824.46798519366	2
2	1613	829.295346657634	1
2	1615	829.295346657634	2
2	1617	829.76968133591	1
2	1619	829.76968133591	2
2	1625	833.200569731274	1
2	1627	833.200569731274	2
2	1631	842.490931405061	1
2	1633	842.490931405061	2
2	1637	851.713366257932	1
2	1639	851.713366257932	2
2	1643	853.60479283888	1
2	1645	853.60479283888	2
2	1649	856.476686202559	1
2	1651	856.476686202559	2
2	1653	857.630263184404	1
2	1655	857.630263184404	2
2	1661	857.983371000142	1
2	1663	857.983371000142	2
2	1667	867.400799411822	1
2	1669	867.400799411822	2
2	1671	868.227152786038	1
2	1673	868.227152786038	2
2	1675	868.766692507142	1
2	1677	868.766692507142	2
2	1685	872.92835611938	1
2	1687	872.92835611938	2
2	1689	873.389431862729	1
2	1691	873.389431862729	2
2	1695	874.571020061839	1
2	1697	874.571020061839	2
2	1701	877.14046675337	1
2	1703	877.14046675337	2
2	1707	877.949362084343	1
2	1709	877.949362084343	2
2	1711	881.369780081505	1
2	1713	881.369780081505	2
2	1715	883.328903056772	1
2	1717	883.328903056772	2
2	1723	887.83761141089	1
2	1725	887.83761141089	2
2	1731	889.821393531061	1
2	1733	889.821393531061	2
2	1737	898.530422221152	1
2	1739	898.530422221152	2
2	1743	903.112604374692	1
2	1745	903.112604374692	2
2	1749	906.043325398359	1
2	1751	906.043325398359	2
2	1757	912.839713444055	1
2	1759	912.839713444055	2
2	1763	915.787204936761	1
2	1765	915.787204936761	2
2	1769	917.503157531547	1
2	1771	917.503157531547	2
2	1773	918.435292904997	1
2	1775	918.435292904997	2
2	1781	926.332136721386	1
2	1783	926.332136721386	2
2	1785	926.81730071905	1
2	1787	926.81730071905	2
2	1793	935.572694513924	1
2	1795	935.572694513924	2
2	1799	939.289393396593	1
2	1801	939.289393396593	2
2	1803	941.897719374328	1
2	1805	941.897719374328	2
2	1807	943.137054781998	1
2	1809	943.137054781998	2
2	1815	946.182451257765	1
2	1817	946.182451257765	2
2	1823	948.935429377052	1
2	1825	948.935429377052	2
2	1827	949.027828752583	1
2	1829	949.027828752583	2
2	1831	949.529951879128	1
2	1833	949.529951879128	2
2	1841	952.862759219945	1
2	1843	952.862759219945	2
2	1845	954.453440187049	1
2	1847	954.453440187049	2
2	1853	961.991863133638	1
2	1855	961.991863133638	2
2	1859	963.722098542771	1
2	1861	963.722098542771	2
2	1865	966.417735831856	1
2	1867	966.417735831856	2
2	1869	968.333820590162	1
2	1871	968.333820590162	2
2	1875	969.054582219773	1
2	1877	969.054582219773	2
2	1881	974.929684672444	1
2	1883	974.929684672444	2
2	1885	978.087396680337	1
2	1887	978.087396680337	2
2	1893	979.137595108966	1
2	1895	979.137595108966	2
2	1899	981.48058331123	1
2	1901	981.48058331123	2
2	1903	985.663498596749	1
2	1905	985.663498596749	2
2	1913	990.700407671644	1
2	1915	990.700407671644	2
2	1919	999.828182661364	1
2	1921	999.828182661364	2
3	233	102.608250009427	5.104428410121
3	237	103.24555267012	4.550872191379
3	245	106.875522495491	4.267272486064
3	251	114.918531668266	11.672978998146
3	257	117.025609425983	10.150086930492
3	263	121.647580553093	6.729048884827
3	269	123.687478419059	6.661868993076
3	273	125.784228028313	4.13664747522
3	279	129.284770649222	5.597292230163
3	285	131.135486294257	5.351258265944
3	293	134.349874418637	5.065103769415
3	299	139.404756400626	8.269270106369
3	305	142.88242304953	8.532548630893
3	309	143.734445535902	4.329689135276
3	313	145.817877829108	2.935454779578
3	323	149.113304295613	5.378858759711
3	327	149.178914054986	3.361036225878
3	333	153.768853393712	4.655549098099
3	339	160.511975590559	11.333061535573
3	347	162.056657949023	8.287804555311
3	353	167.61660822914	7.104632638581
3	359	171.481772228147	9.425114279124
3	363	171.812460473774	4.195852244634
3	369	176.314309676418	4.832537448271
3	375	177.680119317063	5.867658843289
3	383	181.391846453062	5.077536776644
3	389	186.696180582544	9.016061265481
3	393	189.600377791152	8.20853133809
3	397	190.844576183429	4.148395600885
3	405	193.355808631914	3.755430840762
3	413	199.422182054224	8.577605870795
3	419	201.763705107076	8.407896475162
3	425	203.303691891475	3.881509837251
3	429	206.697687435265	4.933982328189
3	433	208.327809276601	5.024117385126
3	441	213.535120633051	6.837433197786
3	445	213.898802729965	5.570993453364
3	449	213.985979327295	0.450858694244
3	461	224.167202024798	10.268399294833
3	467	232.90434377564	18.918364448345
3	471	233.373912209372	9.206710184574
3	477	233.865205604457	0.960861828817
3	485	238.833523581124	5.459611371752
3	489	240.546444498726	6.681238894269
3	495	241.14888352398	2.315359942856
3	503	243.01018515787	2.463740659144
3	507	245.203902823315	4.055019299335
3	511	245.583136879883	2.572951722013
3	515	245.861491102757	0.657588279442
3	521	248.095920867849	2.512783987966
3	529	249.591807578156	3.730316475399
3	535	249.982464505228	1.886543637379
3	539	250.479142188274	0.887334610118
3	549	253.407058084249	3.424593579021
3	555	264.116403216856	13.637261028582
3	559	269.93246489838	16.525406814131
3	569	274.88031959306	10.763916376204
3	575	277.004430424128	7.071965525748
3	579	277.443930638507	2.563611045447
3	583	279.975472445588	2.97104202146
3	593	284.223899821221	6.779969182714
3	597	288.425218522041	8.449746076453
3	603	290.191139240406	5.967239419185
3	609	293.073815412217	4.648596890176
3	613	293.593550968951	3.402411728545
3	617	293.930223059535	0.856407647318
3	621	294.238907381279	0.645356412328
3	635	303.527997565176	9.597774505641
3	639	303.885848340797	9.646940959518
3	645	305.733960583755	2.205963018579
3	653	310.662013987205	6.776165646408
3	657	311.546100343464	5.812139759709
3	665	315.518741047912	4.856727060707
3	669	315.927704746438	4.381604402974
3	677	319.108596624986	3.589855577074
3	681	319.35461720843	3.426912461992
3	685	321.160149307446	2.05155268246
3	689	322.508431630148	3.153814421718
3	701	332.313721367732	11.153572060286
3	705	332.846246393508	10.33781476336
3	713	336.368061316649	4.054339948917
3	717	336.85981779701	4.013571403502
3	721	337.965767037342	1.597705720693
3	731	341.995908234199	5.136090437189
3	735	342.589992183371	4.624225146029
3	739	342.694179533394	0.698271299195
3	747	347.725175737156	5.135183553785
3	755	353.643230953431	10.949051420037
3	761	355.323365018293	7.598189281137
3	765	356.788202631227	3.144971677796
3	771	358.407008501962	3.083643483669
3	775	359.417347372389	2.629144741162
3	785	364.438466557932	6.03145805597
3	791	369.173619221257	9.756271848868
3	797	374.055948105553	9.617481547621
3	801	375.273458958085	6.099839736828
3	805	375.783598336904	1.727650231351
3	811	377.053478349817	1.780019391732
3	819	378.211590130437	2.427991793533
3	823	378.968026439262	1.914548089445
3	827	380.104718813587	1.89312868315
3	833	381.456002338637	2.487975899375
3	843	384.434612316664	4.329893503077
3	847	385.792537553865	4.336535215228
3	851	385.901277588374	1.46666527171
3	859	387.827005528412	2.034467974547
3	867	390.873842266135	4.972564677761
3	875	402.419890597383	14.592885068971
3	879	402.495865667213	11.622023401078
3	883	402.65825159509	0.238360997707
3	893	409.22989401133	6.734028344117
3	899	414.958842689682	12.300591094592
3	903	415.355371620535	6.125477609205
3	907	415.445097949988	0.486255260306
3	911	415.455978607828	0.100606987293
3	919	416.519011790195	1.073913840207
3	929	426.88746731261	11.431488704782
3	933	427.070814246329	10.551802456134
3	939	428.709509914498	1.822042601888
3	947	444.926641353761	17.855827107432
3	951	446.02843938792	17.318929473422
3	959	461.933751012809	17.007109659048
3	963	462.035467122499	16.007027734579
3	971	467.943289414835	6.009538402026
3	977	473.015273994793	10.979806872294
3	983	482.444775223869	14.501485809034
3	989	484.602356220707	11.587082225914
3	993	488.261256484996	5.816481261127
3	999	493.816809721743	9.214453501036
3	1003	494.267522083066	6.00626559807
3	1007	494.868612653612	1.051802931869
3	1017	497.434890009481	3.167367926415
3	1021	499.599714465421	4.731101811809
3	1029	502.358001516155	4.923111506674
3	1035	503.236583282203	3.636868816782
3	1039	503.272288827923	0.914287311768
3	1043	504.159147014659	0.922563732456
3	1051	508.223451010936	4.951162183013
3	1059	518.691524316047	14.532377301388
3	1065	520.216869592557	11.993418581621
3	1069	520.467730986323	1.776206670276
3	1079	529.069427853685	8.852558261128
3	1083	531.370590105195	10.902859118872
3	1091	536.179633732213	7.110205878528
3	1097	545.252357624627	13.881767519432
3	1101	545.869753494788	9.690119762575
3	1109	557.563910170823	12.311552546196
3	1113	558.179966160082	12.310212665294
3	1117	559.559552869283	1.99564269846
3	1123	560.390324980162	2.21035882008
3	1131	561.923406166748	2.363853297465
3	1135	563.080764304579	2.690439324417
3	1139	563.253405779878	1.32999961313
3	1149	567.741622931014	4.660858626435
3	1157	573.211287490721	9.957881710843
3	1163	575.818127010233	8.076504079219
3	1169	581.199112350098	7.987824859377
3	1175	586.419848782015	10.601721771782
3	1179	588.211690481992	7.012578131894
3	1187	591.039677714785	4.61982893277
3	1193	591.981919111523	3.770228629531
3	1199	595.003805469139	3.964127754354
3	1203	596.358942218244	4.377023106721
3	1207	600.53609998607	5.532294516931
3	1213	602.91454248488	6.555600266636
3	1219	603.561527229658	3.025427243588
3	1223	606.555725600879	3.641183115999
3	1235	614.357342481586	10.795815251928
3	1239	614.917359417347	8.361633816468
3	1247	621.588148446855	7.230805965269
3	1253	622.840456281623	7.923096864276
3	1259	624.969806973854	3.381658526999
3	1265	629.698404818094	6.857948536471
3	1269	630.619555148879	5.649748175025
3	1275	636.308884424627	6.610479606533
3	1279	637.45860333779	6.839048188911
3	1287	640.638341619983	4.329457195356
3	1293	641.085801618242	3.627198280452
3	1299	647.624886928501	6.986545308518
3	1305	648.27773656648	7.191934948238
3	1311	655.847412751712	8.222525823211
3	1315	657.211265446165	8.933528879685
3	1325	659.889834317357	4.042421565645
3	1331	664.206519983475	6.99525453731
3	1337	668.742521465478	8.852687148121
3	1343	672.230817973772	8.024297990297
3	1347	674.79614375193	6.053622286452
3	1351	675.943991781803	3.713173808031
3	1361	678.334168120561	3.538024368631
3	1365	680.015776474105	4.071784692302
3	1369	683.651690106805	5.317521986244
3	1379	687.399602737248	7.383826263143
3	1385	692.959510140936	9.307820034131
3	1389	696.264475280913	8.864872543665
3	1395	697.421964438927	4.462454297991
3	1401	700.18256399763	3.918088716717
3	1409	706.19502316787	8.773058728943
3	1413	706.407256363967	6.224692366337
3	1421	723.145294878887	16.950271711017
3	1427	732.304649859245	25.897393495278
3	1433	736.699274152089	13.553979273202
3	1437	740.082303934431	7.777654075186
3	1443	743.537888176172	6.838614024083
3	1447	744.400134666334	4.317830731903
3	1457	747.12034641812	3.582458241948
3	1463	754.141798714901	9.741664048567
3	1469	758.141190224882	11.020843806762
3	1473	760.167601807068	6.025803092167
3	1479	766.420267204695	8.279076979813
3	1483	767.535061659814	7.367459852746
3	1491	769.273236115199	2.852968910504
3	1497	772.469430323457	4.934368663643
3	1503	774.175216022661	4.901979907462
3	1511	777.703471880661	5.234041557204
3	1515	777.955387387142	3.780171364481
3	1521	780.024527344113	2.321055463452
3	1527	782.566027237981	4.610639850839
3	1533	783.241592391543	3.21706504743
3	1537	786.18923265387	3.623205415889
3	1545	789.246751966952	6.005159575409
3	1553	808.127560959361	21.938328305491
3	1559	811.136858004167	21.890106037215
3	1565	814.88107652159	6.753515562229
3	1569	815.346274578636	4.209416574469
3	1573	816.549041897423	1.667965375833
3	1581	817.223648168043	1.877373589407
3	1585	817.465448833504	0.916406936081
3	1591	820.806339618502	3.582691450459
3	1601	823.348219556052	5.882770722548
3	1607	824.46798519366	3.661645575158
3	1613	829.295346657634	5.947127101582
3	1617	829.76968133591	5.30169614225
3	1625	833.200569731274	3.90522307364
3	1631	842.490931405061	12.721250069151
3	1637	851.713366257932	18.512796526658
3	1643	853.60479283888	11.113861433819
3	1649	856.476686202559	4.763319944627
3	1653	857.630263184404	4.025470345524
3	1661	857.983371000142	1.506684797583
3	1667	867.400799411822	9.770536227418
3	1671	868.227152786038	10.243781785896
3	1675	868.766692507142	1.36589309532
3	1685	872.92835611938	4.701203333342
3	1689	873.389431862729	4.622739355587
3	1695	874.571020061839	1.642663942459
3	1701	877.14046675337	3.751034890641
3	1707	877.949362084343	3.378342022504
3	1711	881.369780081505	4.229313328135
3	1715	883.328903056772	5.379540972429
3	1723	887.83761141089	6.467831329385
3	1731	889.821393531061	6.492490474289
3	1737	898.530422221152	10.692810810262
3	1743	903.112604374692	13.291210843631
3	1749	906.043325398359	7.512903177207
3	1757	912.839713444055	9.727109069363
3	1763	915.787204936761	9.743879538402
3	1769	917.503157531547	4.663444087492
3	1773	918.435292904997	2.648087968236
3	1781	926.332136721386	8.828979189839
3	1785	926.81730071905	8.382007814053
3	1793	935.572694513924	9.240557792538
3	1799	939.289393396593	12.472092677543
3	1803	941.897719374328	6.325024860404
3	1807	943.137054781998	3.847661385405
3	1815	946.182451257765	4.284731883437
3	1823	948.935429377052	5.798374595054
3	1827	949.027828752583	2.845377494818
3	1831	949.529951879128	0.594522502076
3	1841	952.862759219945	3.834930467362
3	1845	954.453440187049	4.923488307921
3	1853	961.991863133638	9.129103913693
3	1859	963.722098542771	9.268658355722
3	1865	966.417735831856	4.425872698218
3	1869	968.333820590162	4.611722047391
3	1875	969.054582219773	2.636846387917
3	1881	974.929684672444	6.595864082282
3	1885	978.087396680337	9.032814460564
3	1893	979.137595108966	4.207910436522
3	1899	981.48058331123	3.393186630893
3	1903	985.663498596749	6.525903487783
3	1913	990.700407671644	9.219824360414
3	1919	999.828182661364	14.164684064615
4	234	102.608250009427	71.259798238059
4	238	103.24555267012	63.317638952257
4	246	106.875522495491	65.928470736179
4	252	114.918531668266	73.726878060768
4	258	117.025609425983	70.061245253263
4	264	121.647580553093	72.925555690701
4	270	123.687478419059	60.124863863314
4	274	125.784228028313	57.928050107368
4	280	129.284770649222	55.833435028247
4	286	131.135486294257	54.010154796419
4	294	134.349874418637	53.438033612932
4	300	139.404756400626	55.614996358267
4	306	142.88242304953	51.627916258467
4	310	143.734445535902	51.921704510997
4	314	145.817877829108	53.029323806218
4	324	149.113304295613	51.197436177749
4	328	149.178914054986	48.497635012484
4	334	153.768853393712	49.404606108603
4	340	160.511975590559	55.728118140379
4	348	162.056657949023	55.040924777392
4	354	167.61660822914	50.971020447416
4	360	171.481772228147	54.153767951936
4	364	171.812460473774	50.026088004729
4	370	176.314309676418	49.162914159938
4	376	177.680119317063	47.994044074689
4	384	181.391846453062	49.932400001332
4	390	186.696180582544	55.14613391674
4	394	189.600377791152	53.328497595227
4	398	190.844576183429	50.779530771744
4	406	193.355808631914	46.816365164644
4	414	199.422182054224	51.975165357685
4	420	201.763705107076	54.187562433254
4	426	203.303691891475	50.421941474016
4	430	206.697687435265	52.188329011486
4	434	208.327809276601	47.265909700825
4	442	213.535120633051	52.364811003001
4	446	213.898802729965	49.520598879992
4	450	213.985979327295	45.241270070027
4	462	224.167202024798	52.084128085556
4	468	232.90434377564	55.459077388117
4	472	233.373912209372	54.951724821449
4	478	233.865205604457	55.107920980852
4	486	238.833523581124	53.43867829431
4	490	240.546444498726	49.115512853181
4	496	241.14888352398	49.162480695685
4	504	243.01018515787	49.315451790127
4	508	245.203902823315	45.982719701764
4	512	245.583136879883	46.144371833888
4	516	245.861491102757	42.769952035177
4	522	248.095920867849	39.698155206887
4	530	249.591807578156	37.10581488858
4	536	249.982464505228	35.545871481209
4	540	250.479142188274	35.251062202012
4	550	253.407058084249	36.902170322241
4	556	264.116403216856	47.227750496201
4	560	269.93246489838	44.933560521426
4	570	274.88031959306	41.46056334826
4	576	277.004430424128	41.529623251667
4	580	277.443930638507	41.034264344402
4	584	279.975472445588	39.237583388209
4	594	284.223899821221	41.901431802218
4	598	288.425218522041	45.749924387501
4	604	290.191139240406	44.116839141579
4	610	293.073815412217	44.187137555433
4	614	293.593550968951	44.055551956654
4	618	293.930223059535	44.24563465721
4	622	294.238907381279	42.712356078907
4	636	303.527997565176	51.847798766923
4	640	303.885848340797	50.690585368984
4	646	305.733960583755	50.207928813902
4	654	310.662013987205	38.985789424645
4	658	311.546100343464	39.336329229277
4	666	315.518741047912	43.14865528236
4	670	315.927704746438	40.377847040814
4	678	319.108596624986	38.954024250819
4	682	319.35461720843	37.463505427579
4	686	321.160149307446	38.770558736129
4	690	322.508431630148	33.598213437365
4	702	332.313721367732	42.09476449372
4	706	332.846246393508	38.574147325062
4	714	336.368061316649	41.944034077646
4	718	336.85981779701	40.953004294776
4	722	337.965767037342	40.957608408074
4	732	341.995908234199	41.894066964778
4	736	342.589992183371	38.616683388721
4	740	342.694179533394	33.817436661817
4	748	347.725175737156	38.336019842481
4	756	353.643230953431	40.584899348926
4	762	355.323365018293	40.342317428838
4	766	356.788202631227	40.624544515765
4	772	358.407008501962	41.924204953886
4	776	359.417347372389	36.124244258235
4	786	364.438466557932	40.9980245898
4	792	369.173619221257	43.45691639227
4	798	374.055948105553	46.349540571529
4	802	375.273458958085	40.714492696097
4	806	375.783598336904	40.19955716188
4	812	377.053478349817	38.98233711074
4	820	378.211590130437	39.674759445644
4	824	378.968026439262	39.608234602749
4	828	380.104718813587	36.222029735079
4	834	381.456002338637	36.43939308138
4	844	384.434612316664	36.687127235026
4	848	385.792537553865	37.620383947086
4	852	385.901277588374	32.107463461854
4	860	387.827005528412	30.323639709778
4	868	390.873842266135	29.93372653378
4	876	402.419890597383	40.141666943456
4	880	402.495865667213	39.04976885986
4	884	402.65825159509	34.223448923617
4	894	409.22989401133	36.897041062192
4	900	414.958842689682	39.061851814682
4	904	415.355371620535	37.933435903577
4	908	415.445097949988	37.31504154696
4	912	415.455978607828	34.684722769658
4	920	416.519011790195	34.690848813693
4	930	426.88746731261	44.438649124559
4	934	427.070814246329	44.1819538779
4	940	428.709509914498	42.193166383808
4	948	444.926641353761	57.491814963114
4	952	446.02843938792	56.985067967209
4	960	461.933751012809	72.266001216535
4	964	462.035467122499	71.148943095349
4	972	467.943289414835	76.289382377803
4	978	473.015273994793	70.275781558927
4	984	482.444775223869	77.806514645146
4	990	484.602356220707	76.754272036693
4	994	488.261256484996	78.527466482513
4	1000	493.816809721743	78.353757880388
4	1004	494.267522083066	78.565043429648
4	1008	494.868612653612	77.5100376444
4	1018	497.434890009481	78.587238109272
4	1022	499.599714465421	77.460661200018
4	1030	502.358001516155	75.127098551768
4	1036	503.236583282203	72.785419301366
4	1040	503.272288827923	66.193828925452
4	1044	504.159147014659	57.541496112537
4	1052	508.223451010936	51.514756664762
4	1060	518.691524316047	55.34058599623
4	1066	520.216869592557	55.589706415835
4	1070	520.467730986323	51.551192601685
4	1080	529.069427853685	55.462766574001
4	1084	531.370590105195	46.775619837983
4	1092	536.179633732213	45.788550861557
4	1098	545.252357624627	50.360549661923
4	1102	545.869753494788	50.86766253994
4	1110	557.563910170823	62.500342081037
4	1114	558.179966160082	58.322153148111
4	1118	559.559552869283	57.976776294626
4	1124	560.390324980162	57.410532118811
4	1132	561.923406166748	57.74283907633
4	1136	563.080764304579	58.271919412389
4	1140	563.253405779878	55.012442954674
4	1150	567.741622931014	54.71151148411
4	1158	573.211287490721	54.325384156695
4	1164	575.818127010233	55.091171545759
4	1170	581.199112350098	59.843707527705
4	1176	586.419848782015	63.420020765238
4	1180	588.211690481992	55.965631186719
4	1188	591.039677714785	57.864690377563
4	1194	591.981919111523	54.505786340614
4	1200	595.003805469139	46.548398494071
4	1204	596.358942218244	45.090345452645
4	1208	600.53609998607	40.794140387259
4	1214	602.91454248488	41.514258414782
4	1220	603.561527229658	41.697543752417
4	1224	606.555725600879	42.872313971898
4	1236	614.357342481586	50.303580682402
4	1240	614.917359417347	49.726329020951
4	1248	621.588148446855	52.691081637417
4	1254	622.840456281623	49.718686013049
4	1260	624.969806973854	49.885798687129
4	1266	629.698404818094	53.115589779976
4	1270	630.619555148879	49.402390077712
4	1276	636.308884424627	47.555552256528
4	1280	637.45860333779	47.111771955624
4	1288	640.638341619983	49.45513355539
4	1294	641.085801618242	46.577302867152
4	1300	647.624886928501	46.321307873891
4	1306	648.27773656648	45.064926239744
4	1312	655.847412751712	48.974665638565
4	1316	657.211265446165	49.628878430444
4	1326	659.889834317357	51.821262894535
4	1332	664.206519983475	55.867352379083
4	1338	668.742521465478	52.876021017702
4	1344	672.230817973772	54.328345616466
4	1348	674.79614375193	52.896466581283
4	1352	675.943991781803	52.468454041142
4	1362	678.334168120561	53.096045446622
4	1366	680.015776474105	44.458468650801
4	1370	683.651690106805	45.595693910199
4	1380	687.399602737248	49.279051273421
4	1386	692.959510140936	52.307866920884
4	1390	696.264475280913	51.748022141282
4	1396	697.421964438927	49.519407586051
4	1402	700.18256399763	50.803283131169
4	1410	706.19502316787	48.552294744074
4	1414	706.407256363967	48.761109329198
4	1422	723.145294878887	65.011322851466
4	1428	732.304649859245	69.361818285655
4	1434	736.699274152089	72.388566186535
4	1438	740.082303934431	69.205249734339
4	1444	743.537888176172	67.024126733428
4	1448	744.400134666334	66.942089306064
4	1458	747.12034641812	69.276780643894
4	1464	754.141798714901	70.267854898726
4	1470	758.141190224882	72.307904978649
4	1474	760.167601807068	74.058893518451
4	1480	766.420267204695	78.789172978951
4	1484	767.535061659814	70.489693971552
4	1492	769.273236115199	71.757046192842
4	1498	772.469430323457	69.418794050599
4	1504	774.175216022661	70.909135114094
4	1512	777.703471880661	69.771217201863
4	1516	777.955387387142	68.625574390232
4	1522	780.024527344113	56.452041719095
4	1528	782.566027237981	48.799816335018
4	1534	783.241592391543	40.829722572337
4	1538	786.18923265387	41.08896618102
4	1546	789.246751966952	44.024433053235
4	1554	808.127560959361	62.265609914414
4	1560	811.136858004167	61.182167959278
4	1566	814.88107652159	60.097509494774
4	1570	815.346274578636	54.233426797296
4	1574	816.549041897423	48.815020932508
4	1582	817.223648168043	48.203579451729
4	1586	817.465448833504	45.470911991327
4	1592	820.806339618502	47.956711815815
4	1602	823.348219556052	46.523869255056
4	1608	824.46798519366	47.62468043519
4	1614	829.295346657634	51.208515700143
4	1618	829.76968133591	48.489853790807
4	1626	833.200569731274	50.080847221468
4	1632	842.490931405061	54.667216779193
4	1638	851.713366257932	63.338754792986
4	1644	853.60479283888	64.304323330997
4	1650	856.476686202559	64.994133443608
4	1654	857.630263184404	48.241634016849
4	1662	857.983371000142	44.293219816084
4	1668	867.400799411822	50.660693592415
4	1672	868.227152786038	51.13478794328
4	1676	868.766692507142	50.359836276649
4	1686	872.92835611938	51.795196115052
4	1690	873.389431862729	51.778334101882
4	1696	874.571020061839	52.381800863054
4	1702	877.14046675337	53.447760049834
4	1708	877.949362084343	51.736575885263
4	1712	881.369780081505	51.277824359926
4	1716	883.328903056772	50.85667455647
4	1724	887.83761141089	46.765463984209
4	1732	889.821393531061	47.017713284669
4	1738	898.530422221152	46.580016923422
4	1744	903.112604374692	49.242156048955
4	1750	906.043325398359	48.18595957524
4	1758	912.839713444055	54.892566591086
4	1764	915.787204936761	57.542135054197
4	1770	917.503157531547	47.342490575974
4	1774	918.435292904997	47.892804041245
4	1782	926.332136721386	55.453868531576
4	1786	926.81730071905	53.128284226525
4	1794	935.572694513924	59.621745245903
4	1800	939.289393396593	61.980821696708
4	1804	941.897719374328	57.974530861159
4	1808	943.137054781998	58.958338402863
4	1816	946.182451257765	58.334377908761
4	1824	948.935429377052	60.385189951867
4	1828	949.027828752583	57.627957405218
4	1832	949.529951879128	50.541534437599
4	1842	952.862759219945	49.482129654945
4	1846	954.453440187049	47.468018053598
4	1854	961.991863133638	53.816156339887
4	1860	963.722098542771	48.401272230995
4	1866	966.417735831856	50.52396237037
4	1870	968.333820590162	49.633888251852
4	1876	969.054582219773	48.813709977651
4	1882	974.929684672444	48.011753879357
4	1886	978.087396680337	50.258325395152
4	1894	979.137595108966	40.862666231047
4	1900	981.48058331123	38.011115088188
4	1904	985.663498596749	40.093534967053
4	1914	990.700407671644	44.233063376773
4	1920	999.828182661364	52.033763950096
5	234	102.608250009427	0
5	238	103.24555267012	0
5	246	106.875522495491	0
5	252	114.918531668266	0
5	258	117.025609425983	0
5	264	121.647580553093	0
5	270	123.687478419059	0
5	274	125.784228028313	0
5	280	129.284770649222	0
5	286	131.135486294257	0
5	294	134.349874418637	0
5	300	139.404756400626	0
5	306	142.88242304953	0
5	310	143.734445535902	0
5	314	145.817877829108	0
5	324	149.113304295613	0
5	328	149.178914054986	0
5	334	153.768853393712	0
5	340	160.511975590559	0
5	348	162.056657949023	0
5	354	167.61660822914	0
5	360	171.481772228147	0
5	364	171.812460473774	0
5	370	176.314309676418	0
5	376	177.680119317063	0
5	384	181.391846453062	0
5	390	186.696180582544	0
5	394	189.600377791152	0
5	398	190.844576183429	0
5	406	193.355808631914	0
5	414	199.422182054224	0
5	420	201.763705107076	0
5	426	203.303691891475	0
5	430	206.697687435265	0
5	434	208.327809276601	0
5	442	213.535120633051	0
5	446	213.898802729965	0
5	450	213.985979327295	0
5	462	224.167202024798	0
5	468	232.90434377564	0
5	472	233.373912209372	0
5	478	233.865205604457	0
5	486	238.833523581124	0
5	490	240.546444498726	0
5	496	241.14888352398	0
5	504	243.01018515787	0
5	508	245.203902823315	0
5	512	245.583136879883	0
5	516	245.861491102757	0
5	522	248.095920867849	0
5	530	249.591807578156	0
5	536	249.982464505228	0
5	540	250.479142188274	0
5	550	253.407058084249	0
5	556	264.116403216856	0
5	560	269.93246489838	0
5	570	274.88031959306	0
5	576	277.004430424128	0
5	580	277.443930638507	0
5	584	279.975472445588	0
5	594	284.223899821221	0
5	598	288.425218522041	0
5	604	290.191139240406	0
5	610	293.073815412217	0
5	614	293.593550968951	0
5	618	293.930223059535	0
5	622	294.238907381279	0
5	636	303.527997565176	0
5	640	303.885848340797	0
5	646	305.733960583755	0
5	654	310.662013987205	0
5	658	311.546100343464	0
5	666	315.518741047912	0
5	670	315.927704746438	0
5	678	319.108596624986	0
5	682	319.35461720843	0
5	686	321.160149307446	0
5	690	322.508431630148	0
5	702	332.313721367732	0
5	706	332.846246393508	0
5	714	336.368061316649	0
5	718	336.85981779701	0
5	722	337.965767037342	0
5	732	341.995908234199	0
5	736	342.589992183371	0
5	740	342.694179533394	0
5	748	347.725175737156	0
5	756	353.643230953431	0
5	762	355.323365018293	0
5	766	356.788202631227	0
5	772	358.407008501962	0
5	776	359.417347372389	0
5	786	364.438466557932	0
5	792	369.173619221257	0
5	798	374.055948105553	0
5	802	375.273458958085	0
5	806	375.783598336904	0
5	812	377.053478349817	0
5	820	378.211590130437	0
5	824	378.968026439262	0
5	828	380.104718813587	0
5	834	381.456002338637	0
5	844	384.434612316664	0
5	848	385.792537553865	0
5	852	385.901277588374	0
5	860	387.827005528412	0
5	868	390.873842266135	0
5	876	402.419890597383	0
5	880	402.495865667213	0
5	884	402.65825159509	0
5	894	409.22989401133	0
5	900	414.958842689682	0
5	904	415.355371620535	0
5	908	415.445097949988	0
5	912	415.455978607828	0
5	920	416.519011790195	0
5	930	426.88746731261	0
5	934	427.070814246329	0
5	940	428.709509914498	0
5	948	444.926641353761	0
5	952	446.02843938792	0
5	960	461.933751012809	0
5	964	462.035467122499	0
5	972	467.943289414835	0
5	978	473.015273994793	0
5	984	482.444775223869	0
5	990	484.602356220707	0
5	994	488.261256484996	0
5	1000	493.816809721743	0
5	1004	494.267522083066	0
5	1008	494.868612653612	0
5	1018	497.434890009481	0
5	1022	499.599714465421	0
5	1030	502.358001516155	0
5	1036	503.236583282203	0
5	1040	503.272288827923	0
5	1044	504.159147014659	0
5	1052	508.223451010936	0
5	1060	518.691524316047	0
5	1066	520.216869592557	0
5	1070	520.467730986323	0
5	1080	529.069427853685	0
5	1084	531.370590105195	0
5	1092	536.179633732213	0
5	1098	545.252357624627	0
5	1102	545.869753494788	0
5	1110	557.563910170823	0
5	1114	558.179966160082	0
5	1118	559.559552869283	0
5	1124	560.390324980162	0
5	1132	561.923406166748	0
5	1136	563.080764304579	0
5	1140	563.253405779878	0
5	1150	567.741622931014	0
5	1158	573.211287490721	0
5	1164	575.818127010233	0
5	1170	581.199112350098	0
5	1176	586.419848782015	0
5	1180	588.211690481992	0
5	1188	591.039677714785	0
5	1194	591.981919111523	0
5	1200	595.003805469139	0
5	1204	596.358942218244	0
5	1208	600.53609998607	0
5	1214	602.91454248488	0
5	1220	603.561527229658	0
5	1224	606.555725600879	0
5	1236	614.357342481586	0
5	1240	614.917359417347	0
5	1248	621.588148446855	0
5	1254	622.840456281623	0
5	1260	624.969806973854	0
5	1266	629.698404818094	0
5	1270	630.619555148879	0
5	1276	636.308884424627	0
5	1280	637.45860333779	0
5	1288	640.638341619983	0
5	1294	641.085801618242	0
5	1300	647.624886928501	0
5	1306	648.27773656648	0
5	1312	655.847412751712	0
5	1316	657.211265446165	0
5	1326	659.889834317357	0
5	1332	664.206519983475	0
5	1338	668.742521465478	0
5	1344	672.230817973772	0
5	1348	674.79614375193	0
5	1352	675.943991781803	0
5	1362	678.334168120561	0
5	1366	680.015776474105	0
5	1370	683.651690106805	0
5	1380	687.399602737248	0
5	1386	692.959510140936	0
5	1390	696.264475280913	0
5	1396	697.421964438927	0
5	1402	700.18256399763	0
5	1410	706.19502316787	0
5	1414	706.407256363967	0
5	1422	723.145294878887	0
5	1428	732.304649859245	0
5	1434	736.699274152089	0
5	1438	740.082303934431	0
5	1444	743.537888176172	0
5	1448	744.400134666334	0
5	1458	747.12034641812	0
5	1464	754.141798714901	0
5	1470	758.141190224882	0
5	1474	760.167601807068	0
5	1480	766.420267204695	0
5	1484	767.535061659814	0
5	1492	769.273236115199	0
5	1498	772.469430323457	0
5	1504	774.175216022661	0
5	1512	777.703471880661	0
5	1516	777.955387387142	0
5	1522	780.024527344113	0
5	1528	782.566027237981	0
5	1534	783.241592391543	0
5	1538	786.18923265387	0
5	1546	789.246751966952	0
5	1554	808.127560959361	0
5	1560	811.136858004167	0
5	1566	814.88107652159	0
5	1570	815.346274578636	0
5	1574	816.549041897423	0
5	1582	817.223648168043	0
5	1586	817.465448833504	0
5	1592	820.806339618502	0
5	1602	823.348219556052	0
5	1608	824.46798519366	0
5	1614	829.295346657634	0
5	1618	829.76968133591	0
5	1626	833.200569731274	0
5	1632	842.490931405061	0
5	1638	851.713366257932	0
5	1644	853.60479283888	0
5	1650	856.476686202559	0
5	1654	857.630263184404	0
5	1662	857.983371000142	0
5	1668	867.400799411822	0
5	1672	868.227152786038	0
5	1676	868.766692507142	0
5	1686	872.92835611938	0
5	1690	873.389431862729	0
5	1696	874.571020061839	0
5	1702	877.14046675337	0
5	1708	877.949362084343	0
5	1712	881.369780081505	0
5	1716	883.328903056772	0
5	1724	887.83761141089	0
5	1732	889.821393531061	0
5	1738	898.530422221152	0
5	1744	903.112604374692	0
5	1750	906.043325398359	0
5	1758	912.839713444055	0
5	1764	915.787204936761	0
5	1770	917.503157531547	0
5	1774	918.435292904997	0
5	1782	926.332136721386	0
5	1786	926.81730071905	0
5	1794	935.572694513924	0
5	1800	939.289393396593	0
5	1804	941.897719374328	0
5	1808	943.137054781998	0
5	1816	946.182451257765	0
5	1824	948.935429377052	0
5	1828	949.027828752583	0
5	1832	949.529951879128	0
5	1842	952.862759219945	0
5	1846	954.453440187049	0
5	1854	961.991863133638	0
5	1860	963.722098542771	0
5	1866	966.417735831856	0
5	1870	968.333820590162	0
5	1876	969.054582219773	0
5	1882	974.929684672444	0
5	1886	978.087396680337	0
5	1894	979.137595108966	0
5	1900	981.48058331123	0
5	1904	985.663498596749	0
5	1914	990.700407671644	0
5	1920	999.828182661364	0

