version 3
run General-25-20221103-10:28:22-6760
attr configname General
attr datetime 20221103-10:28:22
attr datetimef 20221103-102822
attr experiment General
attr inifile block.ini
attr iterationvars "$0=3, $1=30"
attr iterationvarsd 3/30
attr iterationvarsf 3,30-
attr measurement "$0=3, $1=30"
attr network Block
attr processid 6760
attr repetition 0
attr replication #0
attr resultdir results
attr runnumber 25
attr seedset 25
config network Block
config repeat 5
config sim-time-limit 1000s
config warmup-period 100s
config **.alloca.resourceModuleName "\"risorse\""
config **.dealloca.resourceModuleName "\"risorse\""
config **.is.delay exponential(3s)
config **.servente.serviceTime exponential(3s)
config **.dealloca.resourceAmount 2
config **.alloca.resourceAmount 2
config **.risorse.amount 6
config **.sorgente.numJobs (30)
config **.result-recording-modes all

vector 0 Block.servente queueLength:vector ETV
attr interpolationmode sample-hold
attr recordingmode vector
attr title "queue length"
vector 1 Block.servente queueingTime:vector ETV
attr interpolationmode none
attr recordingmode vector
attr title "queueing time at dequeue"
attr unit s
vector 2 Block.alloca queueLength:vector ETV
attr interpolationmode sample-hold
attr recordingmode vector
attr title "queue length"
vector 3 Block.alloca queueingTime:vector ETV
attr interpolationmode none
attr recordingmode vector
attr title "queueing time at dequeue"
attr unit s
vector 4 Block.risorse amount:vector ETV
attr interpolationmode sample-hold
attr recordingmode vector
attr title "available resource"
vector 5 Block.is delayedJobs:vector ETV
attr interpolationmode sample-hold
attr recordingmode vector
attr title "number of delayed jobs"
0	271	100.527613309349	1
0	273	100.527613309349	2
0	281	103.819127251536	1
0	283	103.819127251536	2
0	285	104.045749084789	1
0	287	104.045749084789	2
0	289	104.209373779342	1
0	291	104.209373779342	2
0	299	114.698350894064	1
0	301	114.698350894064	2
0	305	117.989950471335	1
0	307	117.989950471335	2
0	311	123.881341869302	1
0	313	123.881341869302	2
0	317	126.463446069058	1
0	319	126.463446069058	2
0	321	126.852080263616	1
0	323	126.852080263616	2
0	329	131.021853254218	1
0	331	131.021853254218	2
0	333	132.599264935257	1
0	335	132.599264935257	2
0	339	135.296831888042	1
0	341	135.296831888042	2
0	345	137.100539401499	1
0	347	137.100539401499	2
0	351	138.673972242649	1
0	353	138.673972242649	2
0	355	138.74140628508	1
0	357	138.74140628508	2
0	361	140.272600747404	1
0	363	140.272600747404	2
0	369	142.5278718374	1
0	371	142.5278718374	2
0	373	142.568094421236	1
0	375	142.568094421236	2
0	379	144.408332554889	1
0	381	144.408332554889	2
0	383	144.555681233056	1
0	385	144.555681233056	2
0	387	145.266299320474	1
0	389	145.266299320474	2
0	401	150.843590745393	1
0	403	150.843590745393	2
0	405	154.098398429937	1
0	407	154.098398429937	2
0	411	157.253460683924	1
0	413	157.253460683924	2
0	419	163.104054606035	1
0	421	163.104054606035	2
0	423	163.163711298427	1
0	425	163.163711298427	2
0	431	177.125062901019	1
0	433	177.125062901019	2
0	435	177.569072013115	1
0	437	177.569072013115	2
0	443	181.452660319089	1
0	445	181.452660319089	2
0	447	182.411174356362	1
0	449	182.411174356362	2
0	451	185.653644785614	1
0	453	185.653644785614	2
0	461	187.028675909725	1
0	463	187.028675909725	2
0	465	187.756921960998	1
0	467	187.756921960998	2
0	469	188.681926035715	1
0	471	188.681926035715	2
0	475	189.798283726073	1
0	477	189.798283726073	2
0	479	190.480585721518	1
0	481	190.480585721518	2
0	487	191.380725962939	1
0	489	191.380725962939	2
0	493	192.515525730318	1
0	495	192.515525730318	2
0	497	192.690723083067	1
0	499	192.690723083067	2
0	503	193.673772615172	1
0	505	193.673772615172	2
0	515	201.179143359228	1
0	517	201.179143359228	2
0	521	204.321952616501	1
0	523	204.321952616501	2
0	525	205.198446185346	1
0	527	205.198446185346	2
0	531	208.967531007624	1
0	533	208.967531007624	2
0	537	210.059509538727	1
0	539	210.059509538727	2
0	543	211.267330321004	1
0	545	211.267330321004	2
0	549	214.145742524863	1
0	551	214.145742524863	2
0	557	216.184918971493	1
0	559	216.184918971493	2
0	561	220.058205528491	1
0	563	220.058205528491	2
0	567	223.20531716751	1
0	569	223.20531716751	2
0	573	224.578181446552	1
0	575	224.578181446552	2
0	581	226.700962154646	1
0	583	226.700962154646	2
0	585	231.176599590725	1
0	587	231.176599590725	2
0	591	231.583967901897	1
0	593	231.583967901897	2
0	595	232.835372689292	1
0	597	232.835372689292	2
0	605	240.557109441524	1
0	607	240.557109441524	2
0	611	241.728701233608	1
0	613	241.728701233608	2
0	617	242.998407001504	1
0	619	242.998407001504	2
0	621	244.583993802456	1
0	623	244.583993802456	2
0	625	245.893952826229	1
0	627	245.893952826229	2
0	635	251.4351673669	1
0	637	251.4351673669	2
0	639	252.019584728811	1
0	641	252.019584728811	2
0	643	252.089996328475	1
0	645	252.089996328475	2
0	651	256.777677237788	1
0	653	256.777677237788	2
0	655	256.949256881509	1
0	657	256.949256881509	2
0	665	273.859934208465	1
0	667	273.859934208465	2
0	669	275.689582182458	1
0	671	275.689582182458	2
0	677	280.2234666204	1
0	679	280.2234666204	2
0	683	287.565307667061	1
0	685	287.565307667061	2
0	687	290.06092971816	1
0	689	290.06092971816	2
0	695	293.102953494337	1
0	697	293.102953494337	2
0	701	294.878949620144	1
0	703	294.878949620144	2
0	707	294.950213937793	1
0	709	294.950213937793	2
0	713	297.024913501769	1
0	715	297.024913501769	2
0	717	297.291768025251	1
0	719	297.291768025251	2
0	725	301.497558796461	1
0	727	301.497558796461	2
0	731	302.150778679771	1
0	733	302.150778679771	2
0	737	305.865240237927	1
0	739	305.865240237927	2
0	741	307.952987268014	1
0	743	307.952987268014	2
0	749	318.880716733427	1
0	751	318.880716733427	2
0	755	323.074114001406	1
0	757	323.074114001406	2
0	759	324.26990695266	1
0	761	324.26990695266	2
0	763	325.36595962396	1
0	765	325.36595962396	2
0	767	326.149958494739	1
0	769	326.149958494739	2
0	775	330.100278101075	1
0	777	330.100278101075	2
0	783	333.667390553949	1
0	785	333.667390553949	2
0	789	341.050542757236	1
0	791	341.050542757236	2
0	793	341.267138577901	1
0	795	341.267138577901	2
0	799	345.413692699723	1
0	801	345.413692699723	2
0	807	350.985103083647	1
0	809	350.985103083647	2
0	811	352.386339017582	1
0	813	352.386339017582	2
0	821	356.838590562138	1
0	823	356.838590562138	2
0	825	357.274375231218	1
0	827	357.274375231218	2
0	831	364.939406742024	1
0	833	364.939406742024	2
0	835	365.543139044186	1
0	837	365.543139044186	2
0	843	367.278507933408	1
0	845	367.278507933408	2
0	849	368.237131507195	1
0	851	368.237131507195	2
0	853	371.496544282438	1
0	855	371.496544282438	2
0	861	372.656024523685	1
0	863	372.656024523685	2
0	869	376.26898038772	1
0	871	376.26898038772	2
0	875	380.993250379323	1
0	877	380.993250379323	2
0	879	381.167329502903	1
0	881	381.167329502903	2
0	887	382.71420879812	1
0	889	382.71420879812	2
0	893	385.001213476021	1
0	895	385.001213476021	2
0	899	386.082999496082	1
0	901	386.082999496082	2
0	905	387.129618866475	1
0	907	387.129618866475	2
0	911	389.407424686846	1
0	913	389.407424686846	2
0	917	399.290141331223	1
0	919	399.290141331223	2
0	921	405.477019709783	1
0	923	405.477019709783	2
0	925	405.870553437819	1
0	927	405.870553437819	2
0	929	406.132222195254	1
0	931	406.132222195254	2
0	933	406.271778692292	1
0	935	406.271778692292	2
0	939	406.517631938603	1
0	941	406.517631938603	2
0	945	407.672014008166	1
0	947	407.672014008166	2
0	953	408.233568749896	1
0	955	408.233568749896	2
0	959	409.042741774352	1
0	961	409.042741774352	2
0	963	410.754470061165	1
0	965	410.754470061165	2
0	967	410.982635296395	1
0	969	410.982635296395	2
0	971	412.050826679472	1
0	973	412.050826679472	2
0	983	414.078003647137	1
0	985	414.078003647137	2
0	993	417.473649214018	1
0	995	417.473649214018	2
0	1001	422.996096051213	1
0	1003	422.996096051213	2
0	1007	427.867272289926	1
0	1009	427.867272289926	2
0	1013	429.756262655836	1
0	1015	429.756262655836	2
0	1017	431.910764879314	1
0	1019	431.910764879314	2
0	1025	434.625487432875	1
0	1027	434.625487432875	2
0	1031	440.599985495328	1
0	1033	440.599985495328	2
0	1037	444.210277370229	1
0	1039	444.210277370229	2
0	1043	444.695206677942	1
0	1045	444.695206677942	2
0	1047	447.171214352631	1
0	1049	447.171214352631	2
0	1053	447.666114877171	1
0	1055	447.666114877171	2
0	1059	448.711560029594	1
0	1061	448.711560029594	2
0	1067	450.70462552163	1
0	1069	450.70462552163	2
0	1071	451.571413034875	1
0	1073	451.571413034875	2
0	1077	453.479927387635	1
0	1079	453.479927387635	2
0	1083	456.979242436234	1
0	1085	456.979242436234	2
0	1089	458.12779291662	1
0	1091	458.12779291662	2
0	1097	463.941458456392	1
0	1099	463.941458456392	2
0	1101	468.043511686825	1
0	1103	468.043511686825	2
0	1105	468.313707318178	1
0	1107	468.313707318178	2
0	1109	470.095313677529	1
0	1111	470.095313677529	2
0	1119	477.784177473838	1
0	1121	477.784177473838	2
0	1125	484.571783413476	1
0	1127	484.571783413476	2
0	1133	494.104937043809	1
0	1135	494.104937043809	2
0	1137	496.595408008466	1
0	1139	496.595408008466	2
0	1143	497.782348425797	1
0	1145	497.782348425797	2
0	1149	498.841907089138	1
0	1151	498.841907089138	2
0	1155	499.85185353567	1
0	1157	499.85185353567	2
0	1163	501.447439276405	1
0	1165	501.447439276405	2
0	1169	506.812583491836	1
0	1171	506.812583491836	2
0	1175	513.017057801083	1
0	1177	513.017057801083	2
0	1179	515.059531524388	1
0	1181	515.059531524388	2
0	1187	517.346623700738	1
0	1189	517.346623700738	2
0	1191	520.621538540118	1
0	1193	520.621538540118	2
0	1199	524.208471644779	1
0	1201	524.208471644779	2
0	1203	527.410288382433	1
0	1205	527.410288382433	2
0	1207	528.21287109195	1
0	1209	528.21287109195	2
0	1213	528.721441657609	1
0	1215	528.721441657609	2
0	1223	534.103860002557	1
0	1225	534.103860002557	2
0	1229	537.295967668289	1
0	1231	537.295967668289	2
0	1233	537.781538887777	1
0	1235	537.781538887777	2
0	1239	541.701248431382	1
0	1241	541.701248431382	2
0	1243	541.964329695961	1
0	1245	541.964329695961	2
0	1247	542.73446967416	1
0	1249	542.73446967416	2
0	1255	543.673574375461	1
0	1257	543.673574375461	2
0	1261	545.110835740432	1
0	1263	545.110835740432	2
0	1269	547.650686094418	1
0	1271	547.650686094418	2
0	1273	547.798805050752	1
0	1275	547.798805050752	2
0	1279	550.372075485732	1
0	1281	550.372075485732	2
0	1285	551.834766848019	1
0	1287	551.834766848019	2
0	1295	556.022367371445	1
0	1297	556.022367371445	2
0	1299	556.621239076284	1
0	1301	556.621239076284	2
0	1307	559.997411745029	1
0	1309	559.997411745029	2
0	1313	561.897618226369	1
0	1315	561.897618226369	2
0	1317	563.808811370635	1
0	1319	563.808811370635	2
0	1325	565.965488521019	1
0	1327	565.965488521019	2
0	1331	581.760277874834	1
0	1333	581.760277874834	2
0	1337	592.716233581434	1
0	1339	592.716233581434	2
0	1341	597.29696491632	1
0	1343	597.29696491632	2
0	1345	598.32060331297	1
0	1347	598.32060331297	2
0	1353	601.184834167084	1
0	1355	601.184834167084	2
0	1361	605.086026092483	1
0	1363	605.086026092483	2
0	1365	605.37275127687	1
0	1367	605.37275127687	2
0	1369	605.821620523924	1
0	1371	605.821620523924	2
0	1377	607.492813581869	1
0	1379	607.492813581869	2
0	1385	616.474147863498	1
0	1387	616.474147863498	2
0	1391	620.812351255608	1
0	1393	620.812351255608	2
0	1395	623.861239159481	1
0	1397	623.861239159481	2
0	1403	628.518434379731	1
0	1405	628.518434379731	2
0	1409	630.178632785444	1
0	1411	630.178632785444	2
0	1415	631.433780303391	1
0	1417	631.433780303391	2
0	1419	631.997661115401	1
0	1421	631.997661115401	2
0	1427	636.447539532919	1
0	1429	636.447539532919	2
0	1433	643.340496328761	1
0	1435	643.340496328761	2
0	1439	647.766522572826	1
0	1441	647.766522572826	2
0	1445	648.246662578863	1
0	1447	648.246662578863	2
0	1449	648.823122953468	1
0	1451	648.823122953468	2
0	1453	649.514727382907	1
0	1455	649.514727382907	2
0	1461	657.407066946406	1
0	1463	657.407066946406	2
0	1467	658.249817332952	1
0	1469	658.249817332952	2
0	1475	662.572490318066	1
0	1477	662.572490318066	2
0	1479	663.631153022348	1
0	1481	663.631153022348	2
0	1487	672.217870564719	1
0	1489	672.217870564719	2
0	1491	673.417358243097	1
0	1493	673.417358243097	2
0	1499	685.0347849989	1
0	1501	685.0347849989	2
0	1505	688.442508467143	1
0	1507	688.442508467143	2
0	1509	688.837774129876	1
0	1511	688.837774129876	2
0	1517	695.083007468869	1
0	1519	695.083007468869	2
0	1521	698.921424202221	1
0	1523	698.921424202221	2
0	1529	708.580445767185	1
0	1531	708.580445767185	2
0	1533	710.156973279815	1
0	1535	710.156973279815	2
0	1539	713.914931736142	1
0	1541	713.914931736142	2
0	1547	722.331325070414	1
0	1549	722.331325070414	2
0	1553	724.251186955782	1
0	1555	724.251186955782	2
0	1557	727.550783432432	1
0	1559	727.550783432432	2
0	1561	730.294082222968	1
0	1563	730.294082222968	2
0	1567	733.201163186708	1
0	1569	733.201163186708	2
0	1577	744.829012627053	1
0	1579	744.829012627053	2
0	1583	747.234854074563	1
0	1585	747.234854074563	2
0	1589	754.74523223194	1
0	1591	754.74523223194	2
0	1595	765.136396153428	1
0	1597	765.136396153428	2
0	1599	766.742675689349	1
0	1601	766.742675689349	2
0	1603	768.617443842173	1
0	1605	768.617443842173	2
0	1609	768.980864097413	1
0	1611	768.980864097413	2
0	1613	769.183657524007	1
0	1615	769.183657524007	2
0	1619	771.706772295756	1
0	1621	771.706772295756	2
0	1625	772.851696846362	1
0	1627	772.851696846362	2
0	1629	773.699593638706	1
0	1631	773.699593638706	2
0	1639	775.671360727807	1
0	1641	775.671360727807	2
0	1645	777.495545376568	1
0	1647	777.495545376568	2
0	1653	781.228054179283	1
0	1655	781.228054179283	2
0	1657	781.321973215366	1
0	1659	781.321973215366	2
0	1665	782.744571385043	1
0	1667	782.744571385043	2
0	1671	786.448298786182	1
0	1673	786.448298786182	2
0	1679	788.286778103081	1
0	1681	788.286778103081	2
0	1683	788.502239998952	1
0	1685	788.502239998952	2
0	1689	790.982660367147	1
0	1691	790.982660367147	2
0	1695	791.122394644352	1
0	1697	791.122394644352	2
0	1703	803.859850810261	1
0	1705	803.859850810261	2
0	1709	805.607142713443	1
0	1711	805.607142713443	2
0	1713	806.941708331679	1
0	1715	806.941708331679	2
0	1721	812.279625126368	1
0	1723	812.279625126368	2
0	1727	815.554305655797	1
0	1729	815.554305655797	2
0	1733	819.357732124054	1
0	1735	819.357732124054	2
0	1739	822.12339238125	1
0	1741	822.12339238125	2
0	1743	823.518264328643	1
0	1745	823.518264328643	2
0	1747	825.20162158815	1
0	1749	825.20162158815	2
0	1753	826.82833477508	1
0	1755	826.82833477508	2
0	1759	828.695180266667	1
0	1761	828.695180266667	2
0	1769	836.2100486216	1
0	1771	836.2100486216	2
0	1775	839.189582028173	1
0	1777	839.189582028173	2
0	1779	839.287014545078	1
0	1781	839.287014545078	2
0	1783	841.200719947239	1
0	1785	841.200719947239	2
0	1793	843.582723685448	1
0	1795	843.582723685448	2
0	1797	843.784815295306	1
0	1799	843.784815295306	2
0	1805	858.175670356215	1
0	1807	858.175670356215	2
0	1811	860.654083364751	1
0	1813	860.654083364751	2
0	1817	863.972597110107	1
0	1819	863.972597110107	2
0	1823	870.73396130165	1
0	1825	870.73396130165	2
0	1827	871.242757935911	1
0	1829	871.242757935911	2
0	1831	871.737234476603	1
0	1833	871.737234476603	2
0	1841	878.458105333309	1
0	1843	878.458105333309	2
0	1845	879.870479263419	1
0	1847	879.870479263419	2
0	1853	885.235299270859	1
0	1855	885.235299270859	2
0	1857	885.249780281856	1
0	1859	885.249780281856	2
0	1865	888.213614258519	1
0	1867	888.213614258519	2
0	1869	888.694710680807	1
0	1871	888.694710680807	2
0	1873	890.280310921448	1
0	1875	890.280310921448	2
0	1879	892.796361871211	1
0	1881	892.796361871211	2
0	1885	894.480919248165	1
0	1887	894.480919248165	2
0	1893	898.803254518306	1
0	1895	898.803254518306	2
0	1897	899.861450283933	1
0	1899	899.861450283933	2
0	1907	909.588233565751	1
0	1909	909.588233565751	2
0	1911	910.272998666809	1
0	1913	910.272998666809	2
0	1917	913.076194296086	1
0	1919	913.076194296086	2
0	1921	913.500292689293	1
0	1923	913.500292689293	2
0	1931	920.80868646998	1
0	1933	920.80868646998	2
0	1937	924.095701145708	1
0	1939	924.095701145708	2
0	1943	929.519052719469	1
0	1945	929.519052719469	2
0	1947	929.737970361062	1
0	1949	929.737970361062	2
0	1951	931.333732779038	1
0	1953	931.333732779038	2
0	1955	931.619929670836	1
0	1957	931.619929670836	2
0	1967	935.998401034795	1
0	1969	935.998401034795	2
0	1971	936.072277081996	1
0	1973	936.072277081996	2
0	1979	938.631151070644	1
0	1981	938.631151070644	2
0	1983	939.310413151537	1
0	1985	939.310413151537	2
0	1987	939.320381969081	1
0	1989	939.320381969081	2
0	1991	939.914000596116	1
0	1993	939.914000596116	2
0	1995	940.311732463474	1
0	1997	940.311732463474	2
0	2003	945.185575100627	1
0	2005	945.185575100627	2
0	2013	948.021288970853	1
0	2015	948.021288970853	2
0	2021	952.694638135839	1
0	2023	952.694638135839	2
0	2025	955.416364689616	1
0	2027	955.416364689616	2
0	2029	955.593334534314	1
0	2031	955.593334534314	2
0	2039	958.733802086922	1
0	2041	958.733802086922	2
0	2045	961.08110557537	1
0	2047	961.08110557537	2
0	2051	965.871832234435	1
0	2053	965.871832234435	2
0	2055	966.870141502875	1
0	2057	966.870141502875	2
0	2063	975.597388292602	1
0	2065	975.597388292602	2
0	2069	984.674217515614	1
0	2071	984.674217515614	2
0	2073	985.467733636546	1
0	2075	985.467733636546	2
0	2077	985.628134909136	1
0	2079	985.628134909136	2
0	2083	987.325346454505	1
0	2085	987.325346454505	2
0	2091	992.236304915675	1
0	2093	992.236304915675	2
0	2095	992.694853543719	1
0	2097	992.694853543719	2
0	2099	993.083799308175	1
0	2101	993.083799308175	2
0	2103	993.102353203679	1
0	2105	993.102353203679	2
0	2107	993.998778631519	1
0	2109	993.998778631519	2
0	2115	995.052181290611	1
0	2117	995.052181290611	2
1	271	100.527613309349	7.3259669448
1	281	103.819127251536	7.548482818004
1	285	104.045749084789	3.51813577544
1	289	104.209373779342	0.390246527806
1	299	114.698350894064	10.652601809275
1	305	117.989950471335	13.780576691993
1	311	123.881341869302	9.182990975238
1	317	126.463446069058	8.473495597723
1	321	126.852080263616	2.970738394314
1	329	131.021853254218	4.55840718516
1	333	132.599264935257	5.747184671641
1	339	135.296831888042	4.274978633824
1	345	137.100539401499	4.501274466242
1	351	138.673972242649	3.377140354607
1	355	138.74140628508	1.640866883581
1	361	140.272600747404	1.598628504755
1	369	142.5278718374	3.78646555232
1	373	142.568094421236	2.295493673832
1	379	144.408332554889	1.880460717489
1	383	144.555681233056	1.98758681182
1	387	145.266299320474	0.857966765585
1	401	150.843590745393	6.287909512337
1	405	154.098398429937	8.832099109463
1	411	157.253460683924	6.409869938531
1	419	163.104054606035	9.005656176098
1	423	163.163711298427	5.910250614503
1	431	177.125062901019	14.021008294984
1	435	177.569072013115	14.405360714688
1	443	181.452660319089	4.32759741807
1	447	182.411174356362	4.842102343247
1	451	185.653644785614	4.200984466525
1	461	187.028675909725	4.617501553363
1	465	187.756921960998	2.103277175384
1	469	188.681926035715	1.65325012599
1	475	189.798283726073	2.041361765075
1	479	190.480585721518	1.798659685803
1	487	191.380725962939	1.582442236866
1	493	192.515525730318	2.0349400088
1	497	192.690723083067	1.309997120128
1	503	193.673772615172	1.158246884854
1	515	201.179143359228	8.488420276161
1	521	204.321952616501	10.648180001329
1	525	205.198446185346	4.019302826118
1	531	208.967531007624	4.645578391123
1	537	210.059509538727	4.861063353381
1	543	211.267330321004	2.29979931338
1	549	214.145742524863	4.086232986136
1	557	216.184918971493	4.917588650489
1	561	220.058205528491	5.912463003628
1	567	223.20531716751	7.020398196017
1	573	224.578181446552	4.519975918061
1	581	226.700962154646	3.495644987136
1	585	231.176599590725	6.598418144173
1	591	231.583967901897	4.883005747251
1	595	232.835372689292	1.658773098567
1	605	240.557109441524	8.973141539627
1	611	241.728701233608	8.893328544316
1	617	242.998407001504	2.44129755998
1	621	244.583993802456	2.855292568848
1	625	245.893952826229	2.895545824725
1	635	251.4351673669	6.851173564444
1	639	252.019584728811	6.125631902582
1	643	252.089996328475	0.654828961575
1	651	256.777677237788	4.758092508977
1	655	256.949256881509	4.859260553034
1	665	273.859934208465	17.082256970677
1	669	275.689582182458	18.740325300949
1	677	280.2234666204	6.363532411935
1	683	287.565307667061	11.875725484603
1	687	290.06092971816	9.83746309776
1	695	293.102953494337	5.537645827276
1	701	294.878949620144	4.818019901984
1	707	294.950213937793	1.847260443456
1	713	297.024913501769	2.145963881625
1	717	297.291768025251	2.341554087458
1	725	301.497558796461	4.472645294692
1	731	302.150778679771	4.85901065452
1	737	305.865240237927	4.367681441466
1	741	307.952987268014	5.802208588243
1	749	318.880716733427	13.0154764955
1	755	323.074114001406	15.121126733392
1	759	324.26990695266	5.389190219233
1	763	325.36595962396	2.291845622554
1	767	326.149958494739	1.880051542079
1	775	330.100278101075	4.734318477115
1	783	333.667390553949	7.51743205921
1	789	341.050542757236	10.950264656161
1	793	341.267138577901	7.599748023952
1	799	345.413692699723	4.363149942487
1	807	350.985103083647	9.717964505746
1	811	352.386339017582	6.972646317859
1	821	356.838590562138	5.853487478491
1	825	357.274375231218	4.888036213636
1	831	364.939406742024	8.100816179886
1	835	365.543139044186	8.268763812968
1	843	367.278507933408	2.339101191384
1	849	368.237131507195	2.693992463009
1	853	371.496544282438	4.21803634903
1	861	372.656024523685	4.41889301649
1	869	376.26898038772	4.772436105282
1	875	380.993250379323	8.337225855638
1	879	381.167329502903	4.898349115183
1	887	382.71420879812	1.720958418797
1	893	385.001213476021	3.833883973118
1	899	386.082999496082	3.368790697962
1	905	387.129618866475	2.128405390454
1	911	389.407424686846	3.324425190764
1	917	399.290141331223	12.160522464748
1	921	405.477019709783	16.069595022937
1	925	405.870553437819	6.580412106596
1	929	406.132222195254	0.655202485471
1	933	406.271778692292	0.401225254473
1	939	406.517631938603	0.385409743349
1	945	407.672014008166	1.400235315874
1	953	408.233568749896	1.715936811293
1	959	409.042741774352	1.370727766186
1	963	410.754470061165	2.520901311269
1	967	410.982635296395	1.939893522043
1	971	412.050826679472	1.296356618307
1	983	414.078003647137	3.095368350742
1	993	417.473649214018	5.422822534546
1	1001	422.996096051213	8.918092404076
1	1007	427.867272289926	10.393623075908
1	1013	429.756262655836	6.760166604623
1	1017	431.910764879314	4.043492589388
1	1025	434.625487432875	4.869224777039
1	1031	440.599985495328	8.689220616014
1	1037	444.210277370229	9.584789937354
1	1043	444.695206677942	4.095221182614
1	1047	447.171214352631	2.960936982402
1	1053	447.666114877171	2.970908199229
1	1059	448.711560029594	1.540345676963
1	1067	450.70462552163	3.038510644459
1	1071	451.571413034875	2.859853005281
1	1077	453.479927387635	2.775301866005
1	1083	456.979242436234	5.407829401359
1	1089	458.12779291662	4.647865528985
1	1097	463.941458456392	6.962216020158
1	1101	468.043511686825	9.915718770205
1	1105	468.313707318178	4.372248861786
1	1109	470.095313677529	2.051801990704
1	1119	477.784177473838	9.47047015566
1	1125	484.571783413476	14.476469735947
1	1133	494.104937043809	16.320759569971
1	1137	496.595408008466	12.02362459499
1	1143	497.782348425797	3.677411381988
1	1149	498.841907089138	2.246499080672
1	1155	499.85185353567	2.069505109873
1	1163	501.447439276405	2.605532187267
1	1169	506.812583491836	6.960729956166
1	1175	513.017057801083	11.569618524678
1	1179	515.059531524388	8.246948032552
1	1187	517.346623700738	4.329565899655
1	1191	520.621538540118	5.56200701573
1	1199	524.208471644779	6.861847944041
1	1203	527.410288382433	6.788749842315
1	1207	528.21287109195	4.004399447171
1	1213	528.721441657609	1.311153275176
1	1223	534.103860002557	5.890988910607
1	1229	537.295967668289	8.57452601068
1	1233	537.781538887777	3.67767888522
1	1239	541.701248431382	4.405280763093
1	1243	541.964329695961	4.182790808184
1	1247	542.73446967416	1.033221242778
1	1255	543.673574375461	1.7092446795
1	1261	545.110835740432	2.376366066272
1	1269	547.650686094418	3.977111718957
1	1273	547.798805050752	2.68796931032
1	1279	550.372075485732	2.721389391314
1	1285	551.834766848019	4.035961797267
1	1295	556.022367371445	5.650291885713
1	1299	556.621239076284	4.786472228265
1	1307	559.997411745029	3.975044373584
1	1313	561.897618226369	5.276379150085
1	1317	563.808811370635	3.811399625606
1	1325	565.965488521019	4.06787029465
1	1331	581.760277874834	17.951466504199
1	1337	592.716233581434	26.750745060415
1	1341	597.29696491632	15.536687041486
1	1345	598.32060331297	5.604369731536
1	1353	601.184834167084	3.887869250764
1	1361	605.086026092483	6.765422779513
1	1365	605.37275127687	4.187917109786
1	1369	605.821620523924	0.735594431441
1	1377	607.492813581869	2.120062304999
1	1385	616.474147863498	10.652527339574
1	1391	620.812351255608	13.319537673739
1	1395	623.861239159481	7.387091295983
1	1403	628.518434379731	7.706083124123
1	1409	630.178632785444	6.317393625963
1	1415	631.433780303391	2.91534592366
1	1419	631.997661115401	1.819028329957
1	1427	636.447539532919	5.013759229528
1	1433	643.340496328761	11.34283521336
1	1439	647.766522572826	11.318983039907
1	1445	648.246662578863	4.906166250102
1	1449	648.823122953468	1.056600380642
1	1453	649.514727382907	1.268064804044
1	1461	657.407066946406	8.583943992938
1	1467	658.249817332952	8.735089950045
1	1475	662.572490318066	5.16542337166
1	1479	663.631153022348	5.381335689396
1	1487	672.217870564719	9.645380246653
1	1491	673.417358243097	9.786205220749
1	1499	685.0347849989	12.816914434181
1	1505	688.442508467143	15.025150224046
1	1509	688.837774129876	3.802989130976
1	1517	695.083007468869	6.640499001726
1	1521	698.921424202221	10.083650072345
1	1529	708.580445767185	13.497438298316
1	1533	710.156973279815	11.235549077594
1	1539	713.914931736142	5.334485968957
1	1547	722.331325070414	12.174351790599
1	1553	724.251186955782	10.33625521964
1	1557	727.550783432432	5.219458362018
1	1561	730.294082222968	6.042895267186
1	1567	733.201163186708	5.650379754276
1	1577	744.829012627053	14.534930404085
1	1583	747.234854074563	14.033690887855
1	1589	754.74523223194	9.916219604887
1	1595	765.136396153428	17.901542078865
1	1599	766.742675689349	11.997443457409
1	1603	768.617443842173	3.481047688745
1	1609	768.980864097413	2.238188408064
1	1613	769.183657524007	0.566213681834
1	1619	771.706772295756	2.725908198343
1	1625	772.851696846362	3.668039322355
1	1629	773.699593638706	1.99282134295
1	1639	775.671360727807	2.819663881445
1	1645	777.495545376568	3.795951737862
1	1653	781.228054179283	5.556693451476
1	1657	781.321973215366	3.826427838798
1	1665	782.744571385043	1.51651720576
1	1671	786.448298786182	5.126325570816
1	1679	788.286778103081	5.542206718038
1	1683	788.502239998952	2.05394121277
1	1689	790.982660367147	2.695882264066
1	1695	791.122394644352	2.6201546454
1	1703	803.859850810261	12.877190443114
1	1709	805.607142713443	14.484748069091
1	1713	806.941708331679	3.081857521418
1	1721	812.279625126368	6.672482412925
1	1727	815.554305655797	8.612597324118
1	1733	819.357732124054	7.078106997686
1	1739	822.12339238125	6.569086725453
1	1743	823.518264328643	4.160532204589
1	1747	825.20162158815	3.0782292069
1	1753	826.82833477508	3.310070446437
1	1759	828.695180266667	3.493558678517
1	1769	836.2100486216	9.38171384652
1	1775	839.189582028173	10.494401761506
1	1779	839.287014545078	3.076965923478
1	1783	841.200719947239	2.011137919066
1	1793	843.582723685448	4.29570914037
1	1797	843.784815295306	2.584095348067
1	1805	858.175670356215	14.592946670767
1	1811	860.654083364751	16.869268069445
1	1817	863.972597110107	5.796926753892
1	1823	870.73396130165	10.079877936899
1	1827	871.242757935911	7.270160825804
1	1831	871.737234476603	1.003273174953
1	1841	878.458105333309	7.215347397398
1	1845	879.870479263419	8.133244786816
1	1853	885.235299270859	6.77719393755
1	1857	885.249780281856	5.379301018437
1	1865	888.213614258519	2.97831498766
1	1869	888.694710680807	3.444930398951
1	1873	890.280310921448	2.066696662929
1	1879	892.796361871211	4.101651190404
1	1885	894.480919248165	4.200608326717
1	1893	898.803254518306	6.006892647095
1	1897	899.861450283933	5.380531035768
1	1907	909.588233565751	10.784979047445
1	1911	910.272998666809	10.411548382876
1	1917	913.076194296086	3.487960730335
1	1921	913.500292689293	3.227294022484
1	1931	920.80868646998	7.732492173894
1	1937	924.095701145708	10.595408456415
1	1943	929.519052719469	8.710366249489
1	1947	929.737970361062	5.642269215354
1	1951	931.333732779038	1.814680059569
1	1955	931.619929670836	1.881959309774
1	1967	935.998401034795	4.664668255757
1	1971	936.072277081996	4.45234741116
1	1979	938.631151070644	2.632750035849
1	1983	939.310413151537	3.238136069541
1	1987	939.320381969081	0.689230898437
1	1991	939.914000596116	0.603587444579
1	1995	940.311732463474	0.991350494393
1	2003	945.185575100627	5.271574504511
1	2013	948.021288970853	7.709556507379
1	2021	952.694638135839	7.509063035212
1	2025	955.416364689616	7.395075718763
1	2029	955.593334534314	2.898696398475
1	2039	958.733802086922	3.317437397306
1	2045	961.08110557537	5.487771041056
1	2051	965.871832234435	7.138030147513
1	2055	966.870141502875	5.789035927505
1	2063	975.597388292602	9.725556058167
1	2069	984.674217515614	17.804076012739
1	2073	985.467733636546	9.870345343944
1	2077	985.628134909136	0.953917393522
1	2083	987.325346454505	1.857612817959
1	2091	992.236304915675	6.608170006539
1	2095	992.694853543719	5.369507089214
1	2099	993.083799308175	0.8474943925
1	2103	993.102353203679	0.40749965996
1	2107	993.998778631519	0.914979323344
1	2115	995.052181290611	1.949828086932
2	272	100.527613309349	24
2	276	101.578124142961	25
2	278	102.712545525587	26
2	280	102.718505974666	27
2	282	103.819127251536	26
2	286	104.045749084789	25
2	290	104.209373779342	24
2	294	104.324406424701	25
2	296	105.973759193938	26
2	298	107.288667819614	27
2	300	114.698350894064	26
2	304	115.124495467925	27
2	306	117.989950471335	26
2	310	122.353487779438	27
2	312	123.881341869302	26
2	316	124.120882336677	27
2	318	126.463446069058	26
2	322	126.852080263616	25
2	326	127.669556234879	26
2	328	130.268992095934	27
2	330	131.021853254218	26
2	334	132.599264935257	25
2	338	133.157088878782	26
2	340	135.296831888042	25
2	344	135.793168576182	26
2	346	137.100539401499	25
2	350	138.061649097523	26
2	352	138.673972242649	25
2	356	138.74140628508	24
2	360	140.256640948819	25
2	362	140.272600747404	24
2	366	140.283527040234	25
2	368	140.909323809829	26
2	370	142.5278718374	25
2	374	142.568094421236	24
2	378	142.877307692787	25
2	380	144.408332554889	24
2	384	144.555681233056	23
2	388	145.266299320474	22
2	392	145.503891864763	23
2	394	146.268009200663	24
2	396	146.299538626994	25
2	398	146.671462483692	26
2	400	149.946743755607	27
2	402	150.843590745393	26
2	406	154.098398429937	25
2	410	156.47914474827	26
2	412	157.253460683924	25
2	416	158.124265995108	26
2	418	158.192527316868	27
2	420	163.104054606035	26
2	424	163.163711298427	25
2	428	163.18762982483	26
2	430	163.856699072737	27
2	432	177.125062901019	26
2	436	177.569072013115	25
2	440	178.105201779848	26
2	442	179.806342492296	27
2	444	181.452660319089	26
2	448	182.411174356362	25
2	452	185.653644785614	24
2	456	186.209170919031	25
2	458	186.888849172077	26
2	460	186.893353716405	27
2	462	187.028675909725	26
2	466	187.756921960998	25
2	470	188.681926035715	24
2	474	188.982477589734	25
2	476	189.798283726073	24
2	480	190.480585721518	23
2	484	190.524744422709	24
2	486	190.600165010594	25
2	488	191.380725962939	24
2	492	191.398753359885	25
2	494	192.515525730318	24
2	498	192.690723083067	23
2	502	192.755547253565	24
2	504	193.673772615172	23
2	508	195.652187062324	24
2	510	195.901763307984	25
2	512	196.917926141901	26
2	514	197.775047445707	27
2	516	201.179143359228	26
2	520	201.476747234642	27
2	522	204.321952616501	26
2	526	205.198446185346	25
2	530	205.557328403733	26
2	532	208.967531007624	25
2	536	209.658409539827	26
2	538	210.059509538727	25
2	542	210.635265823551	26
2	544	211.267330321004	25
2	548	211.477403341678	26
2	550	214.145742524863	25
2	554	214.248531919436	26
2	556	215.957952256988	27
2	558	216.184918971493	26
2	562	220.058205528491	25
2	566	220.953401037905	26
2	568	223.20531716751	25
2	572	223.566313668652	26
2	574	224.578181446552	25
2	578	224.856349482151	26
2	580	225.236227351185	27
2	582	226.700962154646	26
2	586	231.176599590725	25
2	590	231.441002890578	26
2	592	231.583967901897	25
2	596	232.835372689292	24
2	600	233.485172587942	25
2	602	235.021141961409	26
2	604	237.749080094142	27
2	606	240.557109441524	26
2	610	240.825723345437	27
2	612	241.728701233608	26
2	616	242.569349338773	27
2	618	242.998407001504	26
2	622	244.583993802456	25
2	626	245.893952826229	24
2	630	246.527600294469	25
2	632	246.53777085473	26
2	634	249.697740476262	27
2	636	251.4351673669	26
2	640	252.019584728811	25
2	644	252.089996328475	24
2	648	252.310415299853	25
2	650	256.330317831759	26
2	652	256.777677237788	25
2	656	256.949256881509	24
2	660	258.106275771942	25
2	662	261.088136112439	26
2	664	261.639092518894	27
2	666	273.859934208465	26
2	670	275.689582182458	25
2	674	277.706799786143	26
2	676	278.564554403157	27
2	678	280.2234666204	26
2	682	281.277892168205	27
2	684	287.565307667061	26
2	688	290.06092971816	25
2	692	290.328925098953	26
2	694	290.813826583474	27
2	696	293.102953494337	26
2	700	294.566589415091	27
2	702	294.878949620144	26
2	706	294.898808197957	27
2	708	294.950213937793	26
2	712	296.28053106898	27
2	714	297.024913501769	26
2	718	297.291768025251	25
2	722	297.682048140306	26
2	724	298.872743671538	27
2	726	301.497558796461	26
2	730	301.845682999892	27
2	732	302.150778679771	26
2	736	302.419578529592	27
2	738	305.865240237927	26
2	742	307.952987268014	25
2	746	308.559371979595	26
2	748	309.995407171535	27
2	750	318.880716733427	26
2	754	318.926323834837	27
2	756	323.074114001406	26
2	760	324.26990695266	25
2	764	325.36595962396	24
2	768	326.149958494739	23
2	772	327.27456056792	24
2	774	327.989034390766	25
2	776	330.100278101075	24
2	780	330.425670942907	25
2	782	332.078567877585	26
2	784	333.667390553949	25
2	788	334.154996952708	26
2	790	341.050542757236	25
2	794	341.267138577901	24
2	798	341.667609295276	25
2	800	345.413692699723	24
2	804	346.710912982317	25
2	806	349.174954762518	26
2	808	350.985103083647	25
2	812	352.386339017582	24
2	816	353.256933680537	25
2	818	353.559267155365	26
2	820	356.649473130548	27
2	822	356.838590562138	26
2	826	357.274375231218	25
2	830	361.764742973807	26
2	832	364.939406742024	25
2	836	365.543139044186	24
2	840	366.955043354495	25
2	842	367.265567436889	26
2	844	367.278507933408	25
2	848	367.618534978618	26
2	850	368.237131507195	25
2	854	371.496544282438	24
2	858	371.879588594555	25
2	860	372.123727838105	26
2	862	372.656024523685	25
2	866	373.02224211692	26
2	868	373.503056974049	27
2	870	376.26898038772	26
2	874	379.225766889781	27
2	876	380.993250379323	26
2	880	381.167329502903	25
2	884	381.364010388043	26
2	886	382.414081990529	27
2	888	382.71420879812	26
2	892	384.115585563493	27
2	894	385.001213476021	26
2	898	385.232231979971	27
2	900	386.082999496082	26
2	904	386.219378901091	27
2	906	387.129618866475	26
2	910	388.169843120351	27
2	912	389.407424686846	26
2	916	393.62131930029	27
2	918	399.290141331223	26
2	922	405.477019709783	25
2	926	405.870553437819	24
2	930	406.132222195254	23
2	934	406.271778692292	22
2	938	406.403536499925	23
2	940	406.517631938603	22
2	944	406.794440904491	23
2	946	407.672014008166	22
2	950	407.969716674255	23
2	952	408.142670896863	24
2	954	408.233568749896	23
2	958	408.478798890405	24
2	960	409.042741774352	23
2	964	410.754470061165	22
2	968	410.982635296395	21
2	972	412.050826679472	20
2	976	412.22726248537	21
2	978	412.554141170752	22
2	980	413.066109622787	23
2	982	413.226565105745	24
2	984	414.078003647137	23
2	988	414.492760809829	24
2	990	415.033385369108	25
2	992	417.128583688448	26
2	994	417.473649214018	25
2	998	419.124203631144	26
2	1000	421.295542705881	27
2	1002	422.996096051213	26
2	1006	423.203604004061	27
2	1008	427.867272289926	26
2	1012	427.913651670095	27
2	1014	429.756262655836	26
2	1018	431.910764879314	25
2	1022	432.126585422492	26
2	1024	432.200921786985	27
2	1026	434.625487432875	26
2	1030	435.190642897645	27
2	1032	440.599985495328	26
2	1036	441.817598839716	27
2	1038	444.210277370229	26
2	1042	444.582613622911	27
2	1044	444.695206677942	26
2	1048	447.171214352631	25
2	1052	447.175837030317	26
2	1054	447.666114877171	25
2	1058	448.676066749992	26
2	1060	448.711560029594	25
2	1064	448.758852070709	26
2	1066	450.234787212275	27
2	1068	450.70462552163	26
2	1072	451.571413034875	25
2	1076	452.376346696164	26
2	1078	453.479927387635	25
2	1082	455.203627945164	26
2	1084	456.979242436234	25
2	1088	458.08149826983	26
2	1090	458.12779291662	25
2	1094	458.298524669295	26
2	1096	459.858875704597	27
2	1098	463.941458456392	26
2	1102	468.043511686825	25
2	1106	468.313707318178	24
2	1110	470.095313677529	23
2	1114	470.965002628412	24
2	1116	471.857469498311	25
2	1118	472.290797104101	26
2	1120	477.784177473838	25
2	1124	479.487937689663	26
2	1126	484.571783413476	25
2	1130	485.024143035094	26
2	1132	488.124271544104	27
2	1134	494.104937043809	26
2	1138	496.595408008466	25
2	1142	496.810465134846	26
2	1144	497.782348425797	25
2	1148	497.837376499887	26
2	1150	498.841907089138	25
2	1154	499.026017386105	26
2	1156	499.85185353567	25
2	1160	500.56925419536	26
2	1162	501.204278824488	27
2	1164	501.447439276405	26
2	1168	502.344572460283	27
2	1170	506.812583491836	26
2	1174	506.892006566064	27
2	1176	513.017057801083	26
2	1180	515.059531524388	25
2	1184	516.861008810406	26
2	1186	516.973859389247	27
2	1188	517.346623700738	26
2	1192	520.621538540118	25
2	1196	522.886120932518	26
2	1198	523.314110526815	27
2	1200	524.208471644779	26
2	1204	527.410288382433	25
2	1208	528.21287109195	24
2	1212	528.564786901597	25
2	1214	528.721441657609	24
2	1218	529.368086686103	25
2	1220	529.626064024538	26
2	1222	529.879219408514	27
2	1224	534.103860002557	26
2	1228	535.763954828912	27
2	1230	537.295967668289	26
2	1234	537.781538887777	25
2	1238	539.741623684495	26
2	1240	541.701248431382	25
2	1244	541.964329695961	24
2	1248	542.73446967416	23
2	1252	542.98701069162	24
2	1254	543.26472042136	25
2	1256	543.673574375461	24
2	1260	543.983062303934	25
2	1262	545.110835740432	24
2	1266	545.402887787491	25
2	1268	547.021089631863	26
2	1270	547.650686094418	25
2	1274	547.798805050752	24
2	1278	548.019278030719	25
2	1280	550.372075485732	24
2	1284	550.709612311368	25
2	1286	551.834766848019	24
2	1290	552.591728453062	25
2	1292	552.790695372878	26
2	1294	553.960755727465	27
2	1296	556.022367371445	26
2	1300	556.621239076284	25
2	1304	557.717361735038	26
2	1306	558.121297882517	27
2	1308	559.997411745029	26
2	1312	561.867467639549	27
2	1314	561.897618226369	26
2	1318	563.808811370635	25
2	1322	563.906716225944	26
2	1324	564.954194257722	27
2	1326	565.965488521019	26
2	1330	568.275700922952	27
2	1332	581.760277874834	26
2	1336	586.045405554167	27
2	1338	592.716233581434	26
2	1342	597.29696491632	25
2	1346	598.32060331297	24
2	1350	598.406256698188	25
2	1352	598.749136754651	26
2	1354	601.184834167084	25
2	1358	602.106241680534	26
2	1360	603.422532293279	27
2	1362	605.086026092483	26
2	1366	605.37275127687	25
2	1370	605.821620523924	24
2	1374	606.056165171816	25
2	1376	606.783793577494	26
2	1378	607.492813581869	25
2	1382	608.417476328911	26
2	1384	610.81030897469	27
2	1386	616.474147863498	26
2	1390	619.151360325863	27
2	1392	620.812351255608	26
2	1396	623.861239159481	25
2	1400	624.792242060372	26
2	1402	625.232838216824	27
2	1404	628.518434379731	26
2	1408	628.541110330781	27
2	1410	630.178632785444	26
2	1414	631.203149008448	27
2	1416	631.433780303391	26
2	1420	631.997661115401	25
2	1424	632.978083215579	26
2	1426	634.971733749501	27
2	1428	636.447539532919	26
2	1432	638.243793221782	27
2	1434	643.340496328761	26
2	1438	645.15398813211	27
2	1440	647.766522572826	26
2	1444	647.827435569268	27
2	1446	648.246662578863	26
2	1450	648.823122953468	25
2	1454	649.514727382907	24
2	1458	651.372835422208	25
2	1460	652.301855547623	26
2	1462	657.407066946406	25
2	1466	658.097907637698	26
2	1468	658.249817332952	25
2	1472	658.296924694855	26
2	1474	659.890966800156	27
2	1476	662.572490318066	26
2	1480	663.631153022348	25
2	1484	664.202489297371	26
2	1486	666.036066620632	27
2	1488	672.217870564719	26
2	1492	673.417358243097	25
2	1496	674.395979036618	26
2	1498	675.437124837168	27
2	1500	685.0347849989	26
2	1504	685.884731536579	27
2	1506	688.442508467143	26
2	1510	688.837774129876	25
2	1514	688.939098749977	26
2	1516	691.576105090919	27
2	1518	695.083007468869	26
2	1522	698.921424202221	25
2	1526	700.461216666239	26
2	1528	701.446089403476	27
2	1530	708.580445767185	26
2	1534	710.156973279815	25
2	1538	713.762016915536	26
2	1540	713.914931736142	25
2	1544	714.186041556535	26
2	1546	718.059282953187	27
2	1548	722.331325070414	26
2	1552	722.519547518589	27
2	1554	724.251186955782	26
2	1558	727.550783432432	25
2	1562	730.294082222968	24
2	1566	730.68011811121	25
2	1568	733.201163186708	24
2	1572	733.701874562298	25
2	1574	734.339847391336	26
2	1576	734.518795328655	27
2	1578	744.829012627053	26
2	1582	745.369363970183	27
2	1584	747.234854074563	26
2	1588	747.359896072912	27
2	1590	754.74523223194	26
2	1594	757.119859674972	27
2	1596	765.136396153428	26
2	1600	766.742675689349	25
2	1604	768.617443842173	24
2	1608	768.90027814954	25
2	1610	768.980864097413	24
2	1614	769.183657524007	23
2	1618	771.556424896044	24
2	1620	771.706772295756	23
2	1624	771.738029734818	24
2	1626	772.851696846362	23
2	1630	773.699593638706	22
2	1634	774.328646163004	23
2	1636	774.837534272618	24
2	1638	775.272481821584	25
2	1640	775.671360727807	24
2	1644	776.110584662938	25
2	1646	777.495545376568	24
2	1650	777.723239736076	25
2	1652	778.013420343526	26
2	1654	781.228054179283	25
2	1658	781.321973215366	24
2	1662	781.758350447184	25
2	1664	781.907933096439	26
2	1666	782.744571385043	25
2	1670	783.580648849198	26
2	1672	786.448298786182	25
2	1676	786.540930504794	26
2	1678	787.139616015235	27
2	1680	788.286778103081	26
2	1684	788.502239998952	25
2	1688	790.375779678544	26
2	1690	790.982660367147	25
2	1694	791.047648579547	26
2	1696	791.122394644352	25
2	1700	792.083144992763	26
2	1702	793.113049747717	27
2	1704	803.859850810261	26
2	1708	804.269505429598	27
2	1710	805.607142713443	26
2	1714	806.941708331679	25
2	1718	808.337812462083	26
2	1720	808.574896670171	27
2	1722	812.279625126368	26
2	1726	813.202620470116	27
2	1728	815.554305655797	26
2	1732	816.067445931051	27
2	1734	819.357732124054	26
2	1738	820.999512777371	27
2	1740	822.12339238125	26
2	1744	823.518264328643	25
2	1748	825.20162158815	24
2	1752	825.303660460665	25
2	1754	826.82833477508	24
2	1758	828.274939212269	25
2	1760	828.695180266667	24
2	1764	829.564796020597	25
2	1766	829.618814312959	26
2	1768	832.97037366527	27
2	1770	836.2100486216	26
2	1774	838.018841094817	27
2	1776	839.189582028173	26
2	1780	839.287014545078	25
2	1784	841.200719947239	24
2	1788	841.800700609774	25
2	1790	842.970549554544	26
2	1792	843.54667614771	27
2	1794	843.582723685448	26
2	1798	843.784815295306	25
2	1802	844.677527209152	26
2	1804	845.891027211174	27
2	1806	858.175670356215	26
2	1810	858.239413876635	27
2	1812	860.654083364751	26
2	1816	862.466198108324	27
2	1818	863.972597110107	26
2	1822	865.752150968953	27
2	1824	870.73396130165	26
2	1828	871.242757935911	25
2	1832	871.737234476603	24
2	1836	871.767520081144	25
2	1838	873.972286042461	26
2	1840	876.679083455785	27
2	1842	878.458105333309	26
2	1846	879.870479263419	25
2	1850	880.393772789601	26
2	1852	880.955001171416	27
2	1854	885.235299270859	26
2	1858	885.249780281856	25
2	1862	886.325111153838	26
2	1864	887.725274817007	27
2	1866	888.213614258519	26
2	1870	888.694710680807	25
2	1874	890.280310921448	24
2	1878	891.042920621511	25
2	1880	892.796361871211	24
2	1884	894.281351191748	25
2	1886	894.480919248165	24
2	1890	896.868180008726	25
2	1892	897.361325858279	26
2	1894	898.803254518306	25
2	1898	899.861450283933	24
2	1902	900.185724368732	25
2	1904	905.685055136361	26
2	1906	908.084126828967	27
2	1908	909.588233565751	26
2	1912	910.272998666809	25
2	1916	912.235612775961	26
2	1918	913.076194296086	25
2	1922	913.500292689293	24
2	1926	914.334618564362	25
2	1928	918.107078741267	26
2	1930	920.538907619594	27
2	1932	920.80868646998	26
2	1936	921.16096765711	27
2	1938	924.095701145708	26
2	1942	924.876676713885	27
2	1944	929.519052719469	26
2	1948	929.737970361062	25
2	1952	931.333732779038	24
2	1956	931.619929670836	23
2	1960	932.183961262993	24
2	1962	933.81625200223	25
2	1964	934.541978536219	26
2	1966	935.808588048017	27
2	1968	935.998401034795	26
2	1972	936.072277081996	25
2	1976	936.167587922197	26
2	1978	936.189778567528	27
2	1980	938.631151070644	26
2	1984	939.310413151537	25
2	1988	939.320381969081	24
2	1992	939.914000596116	23
2	1996	940.311732463474	22
2	2000	940.566965607906	23
2	2002	943.298000725687	24
2	2004	945.185575100627	23
2	2008	945.613729389466	24
2	2010	945.771828205535	25
2	2012	947.536145271127	26
2	2014	948.021288970853	25
2	2018	948.748569213242	26
2	2020	949.367697303523	27
2	2022	952.694638135839	26
2	2026	955.416364689616	25
2	2030	955.593334534314	24
2	2034	956.028577025372	25
2	2036	956.182318175583	26
2	2038	957.697811173382	27
2	2040	958.733802086922	26
2	2044	960.631377239162	27
2	2046	961.08110557537	26
2	2050	962.640023355039	27
2	2052	965.871832234435	26
2	2056	966.870141502875	25
2	2060	968.680420788464	26
2	2062	969.096262116961	27
2	2064	975.597388292602	26
2	2068	980.528485893317	27
2	2070	984.674217515614	26
2	2074	985.467733636546	25
2	2078	985.628134909136	24
2	2082	985.761490897363	25
2	2084	987.325346454505	24
2	2088	988.69193276369	25
2	2090	990.893832870813	26
2	2092	992.236304915675	25
2	2096	992.694853543719	24
2	2100	993.083799308175	23
2	2104	993.102353203679	22
2	2108	993.998778631519	21
2	2112	994.195403116445	22
2	2114	994.657575943515	23
2	2116	995.052181290611	22
2	2120	995.568166728821	23
2	2122	995.838818463125	24
2	2124	997.4418630454	25
2	2126	999.395818307726	26
2	2128	999.981370367616	27
3	272	100.527613309349	87.159917426693
3	282	103.819127251536	86.782805145068
3	286	104.045749084789	85.909326800366
3	290	104.209373779342	86.014183183486
3	300	114.698350894064	85.231134385433
3	306	117.989950471335	85.235219024624
3	312	123.881341869302	87.793036282978
3	318	126.463446069058	85.543193637722
3	322	126.852080263616	85.318978216345
3	330	131.021853254218	87.644569497082
3	334	132.599264935257	89.144969782935
3	340	135.296831888042	89.509857366486
3	346	137.100539401499	84.376920175793
3	352	138.673972242649	85.241414116566
3	356	138.74140628508	84.004992368127
3	362	140.272600747404	83.732107472294
3	370	142.5278718374	84.48591898509
3	374	142.568094421236	80.489483315537
3	380	144.408332554889	77.816858963325
3	384	144.555681233056	71.642389390721
3	388	145.266299320474	70.678255611624
3	402	150.843590745393	73.458866366925
3	406	154.098398429937	71.386237701126
3	412	157.253460683924	74.457964998859
3	420	163.104054606035	69.819378632756
3	424	163.163711298427	61.585587155466
3	432	177.125062901019	74.412517375432
3	436	177.569072013115	74.850566038449
3	444	181.452660319089	77.128253894388
3	448	182.411174356362	76.437415162424
3	452	185.653644785614	78.364976966
3	462	187.028675909725	71.9041804418
3	466	187.756921960998	65.40343418156
3	470	188.681926035715	64.561043699038
3	476	189.798283726073	62.128727491194
3	480	190.480585721518	60.211593625584
3	488	191.380725962939	58.223637084157
3	494	192.515525730318	56.722357154136
3	498	192.690723083067	54.629073985544
3	504	193.673772615172	53.417131666353
3	516	201.179143359228	60.895616318994
3	522	204.321952616501	63.412628806672
3	526	205.198446185346	62.321138492559
3	532	208.967531007624	63.463639142861
3	538	210.059509538727	63.791500338064
3	544	211.267330321004	64.96779169401
3	550	214.145742524863	67.474280041171
3	558	216.184918971493	66.238175215886
3	562	220.058205528491	63.579060780221
3	568	223.20531716751	65.081051172402
3	574	224.578181446552	66.385654129684
3	582	226.700962154646	63.513332329816
3	586	231.176599590725	67.319900517988
3	592	231.583967901897	53.478766122049
3	596	232.835372689292	53.029030196996
3	606	240.557109441524	54.347938522493
3	612	241.728701233608	54.839852061531
3	618	242.998407001504	56.105053285099
3	622	244.583993802456	55.601516212722
3	626	245.893952826229	55.36920840352
3	636	251.4351673669	60.835002356306
3	640	252.019584728811	60.620831368926
3	644	252.089996328475	59.33444907491
3	652	256.777677237788	61.125490175464
3	656	256.949256881509	61.047493573525
3	666	273.859934208465	76.942008066564
3	670	275.689582182458	77.914534736751
3	678	280.2234666204	78.746719385758
3	684	287.565307667061	82.007979263328
3	688	290.06092971816	80.402520178333
3	696	293.102953494337	82.467687670786
3	702	294.878949620144	83.401546278466
3	708	294.950213937793	80.701682018357
3	714	297.024913501769	81.066961244781
3	718	297.291768025251	76.338366987346
3	726	301.497558796461	77.931245127809
3	732	302.150778679771	77.29442919762
3	738	305.865240237927	80.629012886742
3	742	307.952987268014	76.511984377436
3	750	318.880716733427	85.395544145485
3	756	323.074114001406	88.052972039997
3	760	324.26990695266	86.520826858518
3	764	325.36595962396	84.540236278523
3	768	326.149958494739	83.580609155966
3	776	330.100278101075	83.572677806606
3	784	333.667390553949	87.129619699219
3	790	341.050542757236	91.352802280974
3	794	341.267138577901	88.956723278048
3	800	345.413692699723	89.083374867964
3	808	350.985103083647	92.878827311705
3	812	352.386339017582	91.298202905143
3	822	356.838590562138	95.199498043244
3	826	357.274375231218	79.567575445075
3	832	364.939406742024	86.374852338867
3	836	365.543139044186	84.265246875981
3	844	367.278507933408	76.949582834455
3	850	368.237131507195	77.423304923721
3	854	371.496544282438	76.929954867347
3	862	372.656024523685	77.757216325728
3	870	376.26898038772	79.98844931874
3	876	380.993250379323	83.311202239017
3	880	381.167329502903	82.294585831365
3	888	382.71420879812	80.868525798228
3	894	385.001213476021	82.581634946429
3	900	386.082999496082	77.523627516487
3	906	387.129618866475	77.13421169494
3	912	389.407424686846	70.481100852009
3	918	399.290141331223	72.015580763303
3	922	405.477019709783	77.487985319017
3	926	405.870553437819	75.444882494912
3	930	406.132222195254	74.053654317669
3	934	406.271778692292	72.116781739584
3	940	406.517631938603	64.850022643327
3	946	407.672014008166	60.961101025849
3	954	408.233568749896	59.058613987378
3	960	409.042741774352	55.785808093815
3	964	410.754470061165	57.1952029058
3	968	410.982635296395	54.333162165847
3	972	412.050826679472	50.286083705665
3	984	414.078003647137	47.122960292642
3	994	417.473649214018	50.208081777129
3	1002	422.996096051213	55.377561072595
3	1008	427.867272289926	55.987683695371
3	1014	429.756262655836	57.632534817731
3	1018	431.910764879314	58.888522762394
3	1026	434.625487432875	61.122430458826
3	1032	440.599985495328	61.374218605547
3	1038	444.210277370229	62.846266982186
3	1044	444.695206677942	62.281124687413
3	1048	447.171214352631	63.055628789138
3	1054	447.666114877171	62.4338828972
3	1060	448.711560029594	62.492181128503
3	1068	450.70462552163	62.534782401279
3	1072	451.571413034875	57.950093734585
3	1078	453.479927387635	47.07639088771
3	1084	456.979242436234	50.184801531743
3	1090	458.12779291662	50.158076242365
3	1098	463.941458456392	55.798787559529
3	1102	468.043511686825	59.56471279642
3	1106	468.313707318178	56.086444832808
3	1110	470.095313677529	57.541172506777
3	1120	477.784177473838	64.718067851051
3	1126	484.571783413476	71.345218307731
3	1134	494.104937043809	79.61217623398
3	1138	496.595408008466	81.562022639358
3	1144	497.782348425797	80.653764737349
3	1150	498.841907089138	79.717703457994
3	1156	499.85185353567	78.556310829789
3	1164	501.447439276405	78.243835272344
3	1170	506.812583491836	78.898931821741
3	1176	513.017057801083	80.890472378591
3	1180	515.059531524388	82.858609737403
3	1188	517.346623700738	82.155980803093
3	1192	520.621538540118	78.803939700402
3	1200	524.208471644779	79.625858021868
3	1204	527.410288382433	80.234451352116
3	1208	528.21287109195	79.536804341958
3	1214	528.721441657609	79.9625895869
3	1224	534.103860002557	83.869072790282
3	1230	537.295967668289	84.919620972125
3	1234	537.781538887777	82.577910942613
3	1240	541.701248431382	83.619750161552
3	1244	541.964329695961	83.665805026666
3	1248	542.73446967416	82.875593969563
3	1256	543.673574375461	72.708571747049
3	1262	545.110835740432	73.253366242121
3	1270	547.650686094418	75.359888990317
3	1274	547.798805050752	68.310867361089
3	1280	550.372075485732	65.347932450638
3	1286	551.834766848019	63.710495303915
3	1296	556.022367371445	59.211902236599
3	1300	556.621239076284	58.783862576397
3	1308	559.997411745029	60.971394358924
3	1314	561.897618226369	61.328364031009
3	1318	563.808811370635	62.604532546147
3	1326	565.965488521019	63.620916060736
3	1332	581.760277874834	74.86827130877
3	1338	592.716233581434	75.855224771028
3	1342	597.29696491632	80.323105527073
3	1346	598.32060331297	75.434482380452
3	1354	601.184834167084	77.870723640269
3	1362	605.086026092483	76.521239190886
3	1366	605.37275127687	76.004664590767
3	1370	605.821620523924	76.195556499386
3	1378	607.492813581869	77.613594173355
3	1386	616.474147863498	80.710193034586
3	1392	620.812351255608	81.070727571113
3	1396	623.861239159481	80.874228467861
3	1404	628.518434379731	85.253713958371
3	1410	630.178632785444	86.19557048151
3	1416	631.433780303391	86.0308925159
3	1420	631.997661115401	84.976571483538
3	1428	636.447539532919	88.4282615022
3	1434	643.340496328761	92.630884017393
3	1440	647.766522572826	95.174794119764
3	1446	648.246662578863	95.455967205985
3	1450	648.823122953468	94.862367226003
3	1454	649.514727382907	91.797365647869
3	1462	657.407066946406	99.285769063889
3	1468	658.249817332952	96.382349693403
3	1476	662.572490318066	98.665774092122
3	1480	663.631153022348	98.676958764626
3	1488	672.217870564719	103.94216964177
3	1492	673.417358243097	87.37195268893
3	1500	685.0347849989	86.628528300712
3	1506	688.442508467143	89.693371712492
3	1510	688.837774129876	86.731532449342
3	1518	695.083007468869	91.66047517559
3	1522	698.921424202221	92.865259030405
3	1530	708.580445767185	101.79665218969
3	1534	710.156973279815	101.7394969509
3	1540	713.914931736142	103.10462276145
3	1548	722.331325070414	103.17996474455
3	1554	724.251186955782	99.45894489541
3	1558	727.550783432432	102.31794521561
3	1562	730.294082222968	101.75297189219
3	1568	733.201163186708	101.99801417826
3	1578	744.829012627053	111.85092941147
3	1584	747.234854074563	112.26312032506
3	1590	754.74523223194	116.50143901016
3	1596	765.136396153428	119.98240802132
3	1600	766.742675689349	118.91524012008
3	1604	768.617443842173	117.24460841997
3	1610	768.980864097413	116.67900854979
3	1614	769.183657524007	111.08574988631
3	1620	771.706772295756	113.4098476009
3	1626	772.851696846362	112.96073004621
3	1630	773.699593638706	109.49710434134
3	1640	775.671360727807	109.63529410717
3	1646	777.495545376568	103.09956633995
3	1654	781.228054179283	105.79092934211
3	1658	781.321973215366	95.437241678787
3	1666	782.744571385043	93.805472635066
3	1672	786.448298786182	94.872193695263
3	1680	788.286778103081	87.825561436842
3	1684	788.502239998952	87.056150595476
3	1690	790.982660367147	77.220643451611
3	1696	791.122394644352	76.936353087817
3	1704	803.859850810261	85.800567857074
3	1710	805.607142713443	83.087595194854
3	1714	806.941708331679	76.261590220469
3	1722	812.279625126368	78.57775056407
3	1728	815.554305655797	81.214458264461
3	1734	819.357732124054	84.838936795399
3	1740	822.12339238125	76.754028411067
3	1744	823.518264328643	76.158368255731
3	1748	825.20162158815	68.081761913178
3	1754	826.82833477508	57.92805662554
3	1760	828.695180266667	57.138755370623
3	1770	836.2100486216	64.472018886782
3	1776	839.189582028173	64.860935865169
3	1780	839.287014545078	64.44948027246
3	1784	841.200719947239	65.928238125655
3	1794	843.582723685448	67.47213902251
3	1798	843.784815295306	66.06157555923
3	1806	858.175670356215	80.162250012689
3	1812	860.654083364751	78.895732917567
3	1818	863.972597110107	82.064664013668
3	1824	870.73396130165	87.153312452452
3	1828	871.242757935911	84.701827431117
3	1832	871.737234476603	84.597618461368
3	1842	878.458105333309	88.082325654765
3	1846	879.870479263419	88.822830683872
3	1854	885.235299270859	93.152154278096
3	1858	885.249780281856	92.136730534139
3	1866	888.213614258519	83.944108828921
3	1870	888.694710680807	80.356898218724
3	1874	890.280310921448	81.705414251277
3	1880	892.796361871211	79.593741401095
3	1886	894.480919248165	78.413473317114
3	1894	898.803254518306	77.803741740935
3	1898	899.861450283933	74.557789823268
3	1908	909.588233565751	81.313294353482
3	1912	910.272998666809	80.708202646212
3	1918	913.076194296086	83.457379983127
3	1922	913.500292689293	80.529919024023
3	1932	920.80868646998	82.789845375163
3	1938	924.095701145708	82.295000535934
3	1944	929.519052719469	86.548503164925
3	1948	929.737970361062	86.191294213352
3	1952	931.333732779038	86.656205569886
3	1956	931.619929670836	85.728902459662
3	1968	935.998401034795	77.75898715816
3	1972	936.072277081996	73.606078973672
3	1980	938.631151070644	72.879000101691
3	1984	939.310413151537	67.542893070393
3	1988	939.320381969081	65.34809592662
3	1992	939.914000596116	63.234917140331
3	1996	940.311732463474	59.917959673873
3	2004	945.185575100627	64.230573929211
3	2014	948.021288970853	61.696177817015
3	2022	952.694638135839	64.969363318832
3	2026	955.416364689616	64.373444068105
3	2030	955.593334534314	61.311983342566
3	2040	958.733802086922	61.865622078196
3	2046	961.08110557537	63.719779717091
3	2052	965.871832234435	65.686107865703
3	2056	966.870141502875	61.185086366514
3	2064	975.597388292602	67.513261463635
3	2070	984.674217515614	72.438604739653
3	2074	985.467733636546	71.133115072184
3	2078	985.628134909136	67.521056167869
3	2084	987.325346454505	66.786438834911
3	2092	992.236304915675	71.075337258565
3	2096	992.694853543719	67.818176829834
3	2100	993.083799308175	60.899838045182
3	2104	993.102353203679	59.286101201449
3	2108	993.998778631519	59.4568000953
3	2116	995.052181290611	59.243593242594
4	272	100.527613309349	0
4	282	103.819127251536	0
4	286	104.045749084789	0
4	290	104.209373779342	0
4	300	114.698350894064	0
4	306	117.989950471335	0
4	312	123.881341869302	0
4	318	126.463446069058	0
4	322	126.852080263616	0
4	330	131.021853254218	0
4	334	132.599264935257	0
4	340	135.296831888042	0
4	346	137.100539401499	0
4	352	138.673972242649	0
4	356	138.74140628508	0
4	362	140.272600747404	0
4	370	142.5278718374	0
4	374	142.568094421236	0
4	380	144.408332554889	0
4	384	144.555681233056	0
4	388	145.266299320474	0
4	402	150.843590745393	0
4	406	154.098398429937	0
4	412	157.253460683924	0
4	420	163.104054606035	0
4	424	163.163711298427	0
4	432	177.125062901019	0
4	436	177.569072013115	0
4	444	181.452660319089	0
4	448	182.411174356362	0
4	452	185.653644785614	0
4	462	187.028675909725	0
4	466	187.756921960998	0
4	470	188.681926035715	0
4	476	189.798283726073	0
4	480	190.480585721518	0
4	488	191.380725962939	0
4	494	192.515525730318	0
4	498	192.690723083067	0
4	504	193.673772615172	0
4	516	201.179143359228	0
4	522	204.321952616501	0
4	526	205.198446185346	0
4	532	208.967531007624	0
4	538	210.059509538727	0
4	544	211.267330321004	0
4	550	214.145742524863	0
4	558	216.184918971493	0
4	562	220.058205528491	0
4	568	223.20531716751	0
4	574	224.578181446552	0
4	582	226.700962154646	0
4	586	231.176599590725	0
4	592	231.583967901897	0
4	596	232.835372689292	0
4	606	240.557109441524	0
4	612	241.728701233608	0
4	618	242.998407001504	0
4	622	244.583993802456	0
4	626	245.893952826229	0
4	636	251.4351673669	0
4	640	252.019584728811	0
4	644	252.089996328475	0
4	652	256.777677237788	0
4	656	256.949256881509	0
4	666	273.859934208465	0
4	670	275.689582182458	0
4	678	280.2234666204	0
4	684	287.565307667061	0
4	688	290.06092971816	0
4	696	293.102953494337	0
4	702	294.878949620144	0
4	708	294.950213937793	0
4	714	297.024913501769	0
4	718	297.291768025251	0
4	726	301.497558796461	0
4	732	302.150778679771	0
4	738	305.865240237927	0
4	742	307.952987268014	0
4	750	318.880716733427	0
4	756	323.074114001406	0
4	760	324.26990695266	0
4	764	325.36595962396	0
4	768	326.149958494739	0
4	776	330.100278101075	0
4	784	333.667390553949	0
4	790	341.050542757236	0
4	794	341.267138577901	0
4	800	345.413692699723	0
4	808	350.985103083647	0
4	812	352.386339017582	0
4	822	356.838590562138	0
4	826	357.274375231218	0
4	832	364.939406742024	0
4	836	365.543139044186	0
4	844	367.278507933408	0
4	850	368.237131507195	0
4	854	371.496544282438	0
4	862	372.656024523685	0
4	870	376.26898038772	0
4	876	380.993250379323	0
4	880	381.167329502903	0
4	888	382.71420879812	0
4	894	385.001213476021	0
4	900	386.082999496082	0
4	906	387.129618866475	0
4	912	389.407424686846	0
4	918	399.290141331223	0
4	922	405.477019709783	0
4	926	405.870553437819	0
4	930	406.132222195254	0
4	934	406.271778692292	0
4	940	406.517631938603	0
4	946	407.672014008166	0
4	954	408.233568749896	0
4	960	409.042741774352	0
4	964	410.754470061165	0
4	968	410.982635296395	0
4	972	412.050826679472	0
4	984	414.078003647137	0
4	994	417.473649214018	0
4	1002	422.996096051213	0
4	1008	427.867272289926	0
4	1014	429.756262655836	0
4	1018	431.910764879314	0
4	1026	434.625487432875	0
4	1032	440.599985495328	0
4	1038	444.210277370229	0
4	1044	444.695206677942	0
4	1048	447.171214352631	0
4	1054	447.666114877171	0
4	1060	448.711560029594	0
4	1068	450.70462552163	0
4	1072	451.571413034875	0
4	1078	453.479927387635	0
4	1084	456.979242436234	0
4	1090	458.12779291662	0
4	1098	463.941458456392	0
4	1102	468.043511686825	0
4	1106	468.313707318178	0
4	1110	470.095313677529	0
4	1120	477.784177473838	0
4	1126	484.571783413476	0
4	1134	494.104937043809	0
4	1138	496.595408008466	0
4	1144	497.782348425797	0
4	1150	498.841907089138	0
4	1156	499.85185353567	0
4	1164	501.447439276405	0
4	1170	506.812583491836	0
4	1176	513.017057801083	0
4	1180	515.059531524388	0
4	1188	517.346623700738	0
4	1192	520.621538540118	0
4	1200	524.208471644779	0
4	1204	527.410288382433	0
4	1208	528.21287109195	0
4	1214	528.721441657609	0
4	1224	534.103860002557	0
4	1230	537.295967668289	0
4	1234	537.781538887777	0
4	1240	541.701248431382	0
4	1244	541.964329695961	0
4	1248	542.73446967416	0
4	1256	543.673574375461	0
4	1262	545.110835740432	0
4	1270	547.650686094418	0
4	1274	547.798805050752	0
4	1280	550.372075485732	0
4	1286	551.834766848019	0
4	1296	556.022367371445	0
4	1300	556.621239076284	0
4	1308	559.997411745029	0
4	1314	561.897618226369	0
4	1318	563.808811370635	0
4	1326	565.965488521019	0
4	1332	581.760277874834	0
4	1338	592.716233581434	0
4	1342	597.29696491632	0
4	1346	598.32060331297	0
4	1354	601.184834167084	0
4	1362	605.086026092483	0
4	1366	605.37275127687	0
4	1370	605.821620523924	0
4	1378	607.492813581869	0
4	1386	616.474147863498	0
4	1392	620.812351255608	0
4	1396	623.861239159481	0
4	1404	628.518434379731	0
4	1410	630.178632785444	0
4	1416	631.433780303391	0
4	1420	631.997661115401	0
4	1428	636.447539532919	0
4	1434	643.340496328761	0
4	1440	647.766522572826	0
4	1446	648.246662578863	0
4	1450	648.823122953468	0
4	1454	649.514727382907	0
4	1462	657.407066946406	0
4	1468	658.249817332952	0
4	1476	662.572490318066	0
4	1480	663.631153022348	0
4	1488	672.217870564719	0
4	1492	673.417358243097	0
4	1500	685.0347849989	0
4	1506	688.442508467143	0
4	1510	688.837774129876	0
4	1518	695.083007468869	0
4	1522	698.921424202221	0
4	1530	708.580445767185	0
4	1534	710.156973279815	0
4	1540	713.914931736142	0
4	1548	722.331325070414	0
4	1554	724.251186955782	0
4	1558	727.550783432432	0
4	1562	730.294082222968	0
4	1568	733.201163186708	0
4	1578	744.829012627053	0
4	1584	747.234854074563	0
4	1590	754.74523223194	0
4	1596	765.136396153428	0
4	1600	766.742675689349	0
4	1604	768.617443842173	0
4	1610	768.980864097413	0
4	1614	769.183657524007	0
4	1620	771.706772295756	0
4	1626	772.851696846362	0
4	1630	773.699593638706	0
4	1640	775.671360727807	0
4	1646	777.495545376568	0
4	1654	781.228054179283	0
4	1658	781.321973215366	0
4	1666	782.744571385043	0
4	1672	786.448298786182	0
4	1680	788.286778103081	0
4	1684	788.502239998952	0
4	1690	790.982660367147	0
4	1696	791.122394644352	0
4	1704	803.859850810261	0
4	1710	805.607142713443	0
4	1714	806.941708331679	0
4	1722	812.279625126368	0
4	1728	815.554305655797	0
4	1734	819.357732124054	0
4	1740	822.12339238125	0
4	1744	823.518264328643	0
4	1748	825.20162158815	0
4	1754	826.82833477508	0
4	1760	828.695180266667	0
4	1770	836.2100486216	0
4	1776	839.189582028173	0
4	1780	839.287014545078	0
4	1784	841.200719947239	0
4	1794	843.582723685448	0
4	1798	843.784815295306	0
4	1806	858.175670356215	0
4	1812	860.654083364751	0
4	1818	863.972597110107	0
4	1824	870.73396130165	0
4	1828	871.242757935911	0
4	1832	871.737234476603	0
4	1842	878.458105333309	0
4	1846	879.870479263419	0
4	1854	885.235299270859	0
4	1858	885.249780281856	0
4	1866	888.213614258519	0
4	1870	888.694710680807	0
4	1874	890.280310921448	0
4	1880	892.796361871211	0
4	1886	894.480919248165	0
4	1894	898.803254518306	0
4	1898	899.861450283933	0
4	1908	909.588233565751	0
4	1912	910.272998666809	0
4	1918	913.076194296086	0
4	1922	913.500292689293	0
4	1932	920.80868646998	0
4	1938	924.095701145708	0
4	1944	929.519052719469	0
4	1948	929.737970361062	0
4	1952	931.333732779038	0
4	1956	931.619929670836	0
4	1968	935.998401034795	0
4	1972	936.072277081996	0
4	1980	938.631151070644	0
4	1984	939.310413151537	0
4	1988	939.320381969081	0
4	1992	939.914000596116	0
4	1996	940.311732463474	0
4	2004	945.185575100627	0
4	2014	948.021288970853	0
4	2022	952.694638135839	0
4	2026	955.416364689616	0
4	2030	955.593334534314	0
4	2040	958.733802086922	0
4	2046	961.08110557537	0
4	2052	965.871832234435	0
4	2056	966.870141502875	0
4	2064	975.597388292602	0
4	2070	984.674217515614	0
4	2074	985.467733636546	0
4	2078	985.628134909136	0
4	2084	987.325346454505	0
4	2092	992.236304915675	0
4	2096	992.694853543719	0
4	2100	993.083799308175	0
4	2104	993.102353203679	0
4	2108	993.998778631519	0
4	2116	995.052181290611	0
5	274	100.527613309349	3
5	275	101.578124142961	2
5	277	102.712545525587	1
5	279	102.718505974666	0
5	284	103.819127251536	1
5	288	104.045749084789	2
5	292	104.209373779342	3
5	293	104.324406424701	2
5	295	105.973759193938	1
5	297	107.288667819614	0
5	302	114.698350894064	1
5	303	115.124495467925	0
5	308	117.989950471335	1
5	309	122.353487779438	0
5	314	123.881341869302	1
5	315	124.120882336677	0
5	320	126.463446069058	1
5	324	126.852080263616	2
5	325	127.669556234879	1
5	327	130.268992095934	0
5	332	131.021853254218	1
5	336	132.599264935257	2
5	337	133.157088878782	1
5	342	135.296831888042	2
5	343	135.793168576182	1
5	348	137.100539401499	2
5	349	138.061649097523	1
5	354	138.673972242649	2
5	358	138.74140628508	3
5	359	140.256640948819	2
5	364	140.272600747404	3
5	365	140.283527040234	2
5	367	140.909323809829	1
5	372	142.5278718374	2
5	376	142.568094421236	3
5	377	142.877307692787	2
5	382	144.408332554889	3
5	386	144.555681233056	4
5	390	145.266299320474	5
5	391	145.503891864763	4
5	393	146.268009200663	3
5	395	146.299538626994	2
5	397	146.671462483692	1
5	399	149.946743755607	0
5	404	150.843590745393	1
5	408	154.098398429937	2
5	409	156.47914474827	1
5	414	157.253460683924	2
5	415	158.124265995108	1
5	417	158.192527316868	0
5	422	163.104054606035	1
5	426	163.163711298427	2
5	427	163.18762982483	1
5	429	163.856699072737	0
5	434	177.125062901019	1
5	438	177.569072013115	2
5	439	178.105201779848	1
5	441	179.806342492296	0
5	446	181.452660319089	1
5	450	182.411174356362	2
5	454	185.653644785614	3
5	455	186.209170919031	2
5	457	186.888849172077	1
5	459	186.893353716405	0
5	464	187.028675909725	1
5	468	187.756921960998	2
5	472	188.681926035715	3
5	473	188.982477589734	2
5	478	189.798283726073	3
5	482	190.480585721518	4
5	483	190.524744422709	3
5	485	190.600165010594	2
5	490	191.380725962939	3
5	491	191.398753359885	2
5	496	192.515525730318	3
5	500	192.690723083067	4
5	501	192.755547253565	3
5	506	193.673772615172	4
5	507	195.652187062324	3
5	509	195.901763307984	2
5	511	196.917926141901	1
5	513	197.775047445707	0
5	518	201.179143359228	1
5	519	201.476747234642	0
5	524	204.321952616501	1
5	528	205.198446185346	2
5	529	205.557328403733	1
5	534	208.967531007624	2
5	535	209.658409539827	1
5	540	210.059509538727	2
5	541	210.635265823551	1
5	546	211.267330321004	2
5	547	211.477403341678	1
5	552	214.145742524863	2
5	553	214.248531919436	1
5	555	215.957952256988	0
5	560	216.184918971493	1
5	564	220.058205528491	2
5	565	220.953401037905	1
5	570	223.20531716751	2
5	571	223.566313668652	1
5	576	224.578181446552	2
5	577	224.856349482151	1
5	579	225.236227351185	0
5	584	226.700962154646	1
5	588	231.176599590725	2
5	589	231.441002890578	1
5	594	231.583967901897	2
5	598	232.835372689292	3
5	599	233.485172587942	2
5	601	235.021141961409	1
5	603	237.749080094142	0
5	608	240.557109441524	1
5	609	240.825723345437	0
5	614	241.728701233608	1
5	615	242.569349338773	0
5	620	242.998407001504	1
5	624	244.583993802456	2
5	628	245.893952826229	3
5	629	246.527600294469	2
5	631	246.53777085473	1
5	633	249.697740476262	0
5	638	251.4351673669	1
5	642	252.019584728811	2
5	646	252.089996328475	3
5	647	252.310415299853	2
5	649	256.330317831759	1
5	654	256.777677237788	2
5	658	256.949256881509	3
5	659	258.106275771942	2
5	661	261.088136112439	1
5	663	261.639092518894	0
5	668	273.859934208465	1
5	672	275.689582182458	2
5	673	277.706799786143	1
5	675	278.564554403157	0
5	680	280.2234666204	1
5	681	281.277892168205	0
5	686	287.565307667061	1
5	690	290.06092971816	2
5	691	290.328925098953	1
5	693	290.813826583474	0
5	698	293.102953494337	1
5	699	294.566589415091	0
5	704	294.878949620144	1
5	705	294.898808197957	0
5	710	294.950213937793	1
5	711	296.28053106898	0
5	716	297.024913501769	1
5	720	297.291768025251	2
5	721	297.682048140306	1
5	723	298.872743671538	0
5	728	301.497558796461	1
5	729	301.845682999892	0
5	734	302.150778679771	1
5	735	302.419578529592	0
5	740	305.865240237927	1
5	744	307.952987268014	2
5	745	308.559371979595	1
5	747	309.995407171535	0
5	752	318.880716733427	1
5	753	318.926323834837	0
5	758	323.074114001406	1
5	762	324.26990695266	2
5	766	325.36595962396	3
5	770	326.149958494739	4
5	771	327.27456056792	3
5	773	327.989034390766	2
5	778	330.100278101075	3
5	779	330.425670942907	2
5	781	332.078567877585	1
5	786	333.667390553949	2
5	787	334.154996952708	1
5	792	341.050542757236	2
5	796	341.267138577901	3
5	797	341.667609295276	2
5	802	345.413692699723	3
5	803	346.710912982317	2
5	805	349.174954762518	1
5	810	350.985103083647	2
5	814	352.386339017582	3
5	815	353.256933680537	2
5	817	353.559267155365	1
5	819	356.649473130548	0
5	824	356.838590562138	1
5	828	357.274375231218	2
5	829	361.764742973807	1
5	834	364.939406742024	2
5	838	365.543139044186	3
5	839	366.955043354495	2
5	841	367.265567436889	1
5	846	367.278507933408	2
5	847	367.618534978618	1
5	852	368.237131507195	2
5	856	371.496544282438	3
5	857	371.879588594555	2
5	859	372.123727838105	1
5	864	372.656024523685	2
5	865	373.02224211692	1
5	867	373.503056974049	0
5	872	376.26898038772	1
5	873	379.225766889781	0
5	878	380.993250379323	1
5	882	381.167329502903	2
5	883	381.364010388043	1
5	885	382.414081990529	0
5	890	382.71420879812	1
5	891	384.115585563493	0
5	896	385.001213476021	1
5	897	385.232231979971	0
5	902	386.082999496082	1
5	903	386.219378901091	0
5	908	387.129618866475	1
5	909	388.169843120351	0
5	914	389.407424686846	1
5	915	393.62131930029	0
5	920	399.290141331223	1
5	924	405.477019709783	2
5	928	405.870553437819	3
5	932	406.132222195254	4
5	936	406.271778692292	5
5	937	406.403536499925	4
5	942	406.517631938603	5
5	943	406.794440904491	4
5	948	407.672014008166	5
5	949	407.969716674255	4
5	951	408.142670896863	3
5	956	408.233568749896	4
5	957	408.478798890405	3
5	962	409.042741774352	4
5	966	410.754470061165	5
5	970	410.982635296395	6
5	974	412.050826679472	7
5	975	412.22726248537	6
5	977	412.554141170752	5
5	979	413.066109622787	4
5	981	413.226565105745	3
5	986	414.078003647137	4
5	987	414.492760809829	3
5	989	415.033385369108	2
5	991	417.128583688448	1
5	996	417.473649214018	2
5	997	419.124203631144	1
5	999	421.295542705881	0
5	1004	422.996096051213	1
5	1005	423.203604004061	0
5	1010	427.867272289926	1
5	1011	427.913651670095	0
5	1016	429.756262655836	1
5	1020	431.910764879314	2
5	1021	432.126585422492	1
5	1023	432.200921786985	0
5	1028	434.625487432875	1
5	1029	435.190642897645	0
5	1034	440.599985495328	1
5	1035	441.817598839716	0
5	1040	444.210277370229	1
5	1041	444.582613622911	0
5	1046	444.695206677942	1
5	1050	447.171214352631	2
5	1051	447.175837030317	1
5	1056	447.666114877171	2
5	1057	448.676066749992	1
5	1062	448.711560029594	2
5	1063	448.758852070709	1
5	1065	450.234787212275	0
5	1070	450.70462552163	1
5	1074	451.571413034875	2
5	1075	452.376346696164	1
5	1080	453.479927387635	2
5	1081	455.203627945164	1
5	1086	456.979242436234	2
5	1087	458.08149826983	1
5	1092	458.12779291662	2
5	1093	458.298524669295	1
5	1095	459.858875704597	0
5	1100	463.941458456392	1
5	1104	468.043511686825	2
5	1108	468.313707318178	3
5	1112	470.095313677529	4
5	1113	470.965002628412	3
5	1115	471.857469498311	2
5	1117	472.290797104101	1
5	1122	477.784177473838	2
5	1123	479.487937689663	1
5	1128	484.571783413476	2
5	1129	485.024143035094	1
5	1131	488.124271544104	0
5	1136	494.104937043809	1
5	1140	496.595408008466	2
5	1141	496.810465134846	1
5	1146	497.782348425797	2
5	1147	497.837376499887	1
5	1152	498.841907089138	2
5	1153	499.026017386105	1
5	1158	499.85185353567	2
5	1159	500.56925419536	1
5	1161	501.204278824488	0
5	1166	501.447439276405	1
5	1167	502.344572460283	0
5	1172	506.812583491836	1
5	1173	506.892006566064	0
5	1178	513.017057801083	1
5	1182	515.059531524388	2
5	1183	516.861008810406	1
5	1185	516.973859389247	0
5	1190	517.346623700738	1
5	1194	520.621538540118	2
5	1195	522.886120932518	1
5	1197	523.314110526815	0
5	1202	524.208471644779	1
5	1206	527.410288382433	2
5	1210	528.21287109195	3
5	1211	528.564786901597	2
5	1216	528.721441657609	3
5	1217	529.368086686103	2
5	1219	529.626064024538	1
5	1221	529.879219408514	0
5	1226	534.103860002557	1
5	1227	535.763954828912	0
5	1232	537.295967668289	1
5	1236	537.781538887777	2
5	1237	539.741623684495	1
5	1242	541.701248431382	2
5	1246	541.964329695961	3
5	1250	542.73446967416	4
5	1251	542.98701069162	3
5	1253	543.26472042136	2
5	1258	543.673574375461	3
5	1259	543.983062303934	2
5	1264	545.110835740432	3
5	1265	545.402887787491	2
5	1267	547.021089631863	1
5	1272	547.650686094418	2
5	1276	547.798805050752	3
5	1277	548.019278030719	2
5	1282	550.372075485732	3
5	1283	550.709612311368	2
5	1288	551.834766848019	3
5	1289	552.591728453062	2
5	1291	552.790695372878	1
5	1293	553.960755727465	0
5	1298	556.022367371445	1
5	1302	556.621239076284	2
5	1303	557.717361735038	1
5	1305	558.121297882517	0
5	1310	559.997411745029	1
5	1311	561.867467639549	0
5	1316	561.897618226369	1
5	1320	563.808811370635	2
5	1321	563.906716225944	1
5	1323	564.954194257722	0
5	1328	565.965488521019	1
5	1329	568.275700922952	0
5	1334	581.760277874834	1
5	1335	586.045405554167	0
5	1340	592.716233581434	1
5	1344	597.29696491632	2
5	1348	598.32060331297	3
5	1349	598.406256698188	2
5	1351	598.749136754651	1
5	1356	601.184834167084	2
5	1357	602.106241680534	1
5	1359	603.422532293279	0
5	1364	605.086026092483	1
5	1368	605.37275127687	2
5	1372	605.821620523924	3
5	1373	606.056165171816	2
5	1375	606.783793577494	1
5	1380	607.492813581869	2
5	1381	608.417476328911	1
5	1383	610.81030897469	0
5	1388	616.474147863498	1
5	1389	619.151360325863	0
5	1394	620.812351255608	1
5	1398	623.861239159481	2
5	1399	624.792242060372	1
5	1401	625.232838216824	0
5	1406	628.518434379731	1
5	1407	628.541110330781	0
5	1412	630.178632785444	1
5	1413	631.203149008448	0
5	1418	631.433780303391	1
5	1422	631.997661115401	2
5	1423	632.978083215579	1
5	1425	634.971733749501	0
5	1430	636.447539532919	1
5	1431	638.243793221782	0
5	1436	643.340496328761	1
5	1437	645.15398813211	0
5	1442	647.766522572826	1
5	1443	647.827435569268	0
5	1448	648.246662578863	1
5	1452	648.823122953468	2
5	1456	649.514727382907	3
5	1457	651.372835422208	2
5	1459	652.301855547623	1
5	1464	657.407066946406	2
5	1465	658.097907637698	1
5	1470	658.249817332952	2
5	1471	658.296924694855	1
5	1473	659.890966800156	0
5	1478	662.572490318066	1
5	1482	663.631153022348	2
5	1483	664.202489297371	1
5	1485	666.036066620632	0
5	1490	672.217870564719	1
5	1494	673.417358243097	2
5	1495	674.395979036618	1
5	1497	675.437124837168	0
5	1502	685.0347849989	1
5	1503	685.884731536579	0
5	1508	688.442508467143	1
5	1512	688.837774129876	2
5	1513	688.939098749977	1
5	1515	691.576105090919	0
5	1520	695.083007468869	1
5	1524	698.921424202221	2
5	1525	700.461216666239	1
5	1527	701.446089403476	0
5	1532	708.580445767185	1
5	1536	710.156973279815	2
5	1537	713.762016915536	1
5	1542	713.914931736142	2
5	1543	714.186041556535	1
5	1545	718.059282953187	0
5	1550	722.331325070414	1
5	1551	722.519547518589	0
5	1556	724.251186955782	1
5	1560	727.550783432432	2
5	1564	730.294082222968	3
5	1565	730.68011811121	2
5	1570	733.201163186708	3
5	1571	733.701874562298	2
5	1573	734.339847391336	1
5	1575	734.518795328655	0
5	1580	744.829012627053	1
5	1581	745.369363970183	0
5	1586	747.234854074563	1
5	1587	747.359896072912	0
5	1592	754.74523223194	1
5	1593	757.119859674972	0
5	1598	765.136396153428	1
5	1602	766.742675689349	2
5	1606	768.617443842173	3
5	1607	768.90027814954	2
5	1612	768.980864097413	3
5	1616	769.183657524007	4
5	1617	771.556424896044	3
5	1622	771.706772295756	4
5	1623	771.738029734818	3
5	1628	772.851696846362	4
5	1632	773.699593638706	5
5	1633	774.328646163004	4
5	1635	774.837534272618	3
5	1637	775.272481821584	2
5	1642	775.671360727807	3
5	1643	776.110584662938	2
5	1648	777.495545376568	3
5	1649	777.723239736076	2
5	1651	778.013420343526	1
5	1656	781.228054179283	2
5	1660	781.321973215366	3
5	1661	781.758350447184	2
5	1663	781.907933096439	1
5	1668	782.744571385043	2
5	1669	783.580648849198	1
5	1674	786.448298786182	2
5	1675	786.540930504794	1
5	1677	787.139616015235	0
5	1682	788.286778103081	1
5	1686	788.502239998952	2
5	1687	790.375779678544	1
5	1692	790.982660367147	2
5	1693	791.047648579547	1
5	1698	791.122394644352	2
5	1699	792.083144992763	1
5	1701	793.113049747717	0
5	1706	803.859850810261	1
5	1707	804.269505429598	0
5	1712	805.607142713443	1
5	1716	806.941708331679	2
5	1717	808.337812462083	1
5	1719	808.574896670171	0
5	1724	812.279625126368	1
5	1725	813.202620470116	0
5	1730	815.554305655797	1
5	1731	816.067445931051	0
5	1736	819.357732124054	1
5	1737	820.999512777371	0
5	1742	822.12339238125	1
5	1746	823.518264328643	2
5	1750	825.20162158815	3
5	1751	825.303660460665	2
5	1756	826.82833477508	3
5	1757	828.274939212269	2
5	1762	828.695180266667	3
5	1763	829.564796020597	2
5	1765	829.618814312959	1
5	1767	832.97037366527	0
5	1772	836.2100486216	1
5	1773	838.018841094817	0
5	1778	839.189582028173	1
5	1782	839.287014545078	2
5	1786	841.200719947239	3
5	1787	841.800700609774	2
5	1789	842.970549554544	1
5	1791	843.54667614771	0
5	1796	843.582723685448	1
5	1800	843.784815295306	2
5	1801	844.677527209152	1
5	1803	845.891027211174	0
5	1808	858.175670356215	1
5	1809	858.239413876635	0
5	1814	860.654083364751	1
5	1815	862.466198108324	0
5	1820	863.972597110107	1
5	1821	865.752150968953	0
5	1826	870.73396130165	1
5	1830	871.242757935911	2
5	1834	871.737234476603	3
5	1835	871.767520081144	2
5	1837	873.972286042461	1
5	1839	876.679083455785	0
5	1844	878.458105333309	1
5	1848	879.870479263419	2
5	1849	880.393772789601	1
5	1851	880.955001171416	0
5	1856	885.235299270859	1
5	1860	885.249780281856	2
5	1861	886.325111153838	1
5	1863	887.725274817007	0
5	1868	888.213614258519	1
5	1872	888.694710680807	2
5	1876	890.280310921448	3
5	1877	891.042920621511	2
5	1882	892.796361871211	3
5	1883	894.281351191748	2
5	1888	894.480919248165	3
5	1889	896.868180008726	2
5	1891	897.361325858279	1
5	1896	898.803254518306	2
5	1900	899.861450283933	3
5	1901	900.185724368732	2
5	1903	905.685055136361	1
5	1905	908.084126828967	0
5	1910	909.588233565751	1
5	1914	910.272998666809	2
5	1915	912.235612775961	1
5	1920	913.076194296086	2
5	1924	913.500292689293	3
5	1925	914.334618564362	2
5	1927	918.107078741267	1
5	1929	920.538907619594	0
5	1934	920.80868646998	1
5	1935	921.16096765711	0
5	1940	924.095701145708	1
5	1941	924.876676713885	0
5	1946	929.519052719469	1
5	1950	929.737970361062	2
5	1954	931.333732779038	3
5	1958	931.619929670836	4
5	1959	932.183961262993	3
5	1961	933.81625200223	2
5	1963	934.541978536219	1
5	1965	935.808588048017	0
5	1970	935.998401034795	1
5	1974	936.072277081996	2
5	1975	936.167587922197	1
5	1977	936.189778567528	0
5	1982	938.631151070644	1
5	1986	939.310413151537	2
5	1990	939.320381969081	3
5	1994	939.914000596116	4
5	1998	940.311732463474	5
5	1999	940.566965607906	4
5	2001	943.298000725687	3
5	2006	945.185575100627	4
5	2007	945.613729389466	3
5	2009	945.771828205535	2
5	2011	947.536145271127	1
5	2016	948.021288970853	2
5	2017	948.748569213242	1
5	2019	949.367697303523	0
5	2024	952.694638135839	1
5	2028	955.416364689616	2
5	2032	955.593334534314	3
5	2033	956.028577025372	2
5	2035	956.182318175583	1
5	2037	957.697811173382	0
5	2042	958.733802086922	1
5	2043	960.631377239162	0
5	2048	961.08110557537	1
5	2049	962.640023355039	0
5	2054	965.871832234435	1
5	2058	966.870141502875	2
5	2059	968.680420788464	1
5	2061	969.096262116961	0
5	2066	975.597388292602	1
5	2067	980.528485893317	0
5	2072	984.674217515614	1
5	2076	985.467733636546	2
5	2080	985.628134909136	3
5	2081	985.761490897363	2
5	2086	987.325346454505	3
5	2087	988.69193276369	2
5	2089	990.893832870813	1
5	2094	992.236304915675	2
5	2098	992.694853543719	3
5	2102	993.083799308175	4
5	2106	993.102353203679	5
5	2110	993.998778631519	6
5	2111	994.195403116445	5
5	2113	994.657575943515	4
5	2118	995.052181290611	5
5	2119	995.568166728821	4
5	2121	995.838818463125	3
5	2123	997.4418630454	2
5	2125	999.395818307726	1
5	2127	999.981370367616	0

