version 3
run General-36-20221103-10:28:22-6760
attr configname General
attr datetime 20221103-10:28:22
attr datetimef 20221103-102822
attr experiment General
attr inifile block.ini
attr iterationvars "$0=4, $1=20"
attr iterationvarsd 4/20
attr iterationvarsf 4,20-
attr measurement "$0=4, $1=20"
attr network Block
attr processid 6760
attr repetition 1
attr replication #1
attr resultdir results
attr runnumber 36
attr seedset 36
config network Block
config repeat 5
config sim-time-limit 1000s
config warmup-period 100s
config **.alloca.resourceModuleName "\"risorse\""
config **.dealloca.resourceModuleName "\"risorse\""
config **.is.delay exponential(3s)
config **.servente.serviceTime exponential(4s)
config **.dealloca.resourceAmount 2
config **.alloca.resourceAmount 2
config **.risorse.amount 6
config **.sorgente.numJobs (20)
config **.result-recording-modes all

vector 0 Block.servente queueLength:vector ETV
attr interpolationmode sample-hold
attr recordingmode vector
attr title "queue length"
vector 1 Block.servente queueingTime:vector ETV
attr interpolationmode none
attr recordingmode vector
attr title "queueing time at dequeue"
attr unit s
vector 2 Block.alloca queueLength:vector ETV
attr interpolationmode sample-hold
attr recordingmode vector
attr title "queue length"
vector 3 Block.alloca queueingTime:vector ETV
attr interpolationmode none
attr recordingmode vector
attr title "queueing time at dequeue"
attr unit s
vector 4 Block.risorse amount:vector ETV
attr interpolationmode sample-hold
attr recordingmode vector
attr title "available resource"
vector 5 Block.is delayedJobs:vector ETV
attr interpolationmode sample-hold
attr recordingmode vector
attr title "number of delayed jobs"
0	231	102.610689625338	1
0	233	102.610689625338	2
0	237	107.185134444414	1
0	239	107.185134444414	2
0	245	119.85292442448	1
0	247	119.85292442448	2
0	251	128.614371716564	1
0	253	128.614371716564	2
0	255	130.050747716753	1
0	257	130.050747716753	2
0	263	142.883982236147	1
0	265	142.883982236147	2
0	269	150.34599853113	1
0	271	150.34599853113	2
0	273	151.057229023313	1
0	275	151.057229023313	2
0	281	169.573718214951	1
0	283	169.573718214951	2
0	285	169.987809948359	1
0	287	169.987809948359	2
0	289	170.938390400041	1
0	291	170.938390400041	2
0	293	171.091200668222	1
0	295	171.091200668222	2
0	299	171.701329977217	1
0	301	171.701329977217	2
0	311	180.18146926058	1
0	313	180.18146926058	2
0	315	180.772451330286	1
0	317	180.772451330286	2
0	319	180.983495464345	1
0	321	180.983495464345	2
0	323	181.657637356583	1
0	325	181.657637356583	2
0	335	184.424604060898	1
0	337	184.424604060898	2
0	341	185.669565370528	1
0	343	185.669565370528	2
0	345	185.750514682335	1
0	347	185.750514682335	2
0	349	187.506715757462	1
0	351	187.506715757462	2
0	359	193.10486075355	1
0	361	193.10486075355	2
0	363	194.42519699319	1
0	365	194.42519699319	2
0	371	199.358734937292	1
0	373	199.358734937292	2
0	377	204.672125863282	1
0	379	204.672125863282	2
0	381	204.815742788552	1
0	383	204.815742788552	2
0	389	210.290735421114	1
0	391	210.290735421114	2
0	393	214.914967705872	1
0	395	214.914967705872	2
0	401	221.009229300109	1
0	403	221.009229300109	2
0	405	224.023728925133	1
0	407	224.023728925133	2
0	409	225.838295839589	1
0	411	225.838295839589	2
0	415	226.380187254616	1
0	417	226.380187254616	2
0	421	228.292602067589	1
0	423	228.292602067589	2
0	429	232.702101708476	1
0	431	232.702101708476	2
0	435	233.875150591923	1
0	437	233.875150591923	2
0	439	235.516275993926	1
0	441	235.516275993926	2
0	449	240.793129517923	1
0	451	240.793129517923	2
0	455	245.399175673111	1
0	457	245.399175673111	2
0	461	251.238036021402	1
0	463	251.238036021402	2
0	465	252.826321613147	1
0	467	252.826321613147	2
0	473	265.949278434125	1
0	475	265.949278434125	2
0	479	269.185021129557	1
0	481	269.185021129557	2
0	483	276.652606376184	1
0	485	276.652606376184	2
0	489	279.021899938756	1
0	491	279.021899938756	2
0	497	282.610287433273	1
0	499	282.610287433273	2
0	503	285.529794136863	1
0	505	285.529794136863	2
0	507	292.233192636766	1
0	509	292.233192636766	2
0	511	297.557404225553	1
0	513	297.557404225553	2
0	519	299.757081501606	1
0	521	299.757081501606	2
0	527	305.711991660486	1
0	529	305.711991660486	2
0	533	329.456053602148	1
0	535	329.456053602148	2
0	539	332.478217747675	1
0	541	332.478217747675	2
0	545	337.528141639321	1
0	547	337.528141639321	2
0	551	344.844186763567	1
0	553	344.844186763567	2
0	557	357.593054146209	1
0	559	357.593054146209	2
0	563	361.600568970679	1
0	565	361.600568970679	2
0	567	361.618082864645	1
0	569	361.618082864645	2
0	571	362.80277860347	1
0	573	362.80277860347	2
0	575	364.333999739861	1
0	577	364.333999739861	2
0	585	368.275845810685	1
0	587	368.275845810685	2
0	591	372.534612197501	1
0	593	372.534612197501	2
0	597	374.911011302842	1
0	599	374.911011302842	2
0	601	376.025656160148	1
0	603	376.025656160148	2
0	609	378.569177856544	1
0	611	378.569177856544	2
0	615	378.687036046368	1
0	617	378.687036046368	2
0	619	378.771272031793	1
0	621	378.771272031793	2
0	623	379.189318775184	1
0	625	379.189318775184	2
0	627	379.212025999366	1
0	629	379.212025999366	2
0	637	380.309048622711	1
0	639	380.309048622711	2
0	647	388.321508179564	1
0	649	388.321508179564	2
0	653	397.860510431888	1
0	655	397.860510431888	2
0	659	410.725738964061	1
0	661	410.725738964061	2
0	665	411.187618931714	1
0	667	411.187618931714	2
0	671	416.05692164659	1
0	673	416.05692164659	2
0	675	418.2252132189	1
0	677	418.2252132189	2
0	679	418.785710839907	1
0	681	418.785710839907	2
0	685	420.727357231658	1
0	687	420.727357231658	2
0	695	431.250667826654	1
0	697	431.250667826654	2
0	701	438.707334606995	1
0	703	438.707334606995	2
0	707	440.726709004924	1
0	709	440.726709004924	2
0	711	442.775620335607	1
0	713	442.775620335607	2
0	715	445.078441862649	1
0	717	445.078441862649	2
0	723	449.016827143974	1
0	725	449.016827143974	2
0	731	450.268189376248	1
0	733	450.268189376248	2
0	735	451.101405408394	1
0	737	451.101405408394	2
0	743	461.409704168401	1
0	745	461.409704168401	2
0	749	472.453891590721	1
0	751	472.453891590721	2
0	755	476.758485282871	1
0	757	476.758485282871	2
0	759	478.602959365004	1
0	761	478.602959365004	2
0	763	479.656912559021	1
0	765	479.656912559021	2
0	771	482.252088913372	1
0	773	482.252088913372	2
0	777	485.134588877373	1
0	779	485.134588877373	2
0	783	485.969041739856	1
0	785	485.969041739856	2
0	789	487.658608000439	1
0	791	487.658608000439	2
0	797	495.910663683042	1
0	799	495.910663683042	2
0	803	507.263473066296	1
0	805	507.263473066296	2
0	807	510.168250611532	1
0	809	510.168250611532	2
0	815	514.410943431332	1
0	817	514.410943431332	2
0	819	514.44529459849	1
0	821	514.44529459849	2
0	827	521.895129518445	1
0	829	521.895129518445	2
0	833	523.842311976594	1
0	835	523.842311976594	2
0	837	524.591555148839	1
0	839	524.591555148839	2
0	843	526.268540183289	1
0	845	526.268540183289	2
0	851	531.663467053159	1
0	853	531.663467053159	2
0	855	531.71670472559	1
0	857	531.71670472559	2
0	863	546.885499787264	1
0	865	546.885499787264	2
0	869	552.222196834634	1
0	871	552.222196834634	2
0	875	555.97339188213	1
0	877	555.97339188213	2
0	881	559.56076737424	1
0	883	559.56076737424	2
0	885	560.738312700027	1
0	887	560.738312700027	2
0	891	568.326421167146	1
0	893	568.326421167146	2
0	897	569.116807318655	1
0	899	569.116807318655	2
0	905	575.874750443223	1
0	907	575.874750443223	2
0	911	579.539477771564	1
0	913	579.539477771564	2
0	915	581.038405952403	1
0	917	581.038405952403	2
0	919	581.557282152164	1
0	921	581.557282152164	2
0	923	581.803254233617	1
0	925	581.803254233617	2
0	927	582.141506330483	1
0	929	582.141506330483	2
0	941	586.692009736719	1
0	943	586.692009736719	2
0	947	592.993718133325	1
0	949	592.993718133325	2
0	951	593.754523305833	1
0	953	593.754523305833	2
0	959	598.074138571463	1
0	961	598.074138571463	2
0	965	605.284703175932	1
0	967	605.284703175932	2
0	971	606.257028642403	1
0	973	606.257028642403	2
0	975	608.617138878686	1
0	977	608.617138878686	2
0	979	611.881665111598	1
0	981	611.881665111598	2
0	989	614.928318042367	1
0	991	614.928318042367	2
0	995	619.260929210137	1
0	997	619.260929210137	2
0	1001	622.706799195248	1
0	1003	622.706799195248	2
0	1007	626.195816102832	1
0	1009	626.195816102832	2
0	1011	629.187116399051	1
0	1013	629.187116399051	2
0	1015	629.717538803229	1
0	1017	629.717538803229	2
0	1021	632.637570441614	1
0	1023	632.637570441614	2
0	1031	636.643740096503	1
0	1033	636.643740096503	2
0	1037	640.646404592895	1
0	1039	640.646404592895	2
0	1043	644.565238483712	1
0	1045	644.565238483712	2
0	1049	657.67121095581	1
0	1051	657.67121095581	2
0	1055	660.089832005118	1
0	1057	660.089832005118	2
0	1061	668.682650203763	1
0	1063	668.682650203763	2
0	1067	681.830071268457	1
0	1069	681.830071268457	2
0	1073	703.82443973979	1
0	1075	703.82443973979	2
0	1077	706.89772639571	1
0	1079	706.89772639571	2
0	1085	714.34973256714	1
0	1087	714.34973256714	2
0	1089	714.401734639381	1
0	1091	714.401734639381	2
0	1097	717.960300038153	1
0	1099	717.960300038153	2
0	1101	719.763064379841	1
0	1103	719.763064379841	2
0	1105	721.651269405922	1
0	1107	721.651269405922	2
0	1109	722.689192961061	1
0	1111	722.689192961061	2
0	1119	730.94410767359	1
0	1121	730.94410767359	2
0	1127	736.279468658656	1
0	1129	736.279468658656	2
0	1131	737.038171011433	1
0	1133	737.038171011433	2
0	1139	740.020722337422	1
0	1141	740.020722337422	2
0	1143	742.296702406756	1
0	1145	742.296702406756	2
0	1151	766.276606564537	1
0	1153	766.276606564537	2
0	1157	771.128432175063	1
0	1159	771.128432175063	2
0	1163	775.338873567973	1
0	1165	775.338873567973	2
0	1167	775.817858611985	1
0	1169	775.817858611985	2
0	1171	775.981966739718	1
0	1173	775.981966739718	2
0	1177	776.966129391788	1
0	1179	776.966129391788	2
0	1183	777.165669405157	1
0	1185	777.165669405157	2
0	1193	786.689883597527	1
0	1195	786.689883597527	2
0	1197	787.046984421531	1
0	1199	787.046984421531	2
0	1205	796.81442662765	1
0	1207	796.81442662765	2
0	1209	798.879237076559	1
0	1211	798.879237076559	2
0	1217	799.144880017294	1
0	1219	799.144880017294	2
0	1223	801.469291767238	1
0	1225	801.469291767238	2
0	1227	802.353933917896	1
0	1229	802.353933917896	2
0	1235	804.953479246995	1
0	1237	804.953479246995	2
0	1241	808.280639691108	1
0	1243	808.280639691108	2
0	1247	810.74559860851	1
0	1249	810.74559860851	2
0	1253	812.327408717711	1
0	1255	812.327408717711	2
0	1257	818.566434020883	1
0	1259	818.566434020883	2
0	1265	821.171469226044	1
0	1267	821.171469226044	2
0	1271	822.861256839767	1
0	1273	822.861256839767	2
0	1275	823.88579091674	1
0	1277	823.88579091674	2
0	1281	828.572055503746	1
0	1283	828.572055503746	2
0	1287	829.272704153488	1
0	1289	829.272704153488	2
0	1295	837.834548267964	1
0	1297	837.834548267964	2
0	1299	843.112713126219	1
0	1301	843.112713126219	2
0	1303	843.566982053871	1
0	1305	843.566982053871	2
0	1311	844.510460875869	1
0	1313	844.510460875869	2
0	1319	847.776351524179	1
0	1321	847.776351524179	2
0	1325	851.676123154157	1
0	1327	851.676123154157	2
0	1331	861.455907378517	1
0	1333	861.455907378517	2
0	1335	865.580869865693	1
0	1337	865.580869865693	2
0	1343	872.528609128641	1
0	1345	872.528609128641	2
0	1349	876.228828157219	1
0	1351	876.228828157219	2
0	1353	876.310519167075	1
0	1355	876.310519167075	2
0	1361	894.007839229636	1
0	1363	894.007839229636	2
0	1365	894.749444425571	1
0	1367	894.749444425571	2
0	1373	899.646511646533	1
0	1375	899.646511646533	2
0	1377	899.751090007282	1
0	1379	899.751090007282	2
0	1385	904.556581720511	1
0	1387	904.556581720511	2
0	1391	906.287170685333	1
0	1393	906.287170685333	2
0	1395	907.818963346852	1
0	1397	907.818963346852	2
0	1401	910.30409706152	1
0	1403	910.30409706152	2
0	1409	913.010463925614	1
0	1411	913.010463925614	2
0	1413	913.22634608041	1
0	1415	913.22634608041	2
0	1419	914.059854641711	1
0	1421	914.059854641711	2
0	1423	914.107964202197	1
0	1425	914.107964202197	2
0	1429	918.482664526037	1
0	1431	918.482664526037	2
0	1433	918.722763431624	1
0	1435	918.722763431624	2
0	1439	921.111928745661	1
0	1441	921.111928745661	2
0	1447	922.066817911485	1
0	1449	922.066817911485	2
0	1451	923.160389490525	1
0	1453	923.160389490525	2
0	1455	923.887574348104	1
0	1457	923.887574348104	2
0	1469	930.771982666639	1
0	1471	930.771982666639	2
0	1473	932.471531377571	1
0	1475	932.471531377571	2
0	1481	940.275480782426	1
0	1483	940.275480782426	2
0	1485	941.025855153774	1
0	1487	941.025855153774	2
0	1491	942.133495308064	1
0	1493	942.133495308064	2
0	1499	955.881350679668	1
0	1501	955.881350679668	2
0	1505	957.227175298357	1
0	1507	957.227175298357	2
0	1511	958.306020152044	1
0	1513	958.306020152044	2
0	1517	964.452481029178	1
0	1519	964.452481029178	2
0	1521	968.086552320385	1
0	1523	968.086552320385	2
0	1525	968.925508606	1
0	1527	968.925508606	2
0	1535	978.614835427666	1
0	1537	978.614835427666	2
0	1539	979.042240900904	1
0	1541	979.042240900904	2
0	1543	979.460489801358	1
0	1545	979.460489801358	2
0	1553	989.428336870936	1
0	1555	989.428336870936	2
0	1557	990.507279154887	1
0	1559	990.507279154887	2
0	1563	991.204297299676	1
0	1565	991.204297299676	2
0	1569	994.584585151687	1
0	1571	994.584585151687	2
0	1573	994.595210094386	1
0	1575	994.595210094386	2
0	1577	994.773154890539	1
0	1579	994.773154890539	2
0	1585	998.957411476505	1
0	1587	998.957411476505	2
1	231	102.610689625338	7.541484782517
1	237	107.185134444414	7.647509170192
1	245	119.85292442448	17.242234799142
1	251	128.614371716564	21.42923727215
1	255	130.050747716753	10.197823292273
1	263	142.883982236147	14.269610519583
1	269	150.34599853113	20.295250814377
1	273	151.057229023313	8.173246787166
1	281	169.573718214951	19.227719683821
1	285	169.987809948359	18.930580925046
1	289	170.938390400041	1.36467218509
1	293	171.091200668222	1.103390719863
1	299	171.701329977217	0.762939577176
1	311	180.18146926058	9.090268592358
1	315	180.772451330286	9.071121353069
1	319	180.983495464345	0.802026203765
1	323	181.657637356583	0.885186026297
1	335	184.424604060898	3.441108596553
1	341	185.669565370528	4.011928013945
1	345	185.750514682335	1.325910621437
1	349	187.506715757462	1.837150386934
1	359	193.10486075355	7.354346071215
1	363	194.42519699319	6.918481235728
1	371	199.358734937292	6.253874183742
1	377	204.672125863282	10.246928870092
1	381	204.815742788552	5.45700785126
1	389	210.290735421114	5.618609557832
1	393	214.914967705872	10.09922491732
1	401	221.009229300109	10.718493878995
1	405	224.023728925133	9.108761219261
1	409	225.838295839589	4.82906653948
1	415	226.380187254616	2.356458329483
1	421	228.292602067589	2.454306228
1	429	232.702101708476	6.32191445386
1	435	233.875150591923	5.582548524334
1	439	235.516275993926	2.81417428545
1	449	240.793129517923	6.917978926
1	455	245.399175673111	9.882899679185
1	461	251.238036021402	10.444906503479
1	465	252.826321613147	7.427145940036
1	473	265.949278434125	14.711242412723
1	479	269.185021129557	16.35869951641
1	483	276.652606376184	10.703327942059
1	489	279.021899938756	9.836878809199
1	497	282.610287433273	5.957681057089
1	503	285.529794136863	6.507894198107
1	507	292.233192636766	9.622905203493
1	511	297.557404225553	12.02761008869
1	519	299.757081501606	7.52388886484
1	527	305.711991660486	8.154587434933
1	533	329.456053602148	29.698972100542
1	539	332.478217747675	26.766226087189
1	545	337.528141639321	8.072088037173
1	551	344.844186763567	12.365969015892
1	557	357.593054146209	20.064912506888
1	563	361.600568970679	16.756382207112
1	567	361.618082864645	4.025028718436
1	571	362.80277860347	1.202209632791
1	575	364.333999739861	2.715916875216
1	585	368.275845810685	5.473067207215
1	591	372.534612197501	8.20061245764
1	597	374.911011302842	6.635165492157
1	601	376.025656160148	3.491043962647
1	609	378.569177856544	3.658166553702
1	615	378.687036046368	2.66137988622
1	619	378.771272031793	0.202094175249
1	623	379.189318775184	0.502282728816
1	627	379.212025999366	0.440753967573
1	637	380.309048622711	1.119729847527
1	647	388.321508179564	9.109482180198
1	653	397.860510431888	17.551461809177
1	659	410.725738964061	22.404230784497
1	665	411.187618931714	13.327108499826
1	671	416.05692164659	5.331182682529
1	675	418.2252132189	7.037594287186
1	679	418.785710839907	2.728789193317
1	685	420.727357231658	2.502144012758
1	695	431.250667826654	12.464956986747
1	701	438.707334606995	17.979977375337
1	707	440.726709004924	9.47604117827
1	711	442.775620335607	4.068285728612
1	715	445.078441862649	4.351732857725
1	723	449.016827143974	6.241206808367
1	731	450.268189376248	5.189747513599
1	735	451.101405408394	2.08457826442
1	743	461.409704168401	11.141514792153
1	749	472.453891590721	21.352486182327
1	755	476.758485282871	15.34878111447
1	759	478.602959365004	6.149067774283
1	763	479.656912559021	2.89842727615
1	771	482.252088913372	3.649129548368
1	777	485.134588877373	5.477676318352
1	783	485.969041739856	3.716952826484
1	789	487.658608000439	2.524019123066
1	797	495.910663683042	9.941621943186
1	803	507.263473066296	19.604865065857
1	807	510.168250611532	14.25758692849
1	815	514.410943431332	7.147470365036
1	819	514.44529459849	4.277043986958
1	827	521.895129518445	7.484186087113
1	833	523.842311976594	9.397017378104
1	837	524.591555148839	2.696425630394
1	843	526.268540183289	2.426228206695
1	851	531.663467053159	7.07191190432
1	855	531.71670472559	5.448164542301
1	863	546.885499787264	15.222032734105
1	869	552.222196834634	20.505492109044
1	875	555.97339188213	9.087892094866
1	881	559.56076737424	7.338570539606
1	885	560.738312700027	4.764920817897
1	891	568.326421167146	8.765653792906
1	897	569.116807318655	8.378494618628
1	905	575.874750443223	7.548329276077
1	911	579.539477771564	10.422670452909
1	915	581.038405952403	5.16365550918
1	919	581.557282152164	2.0178043806
1	923	581.803254233617	0.764848281214
1	927	582.141506330483	0.584224178319
1	941	586.692009736719	4.888755503102
1	947	592.993718133325	10.852211802842
1	951	593.754523305833	7.062513569114
1	959	598.074138571463	5.080420438138
1	965	605.284703175932	11.530179870099
1	971	606.257028642403	8.18289007094
1	975	608.617138878686	3.332435702754
1	979	611.881665111598	5.624636469195
1	989	614.928318042367	6.311179163681
1	995	619.260929210137	7.379264098539
1	1001	622.706799195248	7.778481152881
1	1007	626.195816102832	6.934886892695
1	1011	629.187116399051	6.480317203803
1	1015	629.717538803229	3.521722700397
1	1021	632.637570441614	3.450454042563
1	1031	636.643740096503	6.926201293274
1	1037	640.646404592895	8.008834151281
1	1043	644.565238483712	7.921498387209
1	1049	657.67121095581	17.024806362915
1	1055	660.089832005118	15.524593521406
1	1061	668.682650203763	11.011439247953
1	1067	681.830071268457	21.740239263339
1	1073	703.82443973979	35.141789536027
1	1077	706.89772639571	25.067655127253
1	1085	714.34973256714	10.52529282735
1	1089	714.401734639381	7.504008243671
1	1097	717.960300038153	3.610567471013
1	1101	719.763064379841	5.36132974046
1	1105	721.651269405922	3.690969367769
1	1109	722.689192961061	2.92612858122
1	1119	730.94410767359	9.292838267668
1	1127	736.279468658656	13.590275697595
1	1131	737.038171011433	6.094063337843
1	1139	740.020722337422	3.741253678766
1	1143	742.296702406756	5.258531395323
1	1151	766.276606564537	26.255884227115
1	1157	771.128432175063	28.831729768307
1	1163	775.338873567973	9.062267003436
1	1167	775.817858611985	4.689426436922
1	1171	775.981966739718	0.643093171745
1	1177	776.966129391788	1.148270779803
1	1183	777.165669405157	1.183702665439
1	1193	786.689883597527	9.723754205739
1	1197	787.046984421531	9.881315016374
1	1205	796.81442662765	10.124543030123
1	1209	798.879237076559	11.832252655028
1	1217	799.144880017294	2.330453389644
1	1223	801.469291767238	2.590054690679
1	1227	802.353933917896	3.209053900602
1	1235	804.953479246995	3.484187479757
1	1241	808.280639691108	5.926705773212
1	1247	810.74559860851	5.792119361515
1	1253	812.327408717711	4.046769026603
1	1257	818.566434020883	7.820835412373
1	1265	821.171469226044	8.844060508333
1	1271	822.861256839767	4.294822818884
1	1275	823.88579091674	2.714321690696
1	1281	828.572055503746	5.710798663979
1	1287	829.272704153488	5.386913236748
1	1295	837.834548267964	9.262492764218
1	1299	843.112713126219	13.840008972731
1	1303	843.566982053871	5.732433785907
1	1311	844.510460875869	1.39774774965
1	1319	847.776351524179	4.209369470308
1	1325	851.676123154157	7.165662278288
1	1331	861.455907378517	13.679555854338
1	1335	865.580869865693	13.904746711536
1	1343	872.528609128641	11.072701750124
1	1349	876.228828157219	10.647958291526
1	1353	876.310519167075	3.781910038434
1	1361	894.007839229636	17.779011072417
1	1365	894.749444425571	18.438925258496
1	1373	899.646511646533	5.638672416897
1	1377	899.751090007282	5.001645581711
1	1385	904.556581720511	4.910070073978
1	1391	906.287170685333	6.536080678051
1	1395	907.818963346852	3.262381626341
1	1401	910.30409706152	4.016926376187
1	1409	913.010463925614	5.191500578762
1	1413	913.22634608041	2.92224901889
1	1419	914.059854641711	1.049390716097
1	1423	914.107964202197	0.881618121787
1	1429	918.482664526037	4.422809884326
1	1433	918.722763431624	4.614799229427
1	1439	921.111928745661	2.629264219624
1	1447	922.066817911485	3.344054479861
1	1451	923.160389490525	2.048460744864
1	1455	923.887574348104	1.820756436619
1	1469	930.771982666639	7.611593176114
1	1473	932.471531377571	8.583957029467
1	1481	940.275480782426	9.503498115787
1	1485	941.025855153774	8.554323776203
1	1491	942.133495308064	1.858014525638
1	1499	955.881350679668	14.855495525894
1	1505	957.227175298357	15.093679990293
1	1511	958.306020152044	2.424669472376
1	1517	964.452481029178	7.225305730821
1	1521	968.086552320385	9.780532168341
1	1525	968.925508606	4.473027576822
1	1535	978.614835427666	10.528283107281
1	1539	979.042240900904	10.116732294904
1	1543	979.460489801358	0.845654373692
1	1553	989.428336870936	10.386095970032
1	1557	990.507279154887	11.046789353529
1	1563	991.204297299676	1.77596042874
1	1569	994.584585151687	4.0773059968
1	1573	994.595210094386	3.39091279471
1	1577	994.773154890539	0.188569738852
1	1585	998.957411476505	4.362201382119
2	232	102.610689625338	15
2	236	103.100834239699	16
2	238	107.185134444414	15
2	242	107.546804707695	16
2	244	109.165342424962	17
2	246	119.85292442448	16
2	250	121.162688484084	17
2	252	128.614371716564	16
2	256	130.050747716753	15
2	260	131.677402970925	16
2	262	131.681894937888	17
2	264	142.883982236147	16
2	268	143.505090687057	17
2	270	150.34599853113	16
2	274	151.057229023313	15
2	278	151.646502922986	16
2	280	153.031968840442	17
2	282	169.573718214951	16
2	286	169.987809948359	15
2	290	170.938390400041	14
2	294	171.091200668222	13
2	298	171.53443881054	14
2	300	171.701329977217	13
2	304	172.357443022043	14
2	306	172.667114219727	15
2	308	174.432323944226	16
2	310	177.282887142877	17
2	312	180.18146926058	16
2	316	180.772451330286	15
2	320	180.983495464345	14
2	324	181.657637356583	13
2	328	181.673332958944	14
2	330	181.917622233671	15
2	332	184.018814092123	16
2	334	184.192256352206	17
2	336	184.424604060898	16
2	340	185.121551666112	17
2	342	185.669565370528	16
2	346	185.750514682335	15
2	350	187.506715757462	14
2	354	189.536922524805	15
2	356	190.81130081037	16
2	358	191.763672357449	17
2	360	193.10486075355	16
2	364	194.42519699319	15
2	368	194.638731325381	16
2	370	194.666562994843	17
2	372	199.358734937292	16
2	376	200.146354207276	17
2	378	204.672125863282	16
2	382	204.815742788552	15
2	386	205.346267467203	16
2	388	205.346383651453	17
2	390	210.290735421114	16
2	394	214.914967705872	15
2	398	215.78059343103	16
2	400	219.110786673233	17
2	402	221.009229300109	16
2	406	224.023728925133	15
2	410	225.838295839589	14
2	414	226.315111605855	15
2	416	226.380187254616	14
2	420	228.00380068592	15
2	422	228.292602067589	14
2	426	228.446783033345	15
2	428	228.526677215535	16
2	430	232.702101708476	15
2	434	232.853831343263	16
2	436	233.875150591923	15
2	440	235.516275993926	14
2	444	235.971912322415	15
2	446	236.665405790455	16
2	448	236.875549540013	17
2	450	240.793129517923	16
2	454	242.590544296198	17
2	456	245.399175673111	16
2	460	250.036873519585	17
2	462	251.238036021402	16
2	466	252.826321613147	15
2	470	256.563748662898	16
2	472	257.337563889996	17
2	474	265.949278434125	16
2	478	268.028675070095	17
2	480	269.185021129557	16
2	484	276.652606376184	15
2	488	277.874645786887	16
2	490	279.021899938756	15
2	494	279.435187365853	16
2	496	279.965960684033	17
2	498	282.610287433273	16
2	502	285.086195835213	17
2	504	285.529794136863	16
2	508	292.233192636766	15
2	512	297.557404225553	14
2	516	297.957347825946	15
2	518	298.861560826872	16
2	520	299.757081501606	15
2	524	300.53399926342	16
2	526	301.217892962528	17
2	528	305.711991660486	16
2	532	307.366743404455	17
2	534	329.456053602148	16
2	538	330.04319331085	17
2	540	332.478217747675	16
2	544	332.511807476354	17
2	546	337.528141639321	16
2	550	341.959165135224	17
2	552	344.844186763567	16
2	556	353.902525911397	17
2	558	357.593054146209	16
2	562	358.473876857047	17
2	564	361.600568970679	16
2	568	361.618082864645	15
2	572	362.80277860347	14
2	576	364.333999739861	13
2	580	366.077150199276	14
2	582	366.356994111545	15
2	584	368.202237188461	16
2	586	368.275845810685	15
2	590	371.303647092886	16
2	592	372.534612197501	15
2	596	373.908385658205	16
2	598	374.911011302842	15
2	602	376.025656160148	14
2	606	376.601653020925	15
2	608	377.208185229893	16
2	610	378.569177856544	15
2	614	378.632446180264	16
2	616	378.687036046368	15
2	620	378.771272031793	14
2	624	379.189318775184	13
2	628	379.212025999366	12
2	632	379.37224067922	13
2	634	379.392604111142	14
2	636	379.670342336727	15
2	638	380.309048622711	14
2	642	380.918911571516	15
2	644	382.185622184066	16
2	646	383.296370328416	17
2	648	388.321508179564	16
2	652	389.429741952029	17
2	654	397.860510431888	16
2	658	403.62697627882	17
2	660	410.725738964061	16
2	664	410.99216575211	17
2	666	411.187618931714	16
2	670	413.837386688128	17
2	672	416.05692164659	16
2	676	418.2252132189	15
2	680	418.785710839907	14
2	684	418.816053186581	15
2	686	420.727357231658	14
2	690	420.872059886378	15
2	692	420.920989535327	16
2	694	421.662238938341	17
2	696	431.250667826654	16
2	700	435.214961761268	17
2	702	438.707334606995	16
2	706	439.799364559247	17
2	708	440.726709004924	16
2	712	442.775620335607	15
2	716	445.078441862649	14
2	720	445.521469589179	15
2	722	446.837327455508	16
2	724	449.016827143974	15
2	728	449.5438824159	16
2	730	450.212966668401	17
2	732	450.268189376248	16
2	736	451.101405408394	15
2	740	457.052285793001	16
2	742	459.310462298566	17
2	744	461.409704168401	16
2	748	469.724057947447	17
2	750	472.453891590721	16
2	754	472.67919388049	17
2	756	476.758485282871	16
2	760	478.602959365004	15
2	764	479.656912559021	14
2	768	480.412850036016	15
2	770	481.670182547413	16
2	772	482.252088913372	15
2	776	482.506680092395	16
2	778	485.134588877373	15
2	782	485.860923745243	16
2	784	485.969041739856	15
2	788	486.53305145668	16
2	790	487.658608000439	15
2	794	488.080855424396	16
2	796	489.256573545935	17
2	798	495.910663683042	16
2	802	499.961985495893	17
2	804	507.263473066296	16
2	808	510.168250611532	15
2	812	510.771653252536	16
2	814	512.353812696422	17
2	816	514.410943431332	16
2	820	514.44529459849	15
2	824	515.98021727162	16
2	826	517.16361155704	17
2	828	521.895129518445	16
2	832	523.184190243589	17
2	834	523.842311976594	16
2	838	524.591555148839	15
2	842	525.787948998367	16
2	844	526.268540183289	15
2	848	528.709865294487	16
2	850	530.82421846783	17
2	852	531.663467053159	16
2	856	531.71670472559	15
2	860	533.150737768129	16
2	862	540.450403239808	17
2	864	546.885499787264	16
2	868	548.837308012806	17
2	870	552.222196834634	16
2	874	554.533144756893	17
2	876	555.97339188213	16
2	880	556.54748862707	17
2	882	559.56076737424	16
2	886	560.738312700027	15
2	890	561.012823372268	16
2	892	568.326421167146	15
2	896	568.382904855111	16
2	898	569.116807318655	15
2	902	571.184621540288	16
2	904	574.821231752017	17
2	906	575.874750443223	16
2	910	577.791638892153	17
2	912	579.539477771564	16
2	916	581.038405952403	15
2	920	581.557282152164	14
2	924	581.803254233617	13
2	928	582.141506330483	12
2	932	582.30889650533	13
2	934	583.675819522943	14
2	936	583.759196626069	15
2	938	584.282625863569	16
2	940	585.50407889952	17
2	942	586.692009736719	16
2	946	589.772679569707	17
2	948	592.993718133325	16
2	952	593.754523305833	15
2	956	593.756622768744	16
2	958	595.603599197119	17
2	960	598.074138571463	16
2	964	598.54432902998	17
2	966	605.284703175932	16
2	970	606.061482364994	17
2	972	606.257028642403	16
2	976	608.617138878686	15
2	980	611.881665111598	14
2	984	612.895760562086	15
2	986	613.558024610047	16
2	988	614.136299763719	17
2	990	614.928318042367	16
2	994	616.922416591553	17
2	996	619.260929210137	16
2	1000	621.884193237172	17
2	1002	622.706799195248	16
2	1006	625.335784745093	17
2	1008	626.195816102832	16
2	1012	629.187116399051	15
2	1016	629.717538803229	14
2	1020	630.443788688194	15
2	1022	632.637570441614	14
2	1026	632.882104115335	15
2	1028	635.157374898421	16
2	1030	636.342685891627	17
2	1032	636.643740096503	16
2	1036	638.145502418161	17
2	1038	640.646404592895	16
2	1042	641.811806662972	17
2	1044	644.565238483712	16
2	1048	652.162343606708	17
2	1050	657.67121095581	16
2	1054	657.993483026797	17
2	1056	660.089832005118	16
2	1060	661.955892934788	17
2	1062	668.682650203763	16
2	1066	673.661151777764	17
2	1068	681.830071268457	16
2	1072	685.392564655221	17
2	1074	703.82443973979	16
2	1078	706.89772639571	15
2	1082	708.21234659438	16
2	1084	713.457539439636	17
2	1086	714.34973256714	16
2	1090	714.401734639381	15
2	1094	714.860538028015	16
2	1096	715.052683985252	17
2	1098	717.960300038153	16
2	1102	719.763064379841	15
2	1106	721.651269405922	14
2	1110	722.689192961061	13
2	1114	724.471176801893	14
2	1116	725.720165582186	15
2	1118	728.598687887861	16
2	1120	730.94410767359	15
2	1124	734.029619855771	16
2	1126	735.791920365674	17
2	1128	736.279468658656	16
2	1132	737.038171011433	15
2	1136	737.13051868212	16
2	1138	739.117668874316	17
2	1140	740.020722337422	16
2	1144	742.296702406756	15
2	1148	745.124298838006	16
2	1150	746.525124486102	17
2	1152	766.276606564537	16
2	1156	768.99148439173	17
2	1158	771.128432175063	16
2	1162	771.586011617497	17
2	1164	775.338873567973	16
2	1168	775.817858611985	15
2	1172	775.981966739718	14
2	1176	776.845244712957	15
2	1178	776.966129391788	14
2	1182	776.996288742344	15
2	1184	777.165669405157	14
2	1188	778.352500739518	15
2	1190	778.561861054621	16
2	1192	781.600644890978	17
2	1194	786.689883597527	16
2	1198	787.046984421531	15
2	1202	788.196419642418	16
2	1204	789.587277757308	17
2	1206	796.81442662765	16
2	1210	798.879237076559	15
2	1214	798.934560910701	16
2	1216	799.000867574285	17
2	1218	799.144880017294	16
2	1222	800.080974812853	17
2	1224	801.469291767238	16
2	1228	802.353933917896	15
2	1232	803.18660571842	16
2	1234	804.193762292109	17
2	1236	804.953479246995	16
2	1240	805.205509583374	17
2	1242	808.280639691108	16
2	1246	810.699080317471	17
2	1248	810.74559860851	16
2	1252	812.032290464777	17
2	1254	812.327408717711	16
2	1258	818.566434020883	15
2	1262	818.68753672576	16
2	1264	818.935145951423	17
2	1266	821.171469226044	16
2	1270	821.323574695633	17
2	1272	822.861256839767	16
2	1276	823.88579091674	15
2	1280	828.359796173121	16
2	1282	828.572055503746	15
2	1286	829.178621814552	16
2	1288	829.272704153488	15
2	1292	831.163373031178	16
2	1294	831.214188677649	17
2	1296	837.834548267964	16
2	1300	843.112713126219	15
2	1304	843.566982053871	14
2	1308	843.842854351305	15
2	1310	843.941923626019	16
2	1312	844.510460875869	15
2	1316	845.595023637307	16
2	1318	847.11576719872	17
2	1320	847.776351524179	16
2	1324	848.134933933408	17
2	1326	851.676123154157	16
2	1330	852.404002457288	17
2	1332	861.455907378517	16
2	1336	865.580869865693	15
2	1340	866.227093655608	16
2	1342	871.145497901291	17
2	1344	872.528609128641	16
2	1348	875.163420478189	17
2	1350	876.228828157219	16
2	1354	876.310519167075	15
2	1358	876.730269665935	16
2	1360	878.906862838173	17
2	1362	894.007839229636	16
2	1366	894.749444425571	15
2	1370	895.310230999843	16
2	1372	895.501191368041	17
2	1374	899.646511646533	16
2	1378	899.751090007282	15
2	1382	902.073354727572	16
2	1384	904.240886041947	17
2	1386	904.556581720511	16
2	1390	905.743559275429	17
2	1392	906.287170685333	16
2	1396	907.818963346852	15
2	1400	908.270462874265	16
2	1402	910.30409706152	15
2	1406	910.380448591106	16
2	1408	910.874433608594	17
2	1410	913.010463925614	16
2	1414	913.22634608041	15
2	1418	913.51680536064	16
2	1420	914.059854641711	15
2	1424	914.107964202197	14
2	1428	914.287729478177	15
2	1430	918.482664526037	14
2	1434	918.722763431624	13
2	1438	919.563886901741	14
2	1440	921.111928745661	13
2	1444	921.644764933852	14
2	1446	921.649398530144	15
2	1448	922.066817911485	14
2	1452	923.160389490525	13
2	1456	923.887574348104	12
2	1460	924.815219927242	13
2	1462	925.057887101051	14
2	1464	926.408861086379	15
2	1466	927.683632272478	16
2	1468	930.462902418452	17
2	1470	930.771982666639	16
2	1474	932.471531377571	15
2	1478	934.758489057242	16
2	1480	940.000992661377	17
2	1482	940.275480782426	16
2	1486	941.025855153774	15
2	1490	941.516439820912	16
2	1492	942.133495308064	15
2	1496	942.765030136741	16
2	1498	947.106326795	17
2	1500	955.881350679668	16
2	1504	957.074885141296	17
2	1506	957.227175298357	16
2	1510	958.218946456106	17
2	1512	958.306020152044	16
2	1516	959.549390005004	17
2	1518	964.452481029178	16
2	1522	968.086552320385	15
2	1526	968.925508606	14
2	1530	970.483189655912	15
2	1532	975.717610950435	16
2	1534	977.412944156897	17
2	1536	978.614835427666	16
2	1540	979.042240900904	15
2	1544	979.460489801358	14
2	1548	983.566731688039	15
2	1550	983.83417444925	16
2	1552	985.360260471756	17
2	1554	989.428336870936	16
2	1558	990.507279154887	15
2	1562	991.181204528851	16
2	1564	991.204297299676	15
2	1568	992.101754279099	16
2	1570	994.584585151687	15
2	1574	994.595210094386	14
2	1578	994.773154890539	13
2	1582	995.148446597443	14
2	1584	996.049783314237	15
2	1586	998.957411476505	14
2	1590	999.921684362791	15
3	232	102.610689625338	46.279628684059
3	238	107.185134444414	48.700426821894
3	246	119.85292442448	59.372500162293
3	252	128.614371716564	66.058491334461
3	256	130.050747716753	63.182725832865
3	264	142.883982236147	73.979368522428
3	270	150.34599853113	81.394785021024
3	274	151.057229023313	81.175466439044
3	282	169.573718214951	95.21334627914
3	286	169.987809948359	94.674026710734
3	290	170.938390400041	94.747346075123
3	294	171.091200668222	87.772952362139
3	300	171.701329977217	87.264926553057
3	312	180.18146926058	90.533343179964
3	316	180.772451330286	84.909642719059
3	320	180.983495464345	81.36863379304
3	324	181.657637356583	78.556803116884
3	336	184.424604060898	76.877799353203
3	342	185.669565370528	76.504222945566
3	346	185.750514682335	64.587826198251
3	350	187.506715757462	55.829312786537
3	360	193.10486075355	61.422965815662
3	364	194.42519699319	50.920106306133
3	372	199.358734937292	47.712232014306
3	378	204.672125863282	51.64015702284
3	382	204.815742788552	33.281303978012
3	390	210.290735421114	37.933292399071
3	394	214.914967705872	42.247853486145
3	402	221.009229300109	46.576905355883
3	406	224.023728925133	46.740841782256
3	410	225.838295839589	44.164962880645
3	416	226.380187254616	44.462565020945
3	422	228.292602067589	44.273787975466
3	430	232.702101708476	48.50984535627
3	436	233.875150591923	48.753598925811
3	440	235.516275993926	45.979353469121
3	450	240.793129517923	49.981828707553
3	456	245.399175673111	53.635503315662
3	462	251.238036021402	56.599304696021
3	466	252.826321613147	58.159758618304
3	474	265.949278434125	65.802924226849
3	480	269.185021129557	63.838753662354
3	484	276.652606376184	71.306222724731
3	490	279.021899938756	63.241306507726
3	498	282.610287433273	63.49950076004
3	504	285.529794136863	59.214682531008
3	508	292.233192636766	64.229391950846
3	512	297.557404225553	69.110621192208
3	520	299.757081501606	71.230404286071
3	528	305.711991660486	72.858160317223
3	534	329.456053602148	93.484141279733
3	540	332.478217747675	95.81281195722
3	546	337.528141639321	100.65259209931
3	552	344.844186763567	102.25364246737
3	558	357.593054146209	107.55618062662
3	564	361.600568970679	105.03682030778
3	568	361.618082864645	104.28051897465
3	572	362.80277860347	94.774103533375
3	576	364.333999739861	86.459353952974
3	586	368.275845810685	88.840658444832
3	592	372.534612197501	92.568651513468
3	598	374.911011302842	89.824815467629
3	602	376.025656160148	78.068308334202
3	610	378.569177856544	79.707617029672
3	616	378.687036046368	78.153036782948
3	620	378.771272031793	77.553379069265
3	624	379.189318775184	71.822575370729
3	628	379.212025999366	49.168832688516
3	638	380.309048622711	47.797241146357
3	648	388.321508179564	46.36234304434
3	654	397.860510431888	43.957984520491
3	660	410.725738964061	52.251862107014
3	666	411.187618931714	45.110468732438
3	672	416.05692164659	49.699927535045
3	676	418.2252132189	50.022976030439
3	680	418.785710839907	47.482063747021
3	686	420.727357231658	46.818971573453
3	696	431.250667826654	54.649014805729
3	702	438.707334606995	61.499149377102
3	708	440.726709004924	62.09426282466
3	712	442.775620335607	63.403379656387
3	716	445.078441862649	65.685837751507
3	724	449.016827143974	69.346484807247
3	732	450.268189376248	69.349277804732
3	736	451.101405408394	68.915783224328
3	744	461.409704168401	78.113333839985
3	750	472.453891590721	83.024149638692
3	756	476.758485282871	73.131509004051
3	760	478.602959365004	67.610793612894
3	764	479.656912559021	65.819525870893
3	772	482.252088913372	63.436035726791
3	778	485.134588877373	64.262528990995
3	784	485.969041739856	65.048052204529
3	790	487.658608000439	65.996369062098
3	798	495.910663683042	60.695701921774
3	804	507.263473066296	67.464108507049
3	808	510.168250611532	64.646781022353
3	816	514.410943431332	67.573615975824
3	820	514.44529459849	64.90141218259
3	828	521.895129518445	71.682162850044
3	834	523.842311976594	66.790026183593
3	838	524.591555148839	65.281092850273
3	844	526.268540183289	56.544482235842
3	852	531.663467053159	58.984273172669
3	856	531.71670472559	51.303854689574
3	864	546.885499787264	65.215317239851
3	870	552.222196834634	69.715516742239
3	876	555.97339188213	70.112468136887
3	882	559.56076737424	73.02771591756
3	886	560.738312700027	72.657457275631
3	892	568.326421167146	79.069847621211
3	898	569.116807318655	69.154821822762
3	906	575.874750443223	65.103097190687
3	912	579.539477771564	67.185665075142
3	916	581.038405952403	65.058188680783
3	920	581.557282152164	64.393670595124
3	924	581.803254233617	58.619063990028
3	928	582.141506330483	56.353557332116
3	942	586.692009736719	57.982144442232
3	948	592.993718133325	62.169499665495
3	952	593.754523305833	60.603785537704
3	960	598.074138571463	57.623735331655
3	966	605.284703175932	56.447395163126
3	972	606.257028642403	51.72388388551
3	976	608.617138878686	52.069650251616
3	980	611.881665111598	50.86884173933
3	990	614.928318042367	46.545413187256
3	996	619.260929210137	48.076307669849
3	1002	622.706799195248	47.885567443231
3	1008	626.195816102832	48.404177210679
3	1012	629.187116399051	46.878219893721
3	1016	629.717538803229	46.041719280286
3	1022	632.637570441614	48.878373815545
3	1032	636.643740096503	52.361114232934
3	1038	640.646404592895	55.142325693375
3	1044	644.565238483712	54.792558914005
3	1050	657.67121095581	63.914588187066
3	1056	660.089832005118	64.486232807999
3	1062	668.682650203763	70.138321173783
3	1068	681.830071268457	75.768588903463
3	1074	703.82443973979	90.928679177704
3	1078	706.89772639571	93.339701785663
3	1086	714.34973256714	100.21343280342
3	1090	714.401734639381	97.479318047828
3	1098	717.960300038153	96.076106800981
3	1102	719.763064379841	94.427279634748
3	1106	721.651269405922	91.207480717728
3	1110	722.689192961061	89.807088845726
3	1120	730.94410767359	95.786732775169
3	1128	736.279468658656	99.936782767029
3	1132	737.038171011433	98.892668593272
3	1140	740.020722337422	98.20891567445
3	1144	742.296702406756	90.134358800048
3	1152	766.276606564537	108.28312353774
3	1158	771.128432175063	109.17253924028
3	1164	775.338873567973	101.67772179021
3	1168	775.817858611985	90.425293956764
3	1172	775.981966739718	67.769620145338
3	1178	776.966129391788	63.508589952152
3	1184	777.165669405157	62.305131377142
3	1194	786.689883597527	71.637199612275
3	1198	787.046984421531	62.575807619638
3	1206	796.81442662765	71.094261045464
3	1210	798.879237076559	70.280549188698
3	1218	799.144880017294	65.115260161523
3	1224	801.469291767238	65.677371401564
3	1228	802.353933917896	65.223415235776
3	1236	804.953479246995	65.835810372679
3	1242	808.280639691108	63.156340853102
3	1248	810.74559860851	64.220474122408
3	1254	812.327408717711	43.335924325981
3	1258	818.566434020883	46.980422403386
3	1266	821.171469226044	44.326224513087
3	1272	822.861256839767	45.864968097423
3	1276	823.88579091674	45.533290177222
3	1282	828.572055503746	50.010194449125
3	1288	829.272704153488	47.67205926251
3	1296	837.834548267964	49.638128625546
3	1300	843.112713126219	53.525435368911
3	1304	843.566982053871	44.63242114317
3	1312	844.510460875869	45.509593301584
3	1320	847.776351524179	47.695376711326
3	1326	851.676123154157	48.489517435737
3	1332	861.455907378517	57.262145086408
3	1336	865.580869865693	60.375360282319
3	1344	872.528609128641	61.82952881117
3	1350	876.228828157219	64.196537692442
3	1354	876.310519167075	57.622982441315
3	1362	894.007839229636	75.072693278213
3	1366	894.749444425571	73.425869729938
3	1374	899.646511646533	71.286715473412
3	1378	899.751090007282	70.57246819273
3	1386	904.556581720511	73.393208689333
3	1392	906.287170685333	75.072982007684
3	1396	907.818963346852	63.976108995547
3	1402	910.30409706152	66.362173435501
3	1410	913.010463925614	67.415440288307
3	1414	913.22634608041	66.11057888169
3	1420	914.059854641711	65.924920708303
3	1424	914.107964202197	61.703961744909
3	1430	918.482664526037	52.255570870429
3	1434	918.722763431624	47.577265530333
3	1440	921.111928745661	45.948508267472
3	1448	922.066817911485	45.33654824555
3	1452	923.160389490525	44.253526652352
3	1456	923.887574348104	28.577343348261
3	1470	930.771982666639	35.270791298598
3	1474	932.471531377571	30.398176649999
3	1482	940.275480782426	36.034594740479
3	1486	941.025855153774	35.282295878345
3	1492	942.133495308064	33.863032433799
3	1500	955.881350679668	45.500902088562
3	1506	957.227175298357	46.352741689763
3	1512	958.306020152044	44.789214791404
3	1518	964.452481029178	50.164751551001
3	1522	968.086552320385	48.522665418644
3	1526	968.925508606	47.280743672148
3	1536	978.614835427666	56.965436897522
3	1540	979.042240900904	54.227020973662
3	1544	979.460489801358	54.402602700307
3	1554	989.428336870936	63.019475784557
3	1558	990.507279154887	62.823646882409
3	1564	991.204297299676	60.741394881224
3	1570	994.584585151687	59.826096094445
3	1574	994.595210094386	54.594217433009
3	1578	994.773154890539	53.256715069627
3	1586	998.957411476505	56.192381339764
4	232	102.610689625338	0
4	238	107.185134444414	0
4	246	119.85292442448	0
4	252	128.614371716564	0
4	256	130.050747716753	0
4	264	142.883982236147	0
4	270	150.34599853113	0
4	274	151.057229023313	0
4	282	169.573718214951	0
4	286	169.987809948359	0
4	290	170.938390400041	0
4	294	171.091200668222	0
4	300	171.701329977217	0
4	312	180.18146926058	0
4	316	180.772451330286	0
4	320	180.983495464345	0
4	324	181.657637356583	0
4	336	184.424604060898	0
4	342	185.669565370528	0
4	346	185.750514682335	0
4	350	187.506715757462	0
4	360	193.10486075355	0
4	364	194.42519699319	0
4	372	199.358734937292	0
4	378	204.672125863282	0
4	382	204.815742788552	0
4	390	210.290735421114	0
4	394	214.914967705872	0
4	402	221.009229300109	0
4	406	224.023728925133	0
4	410	225.838295839589	0
4	416	226.380187254616	0
4	422	228.292602067589	0
4	430	232.702101708476	0
4	436	233.875150591923	0
4	440	235.516275993926	0
4	450	240.793129517923	0
4	456	245.399175673111	0
4	462	251.238036021402	0
4	466	252.826321613147	0
4	474	265.949278434125	0
4	480	269.185021129557	0
4	484	276.652606376184	0
4	490	279.021899938756	0
4	498	282.610287433273	0
4	504	285.529794136863	0
4	508	292.233192636766	0
4	512	297.557404225553	0
4	520	299.757081501606	0
4	528	305.711991660486	0
4	534	329.456053602148	0
4	540	332.478217747675	0
4	546	337.528141639321	0
4	552	344.844186763567	0
4	558	357.593054146209	0
4	564	361.600568970679	0
4	568	361.618082864645	0
4	572	362.80277860347	0
4	576	364.333999739861	0
4	586	368.275845810685	0
4	592	372.534612197501	0
4	598	374.911011302842	0
4	602	376.025656160148	0
4	610	378.569177856544	0
4	616	378.687036046368	0
4	620	378.771272031793	0
4	624	379.189318775184	0
4	628	379.212025999366	0
4	638	380.309048622711	0
4	648	388.321508179564	0
4	654	397.860510431888	0
4	660	410.725738964061	0
4	666	411.187618931714	0
4	672	416.05692164659	0
4	676	418.2252132189	0
4	680	418.785710839907	0
4	686	420.727357231658	0
4	696	431.250667826654	0
4	702	438.707334606995	0
4	708	440.726709004924	0
4	712	442.775620335607	0
4	716	445.078441862649	0
4	724	449.016827143974	0
4	732	450.268189376248	0
4	736	451.101405408394	0
4	744	461.409704168401	0
4	750	472.453891590721	0
4	756	476.758485282871	0
4	760	478.602959365004	0
4	764	479.656912559021	0
4	772	482.252088913372	0
4	778	485.134588877373	0
4	784	485.969041739856	0
4	790	487.658608000439	0
4	798	495.910663683042	0
4	804	507.263473066296	0
4	808	510.168250611532	0
4	816	514.410943431332	0
4	820	514.44529459849	0
4	828	521.895129518445	0
4	834	523.842311976594	0
4	838	524.591555148839	0
4	844	526.268540183289	0
4	852	531.663467053159	0
4	856	531.71670472559	0
4	864	546.885499787264	0
4	870	552.222196834634	0
4	876	555.97339188213	0
4	882	559.56076737424	0
4	886	560.738312700027	0
4	892	568.326421167146	0
4	898	569.116807318655	0
4	906	575.874750443223	0
4	912	579.539477771564	0
4	916	581.038405952403	0
4	920	581.557282152164	0
4	924	581.803254233617	0
4	928	582.141506330483	0
4	942	586.692009736719	0
4	948	592.993718133325	0
4	952	593.754523305833	0
4	960	598.074138571463	0
4	966	605.284703175932	0
4	972	606.257028642403	0
4	976	608.617138878686	0
4	980	611.881665111598	0
4	990	614.928318042367	0
4	996	619.260929210137	0
4	1002	622.706799195248	0
4	1008	626.195816102832	0
4	1012	629.187116399051	0
4	1016	629.717538803229	0
4	1022	632.637570441614	0
4	1032	636.643740096503	0
4	1038	640.646404592895	0
4	1044	644.565238483712	0
4	1050	657.67121095581	0
4	1056	660.089832005118	0
4	1062	668.682650203763	0
4	1068	681.830071268457	0
4	1074	703.82443973979	0
4	1078	706.89772639571	0
4	1086	714.34973256714	0
4	1090	714.401734639381	0
4	1098	717.960300038153	0
4	1102	719.763064379841	0
4	1106	721.651269405922	0
4	1110	722.689192961061	0
4	1120	730.94410767359	0
4	1128	736.279468658656	0
4	1132	737.038171011433	0
4	1140	740.020722337422	0
4	1144	742.296702406756	0
4	1152	766.276606564537	0
4	1158	771.128432175063	0
4	1164	775.338873567973	0
4	1168	775.817858611985	0
4	1172	775.981966739718	0
4	1178	776.966129391788	0
4	1184	777.165669405157	0
4	1194	786.689883597527	0
4	1198	787.046984421531	0
4	1206	796.81442662765	0
4	1210	798.879237076559	0
4	1218	799.144880017294	0
4	1224	801.469291767238	0
4	1228	802.353933917896	0
4	1236	804.953479246995	0
4	1242	808.280639691108	0
4	1248	810.74559860851	0
4	1254	812.327408717711	0
4	1258	818.566434020883	0
4	1266	821.171469226044	0
4	1272	822.861256839767	0
4	1276	823.88579091674	0
4	1282	828.572055503746	0
4	1288	829.272704153488	0
4	1296	837.834548267964	0
4	1300	843.112713126219	0
4	1304	843.566982053871	0
4	1312	844.510460875869	0
4	1320	847.776351524179	0
4	1326	851.676123154157	0
4	1332	861.455907378517	0
4	1336	865.580869865693	0
4	1344	872.528609128641	0
4	1350	876.228828157219	0
4	1354	876.310519167075	0
4	1362	894.007839229636	0
4	1366	894.749444425571	0
4	1374	899.646511646533	0
4	1378	899.751090007282	0
4	1386	904.556581720511	0
4	1392	906.287170685333	0
4	1396	907.818963346852	0
4	1402	910.30409706152	0
4	1410	913.010463925614	0
4	1414	913.22634608041	0
4	1420	914.059854641711	0
4	1424	914.107964202197	0
4	1430	918.482664526037	0
4	1434	918.722763431624	0
4	1440	921.111928745661	0
4	1448	922.066817911485	0
4	1452	923.160389490525	0
4	1456	923.887574348104	0
4	1470	930.771982666639	0
4	1474	932.471531377571	0
4	1482	940.275480782426	0
4	1486	941.025855153774	0
4	1492	942.133495308064	0
4	1500	955.881350679668	0
4	1506	957.227175298357	0
4	1512	958.306020152044	0
4	1518	964.452481029178	0
4	1522	968.086552320385	0
4	1526	968.925508606	0
4	1536	978.614835427666	0
4	1540	979.042240900904	0
4	1544	979.460489801358	0
4	1554	989.428336870936	0
4	1558	990.507279154887	0
4	1564	991.204297299676	0
4	1570	994.584585151687	0
4	1574	994.595210094386	0
4	1578	994.773154890539	0
4	1586	998.957411476505	0
5	234	102.610689625338	2
5	235	103.100834239699	1
5	240	107.185134444414	2
5	241	107.546804707695	1
5	243	109.165342424962	0
5	248	119.85292442448	1
5	249	121.162688484084	0
5	254	128.614371716564	1
5	258	130.050747716753	2
5	259	131.677402970925	1
5	261	131.681894937888	0
5	266	142.883982236147	1
5	267	143.505090687057	0
5	272	150.34599853113	1
5	276	151.057229023313	2
5	277	151.646502922986	1
5	279	153.031968840442	0
5	284	169.573718214951	1
5	288	169.987809948359	2
5	292	170.938390400041	3
5	296	171.091200668222	4
5	297	171.53443881054	3
5	302	171.701329977217	4
5	303	172.357443022043	3
5	305	172.667114219727	2
5	307	174.432323944226	1
5	309	177.282887142877	0
5	314	180.18146926058	1
5	318	180.772451330286	2
5	322	180.983495464345	3
5	326	181.657637356583	4
5	327	181.673332958944	3
5	329	181.917622233671	2
5	331	184.018814092123	1
5	333	184.192256352206	0
5	338	184.424604060898	1
5	339	185.121551666112	0
5	344	185.669565370528	1
5	348	185.750514682335	2
5	352	187.506715757462	3
5	353	189.536922524805	2
5	355	190.81130081037	1
5	357	191.763672357449	0
5	362	193.10486075355	1
5	366	194.42519699319	2
5	367	194.638731325381	1
5	369	194.666562994843	0
5	374	199.358734937292	1
5	375	200.146354207276	0
5	380	204.672125863282	1
5	384	204.815742788552	2
5	385	205.346267467203	1
5	387	205.346383651453	0
5	392	210.290735421114	1
5	396	214.914967705872	2
5	397	215.78059343103	1
5	399	219.110786673233	0
5	404	221.009229300109	1
5	408	224.023728925133	2
5	412	225.838295839589	3
5	413	226.315111605855	2
5	418	226.380187254616	3
5	419	228.00380068592	2
5	424	228.292602067589	3
5	425	228.446783033345	2
5	427	228.526677215535	1
5	432	232.702101708476	2
5	433	232.853831343263	1
5	438	233.875150591923	2
5	442	235.516275993926	3
5	443	235.971912322415	2
5	445	236.665405790455	1
5	447	236.875549540013	0
5	452	240.793129517923	1
5	453	242.590544296198	0
5	458	245.399175673111	1
5	459	250.036873519585	0
5	464	251.238036021402	1
5	468	252.826321613147	2
5	469	256.563748662898	1
5	471	257.337563889996	0
5	476	265.949278434125	1
5	477	268.028675070095	0
5	482	269.185021129557	1
5	486	276.652606376184	2
5	487	277.874645786887	1
5	492	279.021899938756	2
5	493	279.435187365853	1
5	495	279.965960684033	0
5	500	282.610287433273	1
5	501	285.086195835213	0
5	506	285.529794136863	1
5	510	292.233192636766	2
5	514	297.557404225553	3
5	515	297.957347825946	2
5	517	298.861560826872	1
5	522	299.757081501606	2
5	523	300.53399926342	1
5	525	301.217892962528	0
5	530	305.711991660486	1
5	531	307.366743404455	0
5	536	329.456053602148	1
5	537	330.04319331085	0
5	542	332.478217747675	1
5	543	332.511807476354	0
5	548	337.528141639321	1
5	549	341.959165135224	0
5	554	344.844186763567	1
5	555	353.902525911397	0
5	560	357.593054146209	1
5	561	358.473876857047	0
5	566	361.600568970679	1
5	570	361.618082864645	2
5	574	362.80277860347	3
5	578	364.333999739861	4
5	579	366.077150199276	3
5	581	366.356994111545	2
5	583	368.202237188461	1
5	588	368.275845810685	2
5	589	371.303647092886	1
5	594	372.534612197501	2
5	595	373.908385658205	1
5	600	374.911011302842	2
5	604	376.025656160148	3
5	605	376.601653020925	2
5	607	377.208185229893	1
5	612	378.569177856544	2
5	613	378.632446180264	1
5	618	378.687036046368	2
5	622	378.771272031793	3
5	626	379.189318775184	4
5	630	379.212025999366	5
5	631	379.37224067922	4
5	633	379.392604111142	3
5	635	379.670342336727	2
5	640	380.309048622711	3
5	641	380.918911571516	2
5	643	382.185622184066	1
5	645	383.296370328416	0
5	650	388.321508179564	1
5	651	389.429741952029	0
5	656	397.860510431888	1
5	657	403.62697627882	0
5	662	410.725738964061	1
5	663	410.99216575211	0
5	668	411.187618931714	1
5	669	413.837386688128	0
5	674	416.05692164659	1
5	678	418.2252132189	2
5	682	418.785710839907	3
5	683	418.816053186581	2
5	688	420.727357231658	3
5	689	420.872059886378	2
5	691	420.920989535327	1
5	693	421.662238938341	0
5	698	431.250667826654	1
5	699	435.214961761268	0
5	704	438.707334606995	1
5	705	439.799364559247	0
5	710	440.726709004924	1
5	714	442.775620335607	2
5	718	445.078441862649	3
5	719	445.521469589179	2
5	721	446.837327455508	1
5	726	449.016827143974	2
5	727	449.5438824159	1
5	729	450.212966668401	0
5	734	450.268189376248	1
5	738	451.101405408394	2
5	739	457.052285793001	1
5	741	459.310462298566	0
5	746	461.409704168401	1
5	747	469.724057947447	0
5	752	472.453891590721	1
5	753	472.67919388049	0
5	758	476.758485282871	1
5	762	478.602959365004	2
5	766	479.656912559021	3
5	767	480.412850036016	2
5	769	481.670182547413	1
5	774	482.252088913372	2
5	775	482.506680092395	1
5	780	485.134588877373	2
5	781	485.860923745243	1
5	786	485.969041739856	2
5	787	486.53305145668	1
5	792	487.658608000439	2
5	793	488.080855424396	1
5	795	489.256573545935	0
5	800	495.910663683042	1
5	801	499.961985495893	0
5	806	507.263473066296	1
5	810	510.168250611532	2
5	811	510.771653252536	1
5	813	512.353812696422	0
5	818	514.410943431332	1
5	822	514.44529459849	2
5	823	515.98021727162	1
5	825	517.16361155704	0
5	830	521.895129518445	1
5	831	523.184190243589	0
5	836	523.842311976594	1
5	840	524.591555148839	2
5	841	525.787948998367	1
5	846	526.268540183289	2
5	847	528.709865294487	1
5	849	530.82421846783	0
5	854	531.663467053159	1
5	858	531.71670472559	2
5	859	533.150737768129	1
5	861	540.450403239808	0
5	866	546.885499787264	1
5	867	548.837308012806	0
5	872	552.222196834634	1
5	873	554.533144756893	0
5	878	555.97339188213	1
5	879	556.54748862707	0
5	884	559.56076737424	1
5	888	560.738312700027	2
5	889	561.012823372268	1
5	894	568.326421167146	2
5	895	568.382904855111	1
5	900	569.116807318655	2
5	901	571.184621540288	1
5	903	574.821231752017	0
5	908	575.874750443223	1
5	909	577.791638892153	0
5	914	579.539477771564	1
5	918	581.038405952403	2
5	922	581.557282152164	3
5	926	581.803254233617	4
5	930	582.141506330483	5
5	931	582.30889650533	4
5	933	583.675819522943	3
5	935	583.759196626069	2
5	937	584.282625863569	1
5	939	585.50407889952	0
5	944	586.692009736719	1
5	945	589.772679569707	0
5	950	592.993718133325	1
5	954	593.754523305833	2
5	955	593.756622768744	1
5	957	595.603599197119	0
5	962	598.074138571463	1
5	963	598.54432902998	0
5	968	605.284703175932	1
5	969	606.061482364994	0
5	974	606.257028642403	1
5	978	608.617138878686	2
5	982	611.881665111598	3
5	983	612.895760562086	2
5	985	613.558024610047	1
5	987	614.136299763719	0
5	992	614.928318042367	1
5	993	616.922416591553	0
5	998	619.260929210137	1
5	999	621.884193237172	0
5	1004	622.706799195248	1
5	1005	625.335784745093	0
5	1010	626.195816102832	1
5	1014	629.187116399051	2
5	1018	629.717538803229	3
5	1019	630.443788688194	2
5	1024	632.637570441614	3
5	1025	632.882104115335	2
5	1027	635.157374898421	1
5	1029	636.342685891627	0
5	1034	636.643740096503	1
5	1035	638.145502418161	0
5	1040	640.646404592895	1
5	1041	641.811806662972	0
5	1046	644.565238483712	1
5	1047	652.162343606708	0
5	1052	657.67121095581	1
5	1053	657.993483026797	0
5	1058	660.089832005118	1
5	1059	661.955892934788	0
5	1064	668.682650203763	1
5	1065	673.661151777764	0
5	1070	681.830071268457	1
5	1071	685.392564655221	0
5	1076	703.82443973979	1
5	1080	706.89772639571	2
5	1081	708.21234659438	1
5	1083	713.457539439636	0
5	1088	714.34973256714	1
5	1092	714.401734639381	2
5	1093	714.860538028015	1
5	1095	715.052683985252	0
5	1100	717.960300038153	1
5	1104	719.763064379841	2
5	1108	721.651269405922	3
5	1112	722.689192961061	4
5	1113	724.471176801893	3
5	1115	725.720165582186	2
5	1117	728.598687887861	1
5	1122	730.94410767359	2
5	1123	734.029619855771	1
5	1125	735.791920365674	0
5	1130	736.279468658656	1
5	1134	737.038171011433	2
5	1135	737.13051868212	1
5	1137	739.117668874316	0
5	1142	740.020722337422	1
5	1146	742.296702406756	2
5	1147	745.124298838006	1
5	1149	746.525124486102	0
5	1154	766.276606564537	1
5	1155	768.99148439173	0
5	1160	771.128432175063	1
5	1161	771.586011617497	0
5	1166	775.338873567973	1
5	1170	775.817858611985	2
5	1174	775.981966739718	3
5	1175	776.845244712957	2
5	1180	776.966129391788	3
5	1181	776.996288742344	2
5	1186	777.165669405157	3
5	1187	778.352500739518	2
5	1189	778.561861054621	1
5	1191	781.600644890978	0
5	1196	786.689883597527	1
5	1200	787.046984421531	2
5	1201	788.196419642418	1
5	1203	789.587277757308	0
5	1208	796.81442662765	1
5	1212	798.879237076559	2
5	1213	798.934560910701	1
5	1215	799.000867574285	0
5	1220	799.144880017294	1
5	1221	800.080974812853	0
5	1226	801.469291767238	1
5	1230	802.353933917896	2
5	1231	803.18660571842	1
5	1233	804.193762292109	0
5	1238	804.953479246995	1
5	1239	805.205509583374	0
5	1244	808.280639691108	1
5	1245	810.699080317471	0
5	1250	810.74559860851	1
5	1251	812.032290464777	0
5	1256	812.327408717711	1
5	1260	818.566434020883	2
5	1261	818.68753672576	1
5	1263	818.935145951423	0
5	1268	821.171469226044	1
5	1269	821.323574695633	0
5	1274	822.861256839767	1
5	1278	823.88579091674	2
5	1279	828.359796173121	1
5	1284	828.572055503746	2
5	1285	829.178621814552	1
5	1290	829.272704153488	2
5	1291	831.163373031178	1
5	1293	831.214188677649	0
5	1298	837.834548267964	1
5	1302	843.112713126219	2
5	1306	843.566982053871	3
5	1307	843.842854351305	2
5	1309	843.941923626019	1
5	1314	844.510460875869	2
5	1315	845.595023637307	1
5	1317	847.11576719872	0
5	1322	847.776351524179	1
5	1323	848.134933933408	0
5	1328	851.676123154157	1
5	1329	852.404002457288	0
5	1334	861.455907378517	1
5	1338	865.580869865693	2
5	1339	866.227093655608	1
5	1341	871.145497901291	0
5	1346	872.528609128641	1
5	1347	875.163420478189	0
5	1352	876.228828157219	1
5	1356	876.310519167075	2
5	1357	876.730269665935	1
5	1359	878.906862838173	0
5	1364	894.007839229636	1
5	1368	894.749444425571	2
5	1369	895.310230999843	1
5	1371	895.501191368041	0
5	1376	899.646511646533	1
5	1380	899.751090007282	2
5	1381	902.073354727572	1
5	1383	904.240886041947	0
5	1388	904.556581720511	1
5	1389	905.743559275429	0
5	1394	906.287170685333	1
5	1398	907.818963346852	2
5	1399	908.270462874265	1
5	1404	910.30409706152	2
5	1405	910.380448591106	1
5	1407	910.874433608594	0
5	1412	913.010463925614	1
5	1416	913.22634608041	2
5	1417	913.51680536064	1
5	1422	914.059854641711	2
5	1426	914.107964202197	3
5	1427	914.287729478177	2
5	1432	918.482664526037	3
5	1436	918.722763431624	4
5	1437	919.563886901741	3
5	1442	921.111928745661	4
5	1443	921.644764933852	3
5	1445	921.649398530144	2
5	1450	922.066817911485	3
5	1454	923.160389490525	4
5	1458	923.887574348104	5
5	1459	924.815219927242	4
5	1461	925.057887101051	3
5	1463	926.408861086379	2
5	1465	927.683632272478	1
5	1467	930.462902418452	0
5	1472	930.771982666639	1
5	1476	932.471531377571	2
5	1477	934.758489057242	1
5	1479	940.000992661377	0
5	1484	940.275480782426	1
5	1488	941.025855153774	2
5	1489	941.516439820912	1
5	1494	942.133495308064	2
5	1495	942.765030136741	1
5	1497	947.106326795	0
5	1502	955.881350679668	1
5	1503	957.074885141296	0
5	1508	957.227175298357	1
5	1509	958.218946456106	0
5	1514	958.306020152044	1
5	1515	959.549390005004	0
5	1520	964.452481029178	1
5	1524	968.086552320385	2
5	1528	968.925508606	3
5	1529	970.483189655912	2
5	1531	975.717610950435	1
5	1533	977.412944156897	0
5	1538	978.614835427666	1
5	1542	979.042240900904	2
5	1546	979.460489801358	3
5	1547	983.566731688039	2
5	1549	983.83417444925	1
5	1551	985.360260471756	0
5	1556	989.428336870936	1
5	1560	990.507279154887	2
5	1561	991.181204528851	1
5	1566	991.204297299676	2
5	1567	992.101754279099	1
5	1572	994.584585151687	2
5	1576	994.595210094386	3
5	1580	994.773154890539	4
5	1581	995.148446597443	3
5	1583	996.049783314237	2
5	1588	998.957411476505	3
5	1589	999.921684362791	2

