version 3
run General-35-20221103-10:28:22-6760
attr configname General
attr datetime 20221103-10:28:22
attr datetimef 20221103-102822
attr experiment General
attr inifile block.ini
attr iterationvars "$0=4, $1=20"
attr iterationvarsd 4/20
attr iterationvarsf 4,20-
attr measurement "$0=4, $1=20"
attr network Block
attr processid 6760
attr repetition 0
attr replication #0
attr resultdir results
attr runnumber 35
attr seedset 35
config network Block
config repeat 5
config sim-time-limit 1000s
config warmup-period 100s
config **.alloca.resourceModuleName "\"risorse\""
config **.dealloca.resourceModuleName "\"risorse\""
config **.is.delay exponential(3s)
config **.servente.serviceTime exponential(4s)
config **.dealloca.resourceAmount 2
config **.alloca.resourceAmount 2
config **.risorse.amount 6
config **.sorgente.numJobs (20)
config **.result-recording-modes all

vector 0 Block.servente queueLength:vector ETV
attr interpolationmode sample-hold
attr recordingmode vector
attr title "queue length"
vector 1 Block.servente queueingTime:vector ETV
attr interpolationmode none
attr recordingmode vector
attr title "queueing time at dequeue"
attr unit s
vector 2 Block.alloca queueLength:vector ETV
attr interpolationmode sample-hold
attr recordingmode vector
attr title "queue length"
vector 3 Block.alloca queueingTime:vector ETV
attr interpolationmode none
attr recordingmode vector
attr title "queueing time at dequeue"
attr unit s
vector 4 Block.risorse amount:vector ETV
attr interpolationmode sample-hold
attr recordingmode vector
attr title "available resource"
vector 5 Block.is delayedJobs:vector ETV
attr interpolationmode sample-hold
attr recordingmode vector
attr title "number of delayed jobs"
0	155	102.012094275798	1
0	157	102.012094275798	2
0	161	107.804704737133	1
0	163	107.804704737133	2
0	165	109.150269372619	1
0	167	109.150269372619	2
0	173	125.034212609084	1
0	175	125.034212609084	2
0	179	127.078496758804	1
0	181	127.078496758804	2
0	183	129.513428680158	1
0	185	129.513428680158	2
0	187	130.453587089749	1
0	189	130.453587089749	2
0	195	133.979356643772	1
0	197	133.979356643772	2
0	199	134.244545429689	1
0	201	134.244545429689	2
0	209	144.076674038302	1
0	211	144.076674038302	2
0	215	160.856615084726	1
0	217	160.856615084726	2
0	219	161.533963575216	1
0	221	161.533963575216	2
0	223	163.851798375898	1
0	225	163.851798375898	2
0	227	164.029454789412	1
0	229	164.029454789412	2
0	239	173.164144583787	1
0	241	173.164144583787	2
0	243	173.49969853292	1
0	245	173.49969853292	2
0	251	188.31377624181	1
0	253	188.31377624181	2
0	257	195.243598670268	1
0	259	195.243598670268	2
0	263	205.880419919545	1
0	265	205.880419919545	2
0	269	206.832488339219	1
0	271	206.832488339219	2
0	273	207.4309338233	1
0	275	207.4309338233	2
0	279	208.848972241259	1
0	281	208.848972241259	2
0	283	208.980574608441	1
0	285	208.980574608441	2
0	291	212.908077231174	1
0	293	212.908077231174	2
0	299	216.034028277392	1
0	301	216.034028277392	2
0	303	217.108622600008	1
0	305	217.108622600008	2
0	307	217.878772104691	1
0	309	217.878772104691	2
0	317	222.660609175774	1
0	319	222.660609175774	2
0	321	227.93361799422	1
0	323	227.93361799422	2
0	325	229.592951447749	1
0	327	229.592951447749	2
0	333	232.621963575011	1
0	335	232.621963575011	2
0	341	235.182683078098	1
0	343	235.182683078098	2
0	347	237.365089718099	1
0	349	237.365089718099	2
0	353	238.002211029058	1
0	355	238.002211029058	2
0	357	239.582397736902	1
0	359	239.582397736902	2
0	365	243.283056330242	1
0	367	243.283056330242	2
0	371	245.827972230318	1
0	373	245.827972230318	2
0	375	249.342574760572	1
0	377	249.342574760572	2
0	381	257.337268804024	1
0	383	257.337268804024	2
0	389	271.115634299596	1
0	391	271.115634299596	2
0	393	271.537128574995	1
0	395	271.537128574995	2
0	399	273.125672088753	1
0	401	273.125672088753	2
0	403	275.085240703992	1
0	405	275.085240703992	2
0	409	278.69976024806	1
0	411	278.69976024806	2
0	417	282.865957168384	1
0	419	282.865957168384	2
0	425	287.762085510788	1
0	427	287.762085510788	2
0	431	298.190638260441	1
0	433	298.190638260441	2
0	437	315.508463934755	1
0	439	315.508463934755	2
0	443	319.755882647625	1
0	445	319.755882647625	2
0	447	325.194438695654	1
0	449	325.194438695654	2
0	453	325.438759761548	1
0	455	325.438759761548	2
0	459	326.276711904058	1
0	461	326.276711904058	2
0	463	326.53577237793	1
0	465	326.53577237793	2
0	471	328.372121915463	1
0	473	328.372121915463	2
0	477	328.503550662011	1
0	479	328.503550662011	2
0	483	330.939157267414	1
0	485	330.939157267414	2
0	491	332.046515185858	1
0	493	332.046515185858	2
0	495	332.562210013499	1
0	497	332.562210013499	2
0	501	338.031525963746	1
0	503	338.031525963746	2
0	505	339.419720670497	1
0	507	339.419720670497	2
0	511	340.499501732474	1
0	513	340.499501732474	2
0	521	343.547866600122	1
0	523	343.547866600122	2
0	527	348.384715828835	1
0	529	348.384715828835	2
0	533	351.516463008639	1
0	535	351.516463008639	2
0	539	356.076404128816	1
0	541	356.076404128816	2
0	543	356.189963404713	1
0	545	356.189963404713	2
0	551	365.650847839899	1
0	553	365.650847839899	2
0	555	367.85221053791	1
0	557	367.85221053791	2
0	561	368.72433238019	1
0	563	368.72433238019	2
0	569	382.904628982049	1
0	571	382.904628982049	2
0	575	388.104796194663	1
0	577	388.104796194663	2
0	581	399.802005539859	1
0	583	399.802005539859	2
0	585	400.918176436715	1
0	587	400.918176436715	2
0	593	406.824773929853	1
0	595	406.824773929853	2
0	599	410.485197856394	1
0	601	410.485197856394	2
0	605	415.377119045028	1
0	607	415.377119045028	2
0	611	428.108564967254	1
0	613	428.108564967254	2
0	617	431.642906500839	1
0	619	431.642906500839	2
0	623	432.187122941223	1
0	625	432.187122941223	2
0	627	433.709369808961	1
0	629	433.709369808961	2
0	635	452.46429377882	1
0	637	452.46429377882	2
0	641	455.036376616148	1
0	643	455.036376616148	2
0	645	456.316029701695	1
0	647	456.316029701695	2
0	651	459.3500525475	1
0	653	459.3500525475	2
0	655	459.56601987637	1
0	657	459.56601987637	2
0	661	460.795319204628	1
0	663	460.795319204628	2
0	667	464.332522208132	1
0	669	464.332522208132	2
0	677	475.421929286925	1
0	679	475.421929286925	2
0	681	475.704471012121	1
0	683	475.704471012121	2
0	687	478.967140559068	1
0	689	478.967140559068	2
0	693	481.643771721939	1
0	695	481.643771721939	2
0	697	481.929006923046	1
0	699	481.929006923046	2
0	707	485.599277900186	1
0	709	485.599277900186	2
0	711	486.531969694709	1
0	713	486.531969694709	2
0	719	494.480071481761	1
0	721	494.480071481761	2
0	725	508.745282187842	1
0	727	508.745282187842	2
0	731	515.671565463558	1
0	733	515.671565463558	2
0	735	517.413547854827	1
0	737	517.413547854827	2
0	739	518.23607376937	1
0	741	518.23607376937	2
0	743	518.612410176005	1
0	745	518.612410176005	2
0	755	527.702316019571	1
0	757	527.702316019571	2
0	759	530.066776224826	1
0	761	530.066776224826	2
0	763	533.519424741498	1
0	765	533.519424741498	2
0	769	537.672644896503	1
0	771	537.672644896503	2
0	777	540.227179980817	1
0	779	540.227179980817	2
0	785	542.835772518793	1
0	787	542.835772518793	2
0	789	549.632272213514	1
0	791	549.632272213514	2
0	797	552.319513400418	1
0	799	552.319513400418	2
0	803	556.362077536871	1
0	805	556.362077536871	2
0	807	556.461672031467	1
0	809	556.461672031467	2
0	815	561.609054347137	1
0	817	561.609054347137	2
0	819	563.014697307844	1
0	821	563.014697307844	2
0	827	565.271224479624	1
0	829	565.271224479624	2
0	833	577.401016024245	1
0	835	577.401016024245	2
0	839	581.976570402837	1
0	841	581.976570402837	2
0	845	585.985258726169	1
0	847	585.985258726169	2
0	849	588.880596710916	1
0	851	588.880596710916	2
0	857	592.717923455273	1
0	859	592.717923455273	2
0	861	592.778773101155	1
0	863	592.778773101155	2
0	865	593.036756957469	1
0	867	593.036756957469	2
0	871	599.004889374151	1
0	873	599.004889374151	2
0	877	599.691706471001	1
0	879	599.691706471001	2
0	887	601.377037445271	1
0	889	601.377037445271	2
0	891	601.409431592805	1
0	893	601.409431592805	2
0	897	604.475149903808	1
0	899	604.475149903808	2
0	905	607.26939163653	1
0	907	607.26939163653	2
0	909	607.77296384411	1
0	911	607.77296384411	2
0	913	608.488236902133	1
0	915	608.488236902133	2
0	919	610.036823560877	1
0	921	610.036823560877	2
0	925	612.103598388847	1
0	927	612.103598388847	2
0	929	613.838768926335	1
0	931	613.838768926335	2
0	937	615.535870832798	1
0	939	615.535870832798	2
0	947	629.32561804998	1
0	949	629.32561804998	2
0	953	632.841341361338	1
0	955	632.841341361338	2
0	959	639.098233210271	1
0	961	639.098233210271	2
0	963	642.306387863009	1
0	965	642.306387863009	2
0	967	642.4556813507	1
0	969	642.4556813507	2
0	975	643.149514004727	1
0	977	643.149514004727	2
0	983	648.871562808734	1
0	985	648.871562808734	2
0	989	653.664905537982	1
0	991	653.664905537982	2
0	993	655.671499235476	1
0	995	655.671499235476	2
0	999	662.15815085667	1
0	1001	662.15815085667	2
0	1003	665.222141955938	1
0	1005	665.222141955938	2
0	1009	666.567363668804	1
0	1011	666.567363668804	2
0	1015	668.503572735018	1
0	1017	668.503572735018	2
0	1019	668.897995443899	1
0	1021	668.897995443899	2
0	1031	671.621063233721	1
0	1033	671.621063233721	2
0	1035	672.580019970738	1
0	1037	672.580019970738	2
0	1043	685.072288959754	1
0	1045	685.072288959754	2
0	1047	686.892691695726	1
0	1049	686.892691695726	2
0	1051	687.000796655941	1
0	1053	687.000796655941	2
0	1055	687.319868070809	1
0	1057	687.319868070809	2
0	1061	687.720232878103	1
0	1063	687.720232878103	2
0	1069	693.335551670384	1
0	1071	693.335551670384	2
0	1079	699.217135714663	1
0	1081	699.217135714663	2
0	1083	701.794584002216	1
0	1085	701.794584002216	2
0	1087	701.947973036451	1
0	1089	701.947973036451	2
0	1097	710.342005698487	1
0	1099	710.342005698487	2
0	1103	719.65178874005	1
0	1105	719.65178874005	2
0	1109	724.08089124126	1
0	1111	724.08089124126	2
0	1113	734.535204913694	1
0	1115	734.535204913694	2
0	1119	737.013959836149	1
0	1121	737.013959836149	2
0	1123	737.482359597234	1
0	1125	737.482359597234	2
0	1133	738.625483638845	1
0	1135	738.625483638845	2
0	1139	740.96930077753	1
0	1141	740.96930077753	2
0	1145	750.648199228751	1
0	1147	750.648199228751	2
0	1151	754.135453768338	1
0	1153	754.135453768338	2
0	1155	754.455072427353	1
0	1157	754.455072427353	2
0	1161	758.966545684333	1
0	1163	758.966545684333	2
0	1167	759.358492733415	1
0	1169	759.358492733415	2
0	1175	764.109299588645	1
0	1177	764.109299588645	2
0	1181	766.047397779474	1
0	1183	766.047397779474	2
0	1187	776.796263786991	1
0	1189	776.796263786991	2
0	1191	777.140827945363	1
0	1193	777.140827945363	2
0	1195	779.038393101042	1
0	1197	779.038393101042	2
0	1203	781.209801142818	1
0	1205	781.209801142818	2
0	1207	781.79054719678	1
0	1209	781.79054719678	2
0	1215	789.321801791961	1
0	1217	789.321801791961	2
0	1223	794.735552847628	1
0	1225	794.735552847628	2
0	1227	794.941561825688	1
0	1229	794.941561825688	2
0	1235	796.260800068617	1
0	1237	796.260800068617	2
0	1241	801.124143120487	1
0	1243	801.124143120487	2
0	1247	804.107698655526	1
0	1249	804.107698655526	2
0	1253	855.952544528155	1
0	1255	855.952544528155	2
0	1257	856.713747293244	1
0	1259	856.713747293244	2
0	1261	857.557766272733	1
0	1263	857.557766272733	2
0	1269	860.037040547869	1
0	1271	860.037040547869	2
0	1277	862.687374174151	1
0	1279	862.687374174151	2
0	1281	864.6766572594	1
0	1283	864.6766572594	2
0	1289	888.263851448957	1
0	1291	888.263851448957	2
0	1293	888.765646567177	1
0	1295	888.765646567177	2
0	1297	889.984246981874	1
0	1299	889.984246981874	2
0	1305	897.049284935734	1
0	1307	897.049284935734	2
0	1309	901.27975733446	1
0	1311	901.27975733446	2
0	1319	909.109737938828	1
0	1321	909.109737938828	2
0	1325	913.765261956822	1
0	1327	913.765261956822	2
0	1329	915.027798798238	1
0	1331	915.027798798238	2
0	1337	916.819552385685	1
0	1339	916.819552385685	2
0	1343	920.496158837461	1
0	1345	920.496158837461	2
0	1347	922.537896932118	1
0	1349	922.537896932118	2
0	1351	922.786075609657	1
0	1353	922.786075609657	2
0	1357	923.689336954057	1
0	1359	923.689336954057	2
0	1363	924.954082626759	1
0	1365	924.954082626759	2
0	1371	926.786877040581	1
0	1373	926.786877040581	2
0	1375	927.350613381117	1
0	1377	927.350613381117	2
0	1381	930.369702150957	1
0	1383	930.369702150957	2
0	1389	933.73112034785	1
0	1391	933.73112034785	2
0	1393	934.562342066474	1
0	1395	934.562342066474	2
0	1403	945.333307512493	1
0	1405	945.333307512493	2
0	1409	974.040435020157	1
0	1411	974.040435020157	2
0	1413	976.125822741899	1
0	1415	976.125822741899	2
0	1421	983.924072178268	1
0	1423	983.924072178268	2
0	1427	987.71944512669	1
0	1429	987.71944512669	2
0	1431	991.81585830434	1
0	1433	991.81585830434	2
0	1437	997.31345169762	1
0	1439	997.31345169762	2
0	1441	997.540815655538	1
0	1443	997.540815655538	2
0	1447	998.249609231536	1
0	1449	998.249609231536	2
0	1453	999.814427019205	1
0	1455	999.814427019205	2
1	155	102.012094275798	6.536923926579
1	161	107.804704737133	8.016494071256
1	165	109.150269372619	7.138175096821
1	173	125.034212609084	17.229507871951
1	179	127.078496758804	17.928227386185
1	183	129.513428680158	4.479216071074
1	187	130.453587089749	3.375090330945
1	195	133.979356643772	4.465927963614
1	199	134.244545429689	3.79095833994
1	209	144.076674038302	10.09731739453
1	215	160.856615084726	26.612069655037
1	219	161.533963575216	17.457289536914
1	223	163.851798375898	2.995183291172
1	227	164.029454789412	2.495491214196
1	239	173.164144583787	9.312346207889
1	243	173.49969853292	9.470243743508
1	251	188.31377624181	15.149631658023
1	257	195.243598670268	21.743900137348
1	263	205.880419919545	17.566643677735
1	269	206.832488339219	11.588889668951
1	273	207.4309338233	1.550513903755
1	279	208.848972241259	2.01648390204
1	283	208.980574608441	1.549640785141
1	291	212.908077231174	4.059104989915
1	299	216.034028277392	7.053453668951
1	303	217.108622600008	4.200545368834
1	307	217.878772104691	1.844743827299
1	317	222.660609175774	5.551986575766
1	321	227.93361799422	10.054845889529
1	325	229.592951447749	6.932342271975
1	333	232.621963575011	4.688345580791
1	341	235.182683078098	5.589731630349
1	347	237.365089718099	4.743126143088
1	353	238.002211029058	2.81952795096
1	357	239.582397736902	2.217308018803
1	365	243.283056330242	5.280845301184
1	371	245.827972230318	6.245574493416
1	375	249.342574760572	6.05951843033
1	381	257.337268804024	11.509296573706
1	389	271.115634299596	21.773059539024
1	393	271.537128574995	14.199859770971
1	399	273.125672088753	2.010037789157
1	403	275.085240703992	3.548112128997
1	409	278.69976024806	5.574088159307
1	417	282.865957168384	7.780716464392
1	425	287.762085510788	9.062325262728
1	431	298.190638260441	15.324681092057
1	437	315.508463934755	27.746378423967
1	443	319.755882647625	21.565244387184
1	447	325.194438695654	9.685974760899
1	453	325.438759761548	5.682877113923
1	459	326.276711904058	1.082273208404
1	463	326.53577237793	1.097012616382
1	471	328.372121915463	2.095410011405
1	477	328.503550662011	1.967778284081
1	483	330.939157267414	2.567035351951
1	491	332.046515185858	3.542964523847
1	495	332.562210013499	1.623052746085
1	501	338.031525963746	5.985010777888
1	505	339.419720670497	6.857510656998
1	511	340.499501732474	2.467975768728
1	521	343.547866600122	4.128145929625
1	527	348.384715828835	7.885214096361
1	533	351.516463008639	7.968596408517
1	539	356.076404128816	7.691688299981
1	543	356.189963404713	4.673500396074
1	551	365.650847839899	9.574443711083
1	555	367.85221053791	11.662247133197
1	561	368.72433238019	3.073484540291
1	569	382.904628982049	15.052418444139
1	575	388.104796194663	19.380463814473
1	581	399.802005539859	16.89737655781
1	585	400.918176436715	12.813380242052
1	593	406.824773929853	7.022768389994
1	599	410.485197856394	9.567021419679
1	605	415.377119045028	8.552345115175
1	611	428.108564967254	17.62336711086
1	617	431.642906500839	16.265787455811
1	623	432.187122941223	4.078557973969
1	627	433.709369808961	2.066463308122
1	635	452.46429377882	20.277170837597
1	641	455.036376616148	21.327006807187
1	645	456.316029701695	3.851735922875
1	651	459.3500525475	4.313675931352
1	655	459.56601987637	3.249990174675
1	661	460.795319204628	1.445266657128
1	667	464.332522208132	4.766502331762
1	677	475.421929286925	14.626610082297
1	681	475.704471012121	11.371948803989
1	687	478.967140559068	3.545211272143
1	693	481.643771721939	5.939300709818
1	697	481.929006923046	2.961866363978
1	707	485.599277900186	3.955506178247
1	711	486.531969694709	4.602962771663
1	719	494.480071481761	8.880793581575
1	725	508.745282187842	22.213312493133
1	731	515.671565463558	21.191493981797
1	735	517.413547854827	8.668265666985
1	739	518.23607376937	2.564508305812
1	743	518.612410176005	1.198862321178
1	755	527.702316019571	9.466242250201
1	759	530.066776224826	11.454366048821
1	763	533.519424741498	5.817108721927
1	769	537.672644896503	7.605868671677
1	777	540.227179980817	6.707755239319
1	785	542.835772518793	5.16312762229
1	789	549.632272213514	9.405092232697
1	797	552.319513400418	9.483740881625
1	803	556.362077536871	6.729805323357
1	807	556.461672031467	4.142158631049
1	815	561.609054347137	5.246976810266
1	819	563.014697307844	6.553025276377
1	827	565.271224479624	3.662170132487
1	833	577.401016024245	14.386318716401
1	839	581.976570402837	16.705345923213
1	845	585.985258726169	8.584242701924
1	849	588.880596710916	6.904026308079
1	857	592.717923455273	6.732664729104
1	861	592.778773101155	3.898176390239
1	865	593.036756957469	0.318833502196
1	871	599.004889374151	6.226116272996
1	877	599.691706471001	6.654949513532
1	887	601.377037445271	2.37214807112
1	891	601.409431592805	1.717725121804
1	897	604.475149903808	3.098112458537
1	905	607.26939163653	5.859960043725
1	909	607.77296384411	3.297813940302
1	913	608.488236902133	1.218845265603
1	919	610.036823560877	2.263859716767
1	925	612.103598388847	3.615361486714
1	929	613.838768926335	3.801945365458
1	937	615.535870832798	3.432272443951
1	947	629.32561804998	15.486849123645
1	953	632.841341361338	17.30547052854
1	959	639.098233210271	9.772615160291
1	963	642.306387863009	9.465046501671
1	967	642.4556813507	3.357448140429
1	975	643.149514004727	0.843126141718
1	983	648.871562808734	6.415881458034
1	989	653.664905537982	10.515391533255
1	993	655.671499235476	6.799936426742
1	999	662.15815085667	8.493245318688
1	1003	665.222141955938	9.550642720462
1	1009	666.567363668804	4.409212812134
1	1015	668.503572735018	3.28143077908
1	1019	668.897995443899	2.330631775095
1	1031	671.621063233721	3.117490498703
1	1035	672.580019970738	3.682024526839
1	1043	685.072288959754	13.451225726033
1	1047	686.892691695726	14.312671724988
1	1051	687.000796655941	1.928507696187
1	1055	687.319868070809	0.427176375083
1	1061	687.720232878103	0.719436222162
1	1069	693.335551670384	6.015683599575
1	1079	699.217135714663	11.49690283656
1	1083	701.794584002216	8.459032331832
1	1087	701.947973036451	2.730837321788
1	1097	710.342005698487	8.547421696271
1	1103	719.65178874005	17.703815703599
1	1109	724.08089124126	13.738885542773
1	1113	734.535204913694	14.883416173644
1	1119	737.013959836149	12.933068594889
1	1123	737.482359597234	2.94715468354
1	1133	738.625483638845	1.611523802696
1	1139	740.96930077753	3.486941180296
1	1145	750.648199228751	12.022715589906
1	1151	754.135453768338	13.166152990808
1	1155	754.455072427353	3.806873198602
1	1161	758.966545684333	4.831091915995
1	1167	759.358492733415	4.903420306062
1	1175	764.109299588645	5.142753904312
1	1181	766.047397779474	6.688905046059
1	1187	776.796263786991	12.686964198346
1	1191	777.140827945363	11.093430165889
1	1195	779.038393101042	2.242129314051
1	1203	781.209801142818	4.068973197455
1	1207	781.79054719678	2.752154095738
1	1215	789.321801791961	8.112000649143
1	1223	794.735552847628	12.945005650848
1	1227	794.941561825688	5.619760033727
1	1235	796.260800068617	1.525247220989
1	1241	801.124143120487	6.182581294799
1	1247	804.107698655526	7.846898586909
1	1253	855.952544528155	54.828401407668
1	1257	856.713747293244	52.606048637718
1	1261	857.557766272733	1.605221744578
1	1269	860.037040547869	3.323293254625
1	1277	862.687374174151	5.129607901418
1	1281	864.6766572594	4.639616711531
1	1289	888.263851448957	25.576477274806
1	1293	888.765646567177	24.088989307777
1	1297	889.984246981874	1.720395532917
1	1305	897.049284935734	8.283638368557
1	1309	901.27975733446	11.295510352586
1	1319	909.109737938828	12.060453003094
1	1325	913.765261956822	12.485504622362
1	1329	915.027798798238	5.91806085941
1	1337	916.819552385685	3.054290428863
1	1343	920.496158837461	5.468360039223
1	1347	922.537896932118	5.718344546433
1	1351	922.786075609657	2.289916772196
1	1357	923.689336954057	1.151440021939
1	1363	924.954082626759	2.168007017102
1	1371	926.786877040581	3.097540086524
1	1375	927.350613381117	2.396530754358
1	1381	930.369702150957	3.582825110376
1	1389	933.73112034785	6.380506966733
1	1393	934.562342066474	4.192639915517
1	1403	945.333307512493	11.602187164643
1	1409	974.040435020157	39.478092953683
1	1413	976.125822741899	30.792515229406
1	1421	983.924072178268	9.883637158111
1	1427	987.71944512669	11.593622384791
1	1431	991.81585830434	7.891786126072
1	1437	997.31345169762	9.59400657093
1	1441	997.540815655538	5.724957351198
1	1447	998.249609231536	0.936157533916
1	1453	999.814427019205	2.273611363667
2	156	102.012094275798	16
2	160	106.389048920632	17
2	162	107.804704737133	16
2	166	109.150269372619	15
2	170	111.438367790885	16
2	172	114.036367819763	17
2	174	125.034212609084	16
2	178	125.298781468945	17
2	180	127.078496758804	16
2	184	129.513428680158	15
2	188	130.453587089749	14
2	192	131.620484082387	15
2	194	132.295961347641	16
2	196	133.979356643772	15
2	200	134.244545429689	14
2	204	134.553006269292	15
2	206	135.79184830106	16
2	208	136.855118755474	17
2	210	144.076674038302	16
2	214	149.430308500251	17
2	216	160.856615084726	16
2	220	161.533963575216	15
2	224	163.851798375898	14
2	228	164.029454789412	13
2	232	164.430128963504	14
2	234	164.888011982618	15
2	236	169.970630304571	16
2	238	172.398479209566	17
2	240	173.164144583787	16
2	244	173.49969853292	15
2	248	174.571655378971	16
2	250	176.254488434995	17
2	252	188.31377624181	16
2	256	189.158321815746	17
2	258	195.243598670268	16
2	262	197.612729449191	17
2	264	205.880419919545	16
2	268	206.26310485115	17
2	270	206.832488339219	16
2	274	207.4309338233	15
2	278	208.093143745206	16
2	280	208.848972241259	15
2	284	208.980574608441	14
2	288	210.297894196804	15
2	290	210.428214692139	16
2	292	212.908077231174	15
2	296	213.713330777254	16
2	298	214.192355345027	17
2	300	216.034028277392	16
2	304	217.108622600008	15
2	308	217.878772104691	14
2	312	219.885471278082	15
2	314	219.920235870176	16
2	316	220.89302845566	17
2	318	222.660609175774	16
2	322	227.93361799422	15
2	326	229.592951447749	14
2	330	230.7720885808	15
2	332	231.109875777439	16
2	334	232.621963575011	15
2	338	233.000487016875	16
2	340	233.742375783208	17
2	342	235.182683078098	16
2	346	235.566668684976	17
2	348	237.365089718099	16
2	352	237.870055393044	17
2	354	238.002211029058	16
2	358	239.582397736902	15
2	362	241.737810470503	16
2	364	242.360949363696	17
2	366	243.283056330242	16
2	370	245.140538949676	17
2	372	245.827972230318	16
2	376	249.342574760572	15
2	380	250.018978194539	16
2	382	257.337268804024	15
2	386	257.779084679475	16
2	388	258.396896585789	17
2	390	271.115634299596	16
2	394	271.537128574995	15
2	398	271.905269774066	16
2	400	273.125672088753	15
2	404	275.085240703992	14
2	408	276.825402652527	15
2	410	278.69976024806	14
2	414	279.159741309089	15
2	416	280.054364265854	16
2	418	282.865957168384	15
2	422	286.217422544386	16
2	424	287.024660996562	17
2	426	287.762085510788	16
2	430	288.68722265543	17
2	432	298.190638260441	16
2	436	300.746919080028	17
2	438	315.508463934755	16
2	442	315.870265422402	17
2	444	319.755882647625	16
2	448	325.194438695654	15
2	452	325.203703492143	16
2	454	325.438759761548	15
2	458	325.645894960717	16
2	460	326.276711904058	15
2	464	326.53577237793	14
2	468	327.732738797824	15
2	470	328.100746082017	16
2	472	328.372121915463	15
2	476	328.373057602271	16
2	478	328.503550662011	15
2	482	328.627952589069	16
2	484	330.939157267414	15
2	488	331.690493314898	16
2	490	332.027240505149	17
2	492	332.046515185858	16
2	496	332.562210013499	15
2	500	333.32428125779	16
2	502	338.031525963746	15
2	506	339.419720670497	14
2	510	339.954045881991	15
2	512	340.499501732474	14
2	516	341.914254504804	15
2	518	342.111085190119	16
2	520	342.328458610307	17
2	522	343.547866600122	16
2	526	344.924068419363	17
2	528	348.384715828835	16
2	532	350.775477637366	17
2	534	351.516463008639	16
2	538	353.7634634893	17
2	540	356.076404128816	16
2	544	356.189963404713	15
2	548	360.261212653108	16
2	550	361.893386939771	17
2	552	365.650847839899	16
2	556	367.85221053791	15
2	560	368.187123872205	16
2	562	368.72433238019	15
2	566	368.768619902114	16
2	568	370.990969651587	17
2	570	382.904628982049	16
2	574	383.130660071175	17
2	576	388.104796194663	16
2	580	390.704412518957	17
2	582	399.802005539859	16
2	586	400.918176436715	15
2	590	402.103290601732	16
2	592	406.620433437328	17
2	594	406.824773929853	16
2	598	407.840261039443	17
2	600	410.485197856394	16
2	604	411.873876918606	17
2	606	415.377119045028	16
2	610	417.429835370978	17
2	612	428.108564967254	16
2	616	429.550148296346	17
2	618	431.642906500839	16
2	622	431.741284415438	17
2	624	432.187122941223	16
2	628	433.709369808961	15
2	632	433.985768295283	16
2	634	442.600008193722	17
2	636	452.46429377882	16
2	640	453.999668953709	17
2	642	455.036376616148	16
2	646	456.316029701695	15
2	650	458.909768013788	16
2	652	459.3500525475	15
2	656	459.56601987637	14
2	660	460.345969915357	15
2	662	460.795319204628	14
2	666	463.487864000048	15
2	668	464.332522208132	14
2	672	466.239146427028	15
2	674	466.726322128397	16
2	676	467.085516204048	17
2	678	475.421929286925	16
2	682	475.704471012121	15
2	686	477.649029594311	16
2	688	478.967140559068	15
2	692	479.023260498875	16
2	694	481.643771721939	15
2	698	481.929006923046	14
2	702	481.963489749356	15
2	704	483.114483042093	16
2	706	483.685049855452	17
2	708	485.599277900186	16
2	712	486.531969694709	15
2	716	486.757631163384	16
2	718	492.576313574502	17
2	720	494.480071481761	16
2	724	504.003712917491	17
2	726	508.745282187842	16
2	730	509.908369905672	17
2	732	515.671565463558	16
2	736	517.413547854827	15
2	740	518.23607376937	14
2	744	518.612410176005	13
2	748	519.025949859114	14
2	750	520.443296861274	15
2	752	520.866248373022	16
2	754	521.76140166509	17
2	756	527.702316019571	16
2	760	530.066776224826	15
2	764	533.519424741498	14
2	768	534.547805242996	15
2	770	537.672644896503	14
2	774	537.771687778037	15
2	776	538.328236534588	16
2	778	540.227179980817	15
2	782	541.064209212183	16
2	784	542.384723214628	17
2	786	542.835772518793	16
2	790	549.632272213514	15
2	794	551.31383450647	16
2	796	552.208294956342	17
2	798	552.319513400418	16
2	802	555.342352696137	17
2	804	556.362077536871	16
2	808	556.461672031467	15
2	812	557.353925973092	16
2	814	560.590804253766	17
2	816	561.609054347137	16
2	820	563.014697307844	15
2	824	564.379263799763	16
2	826	564.453597502656	17
2	828	565.271224479624	16
2	832	566.56384596744	17
2	834	577.401016024245	16
2	838	577.92641445745	17
2	840	581.976570402837	16
2	844	582.635156537294	17
2	846	585.985258726169	16
2	850	588.880596710916	15
2	854	590.625424496414	16
2	856	590.683582303417	17
2	858	592.717923455273	16
2	862	592.778773101155	15
2	866	593.036756957469	14
2	870	597.157729191622	15
2	872	599.004889374151	14
2	876	599.485997668242	15
2	878	599.691706471001	14
2	882	600.689020428075	15
2	884	600.765645053397	16
2	886	600.967314994444	17
2	888	601.377037445271	16
2	892	601.409431592805	15
2	896	602.115312889486	16
2	898	604.475149903808	15
2	902	606.597398707069	16
2	904	607.118159333534	17
2	906	607.26939163653	16
2	910	607.77296384411	15
2	914	608.488236902133	14
2	918	609.643336579443	15
2	920	610.036823560877	14
2	924	610.328487247355	15
2	926	612.103598388847	14
2	930	613.838768926335	13
2	934	614.284015365853	14
2	936	615.300550041829	15
2	938	615.535870832798	14
2	942	615.953895264941	15
2	944	617.217293909491	16
2	946	618.911112860957	17
2	948	629.32561804998	16
2	952	632.705935028549	17
2	954	632.841341361338	16
2	958	634.579565802824	17
2	960	639.098233210271	16
2	964	642.306387863009	15
2	968	642.4556813507	14
2	972	642.752621064776	15
2	974	642.991545275622	16
2	976	643.149514004727	15
2	980	644.139366170237	16
2	982	646.705244150641	17
2	984	648.871562808734	16
2	988	652.665981342797	17
2	990	653.664905537982	16
2	994	655.671499235476	15
2	998	657.281143524718	16
2	1000	662.15815085667	15
2	1004	665.222141955938	14
2	1008	665.90142262573	15
2	1010	666.567363668804	14
2	1014	667.961875020821	15
2	1016	668.503572735018	14
2	1020	668.897995443899	13
2	1024	670.25355847949	14
2	1026	670.30152405492	15
2	1028	670.60589182577	16
2	1030	671.043751010013	17
2	1032	671.621063233721	16
2	1036	672.580019970738	15
2	1040	674.162456441162	16
2	1042	680.280016936003	17
2	1044	685.072288959754	16
2	1048	686.892691695726	15
2	1052	687.000796655941	14
2	1056	687.319868070809	13
2	1060	687.664046814225	14
2	1062	687.720232878103	13
2	1066	688.600250198217	14
2	1068	690.145566782678	15
2	1070	693.335551670384	14
2	1074	694.044117844212	15
2	1076	696.12601541617	16
2	1078	696.907354548744	17
2	1080	699.217135714663	16
2	1084	701.794584002216	15
2	1088	701.947973036451	14
2	1092	702.286670962237	15
2	1094	702.607939273658	16
2	1096	707.541054340655	17
2	1098	710.342005698487	16
2	1102	712.188199133934	17
2	1104	719.65178874005	16
2	1108	721.263900005055	17
2	1110	724.08089124126	16
2	1114	734.535204913694	15
2	1118	735.769093665631	16
2	1120	737.013959836149	15
2	1124	737.482359597234	14
2	1128	737.974829169581	15
2	1130	737.980950244215	16
2	1132	738.111447371097	17
2	1134	738.625483638845	16
2	1138	739.700936396807	17
2	1140	740.96930077753	16
2	1144	744.805239517113	17
2	1146	750.648199228751	16
2	1150	751.968467201327	17
2	1152	754.135453768338	16
2	1156	754.455072427353	15
2	1160	757.745702881648	16
2	1162	758.966545684333	15
2	1166	759.096973485556	16
2	1168	759.358492733415	15
2	1172	760.096240317735	16
2	1174	764.087357970546	17
2	1176	764.109299588645	16
2	1180	765.785773402213	17
2	1182	766.047397779474	16
2	1186	768.116140234017	17
2	1188	776.796263786991	16
2	1192	777.140827945363	15
2	1196	779.038393101042	14
2	1200	779.615858073842	15
2	1202	780.528161976944	16
2	1204	781.209801142818	15
2	1208	781.79054719678	14
2	1212	783.950605181947	15
2	1214	784.026911258364	16
2	1216	789.321801791961	15
2	1220	789.374523725207	16
2	1222	789.984382925871	17
2	1224	794.735552847628	16
2	1228	794.941561825688	15
2	1232	795.707903720883	16
2	1234	795.799364939482	17
2	1236	796.260800068617	16
2	1240	797.610555808034	17
2	1242	801.124143120487	16
2	1246	803.595474681601	17
2	1248	804.107698655526	16
2	1252	806.066465484035	17
2	1254	855.952544528155	16
2	1258	856.713747293244	15
2	1262	857.557766272733	14
2	1266	859.680901564983	15
2	1268	859.793246560146	16
2	1270	860.037040547869	15
2	1274	861.337899987993	16
2	1276	862.10061720709	17
2	1278	862.687374174151	16
2	1282	864.6766572594	15
2	1286	867.384321029269	16
2	1288	878.216101404014	17
2	1290	888.263851448957	16
2	1294	888.765646567177	15
2	1298	889.984246981874	14
2	1302	893.094653062899	15
2	1304	895.959170144936	16
2	1306	897.049284935734	15
2	1310	901.27975733446	14
2	1314	902.584782682387	15
2	1316	905.019007374625	16
2	1318	905.906250061357	17
2	1320	909.109737938828	16
2	1324	909.835664261766	17
2	1326	913.765261956822	16
2	1330	915.027798798238	15
2	1334	915.569109248682	16
2	1336	916.511179069958	17
2	1338	916.819552385685	16
2	1342	918.713829299401	17
2	1344	920.496158837461	16
2	1348	922.537896932118	15
2	1352	922.786075609657	14
2	1356	922.920996015642	15
2	1358	923.689336954057	14
2	1362	924.508038579421	15
2	1364	924.954082626759	14
2	1368	925.815390767688	15
2	1370	926.499858146414	16
2	1372	926.786877040581	15
2	1376	927.350613381117	14
2	1380	927.745546782839	15
2	1382	930.369702150957	14
2	1386	930.793359477512	15
2	1388	931.487198887324	16
2	1390	933.73112034785	15
2	1394	934.562342066474	14
2	1398	936.6189830363	15
2	1400	937.770345034049	16
2	1402	938.980322108465	17
2	1404	945.333307512493	16
2	1408	947.308678679543	17
2	1410	974.040435020157	16
2	1414	976.125822741899	15
2	1418	976.327984909512	16
2	1420	978.237341756961	17
2	1422	983.924072178268	16
2	1426	984.86021487802	17
2	1428	987.71944512669	16
2	1432	991.81585830434	15
2	1436	992.520118998945	16
2	1438	997.31345169762	15
2	1442	997.540815655538	14
2	1446	998.187878767714	15
2	1448	998.249609231536	14
2	1452	998.264316921821	15
2	1454	999.814427019205	14
2	1458	999.854844392685	15
3	156	102.012094275798	95.920823615729
3	162	107.804704737133	101.20583283713
3	166	109.150269372619	95.048713684538
3	174	125.034212609084	109.21106655138
3	180	127.078496758804	107.23616328094
3	184	129.513428680158	101.26979631106
3	188	130.453587089749	88.624973022409
3	196	133.979356643772	84.211691120768
3	200	134.244545429689	77.620171294375
3	210	144.076674038302	70.993849176245
3	216	160.856615084726	86.365650081762
3	220	161.533963575216	85.151442396016
3	224	163.851798375898	82.656102721649
3	228	164.029454789412	80.413886647042
3	240	173.164144583787	83.247872101194
3	244	173.49969853292	76.786035716144
3	252	188.31377624181	88.492269821997
3	258	195.243598670268	88.854549749636
3	264	205.880419919545	94.44205212866
3	270	206.832488339219	92.796120519456
3	274	207.4309338233	82.132152354355
3	280	208.848972241259	77.228488158872
3	284	208.980574608441	76.6846132608
3	292	212.908077231174	78.355070961882
3	300	216.034028277392	80.242179976332
3	304	217.108622600008	80.253503844534
3	308	217.878772104691	68.44846360444
3	318	222.660609175774	58.23048021227
3	322	227.93361799422	63.045606011602
3	326	229.592951447749	59.622321143178
3	334	232.621963575011	60.223484365445
3	342	235.182683078098	60.611027699127
3	348	237.365089718099	61.110601283104
3	354	238.002211029058	48.843889213312
3	358	239.582397736902	41.969668287711
3	366	243.283056330242	37.019951479092
3	372	245.827972230318	37.734828485112
3	376	249.342574760572	39.044680563768
3	382	257.337268804024	46.909054111885
3	390	271.115634299596	57.402303522342
3	394	271.537128574995	57.344773229968
3	400	273.125672088753	53.240200810671
3	404	275.085240703992	55.165004833816
3	410	278.69976024806	57.8067317924
3	418	282.865957168384	52.093868587584
3	426	287.762085510788	56.652209733349
3	432	298.190638260441	65.190151243566
3	438	315.508463934755	81.766088151547
3	444	319.755882647625	84.189213962649
3	448	325.194438695654	87.32438330261
3	454	325.438759761548	83.700949291045
3	460	326.276711904058	83.915762540362
3	464	326.53577237793	81.395233428254
3	472	328.372121915463	78.353143720924
3	478	328.503550662011	70.724465982536
3	484	330.939157267414	72.542260681625
3	492	332.046515185858	60.141245411792
3	496	332.562210013499	55.736807360972
3	502	338.031525963746	58.871784654657
3	506	339.419720670497	59.365356404643
3	512	340.499501732474	54.282079188088
3	522	343.547866600122	56.52320560356
3	528	348.384715828835	59.697493173405
3	534	351.516463008639	50.769543928611
3	540	356.076404128816	40.206138706414
3	544	356.189963404713	30.98625991257
3	552	365.650847839899	40.004952879182
3	556	367.85221053791	40.119471740086
3	562	368.72433238019	40.623586298173
3	570	382.904628982049	54.531571379778
3	576	388.104796194663	59.476843605594
3	582	399.802005539859	68.111512224961
3	586	400.918176436715	68.890935931566
3	594	406.824773929853	73.500492672063
3	600	410.485197856394	70.531151974403
3	606	415.377119045028	73.462864540224
3	612	428.108564967254	85.997479777135
3	618	431.642906500839	89.314447890532
3	624	432.187122941223	87.26305452186
3	628	433.709369808961	82.933892171595
3	636	452.46429377882	98.70083028952
3	642	455.036376616148	94.77516396304
3	646	456.316029701695	94.422642761924
3	652	459.3500525475	91.162928675295
3	656	459.56601987637	90.797399974256
3	662	460.795319204628	89.804349553041
3	668	464.332522208132	81.201862136957
3	678	475.421929286925	84.717516767968
3	682	475.704471012121	73.601180410389
3	688	478.967140559068	72.34670712174
3	694	481.643771721939	73.803510682496
3	698	481.929006923046	70.05513000444
3	708	485.599277900186	68.169442529208
3	712	486.531969694709	56.981821398363
3	720	494.480071481761	62.738787066323
3	726	508.745282187842	74.759513892559
3	732	515.671565463558	73.071557269836
3	736	517.413547854827	63.413878901118
3	740	518.23607376937	59.326305755582
3	744	518.612410176005	58.266440260648
3	756	527.702316019571	64.214452019523
3	760	530.066776224826	63.827629797798
3	764	533.519424741498	66.793102613101
3	770	537.672644896503	70.587128692455
3	778	540.227179980817	62.578150386506
3	786	542.835772518793	63.812512019918
3	790	549.632272213514	67.668782464158
3	798	552.319513400418	69.205030358325
3	804	556.362077536871	72.677027681419
3	808	556.461672031467	69.704040868083
3	816	561.609054347137	69.032740772635
3	820	563.014697307844	59.010984390353
3	828	565.271224479624	55.362854573952
3	834	577.401016024245	58.375066165131
3	840	581.976570402837	61.533273541563
3	846	585.985258726169	65.119010353147
3	850	588.880596710916	67.119195045826
3	858	592.717923455273	58.170118212277
3	862	592.778773101155	55.007085323118
3	866	593.036756957469	54.708520422881
3	872	599.004889374151	57.940680161968
3	878	599.691706471001	57.306983256373
3	888	601.377037445271	50.063202938801
3	892	601.409431592805	49.201136636463
3	898	604.475149903808	49.132797207671
3	906	607.26939163653	49.915465663438
3	910	607.77296384411	47.182159590344
3	914	608.488236902133	44.10897310237
3	920	610.036823560877	45.583226058221
3	926	612.103598388847	45.539752421407
3	930	613.838768926335	35.912354468885
3	938	615.535870832798	32.900714295504
3	948	629.32561804998	38.700193553566
3	954	632.841341361338	42.157759057921
3	960	639.098233210271	41.940504018649
3	964	642.306387863009	42.820390194767
3	968	642.4556813507	41.766660922625
3	976	643.149514004727	42.38386895133
3	984	648.871562808734	47.90424781429
3	990	653.664905537982	51.549592648496
3	994	655.671499235476	49.074100528407
3	1000	662.15815085667	55.039991523136
3	1004	665.222141955938	55.578805376495
3	1010	666.567363668804	56.238876421449
3	1016	668.503572735018	54.219557369165
3	1020	668.897995443899	53.59744540207
3	1032	671.621063233721	55.66716796878
3	1036	672.580019970738	55.362726061247
3	1044	685.072288959754	66.161176098797
3	1048	686.892691695726	54.186756667177
3	1052	687.000796655941	52.421230853117
3	1056	687.319868070809	44.567247006033
3	1062	687.720232878103	44.728687602481
3	1070	693.335551670384	49.196185500147
3	1080	699.217135714663	52.511891564022
3	1084	701.794584002216	49.128602659419
3	1088	701.947973036451	44.666829511733
3	1098	710.342005698487	44.440583072757
3	1104	719.65178874005	51.689913719229
3	1110	724.08089124126	53.82733276177
3	1114	734.535204913694	64.233680858774
3	1120	737.013959836149	66.408068010379
3	1124	737.482359597234	66.438608587221
3	1134	738.625483638845	64.463027197683
3	1140	740.96930077753	60.689283841527
3	1146	750.648199228751	62.984152414526
3	1152	754.135453768338	65.535203570121
3	1156	754.455072427353	64.309505644675
3	1162	758.966545684333	64.922427840121
3	1168	759.358492733415	63.232477317245
3	1176	764.109299588645	67.201945039901
3	1182	766.047397779474	63.760726817237
3	1188	776.796263786991	74.188324513333
3	1192	777.140827945363	69.599773604708
3	1196	779.038393101042	66.850193967108
3	1204	781.209801142818	59.945901137763
3	1208	781.79054719678	46.021453531149
3	1216	789.321801791961	51.34697262238
3	1224	794.735552847628	56.754602603413
3	1228	794.941561825688	56.830114454591
3	1236	796.260800068617	56.55986367181
3	1242	801.124143120487	56.318903603374
3	1248	804.107698655526	52.139231454199
3	1254	855.952544528155	98.206841646507
3	1258	856.713747293244	97.616773807688
3	1262	857.557766272733	97.461525954998
3	1270	860.037040547869	95.949682577323
3	1278	862.687374174151	96.901600771938
3	1282	864.6766572594	96.560517025383
3	1290	888.263851448957	108.64799337511
3	1294	888.765646567177	108.23748459023
3	1298	889.984246981874	106.03364179993
3	1306	897.049284935734	113.02237367737
3	1310	901.27975733446	111.90523360925
3	1320	909.109737938828	119.12535501296
3	1326	913.765261956822	118.05735823594
3	1330	915.027798798238	119.22843385876
3	1338	916.819552385685	119.20899657765
3	1344	920.496158837461	116.90068415586
3	1348	922.537896932118	116.47143144808
3	1352	922.786075609657	63.105174044674
3	1358	923.689336954057	63.896090393911
3	1364	924.954082626759	63.616182638766
3	1372	926.786877040581	64.686259833491
3	1376	927.350613381117	59.966292351848
3	1382	930.369702150957	52.153600746943
3	1390	933.73112034785	40.636467284951
3	1394	934.562342066474	38.603171921538
3	1404	945.333307512493	42.748524830106
3	1410	974.040435020157	69.021427645532
3	1414	976.125822741899	70.219572680542
3	1422	983.924072178268	74.088407916502
3	1428	987.71944512669	72.150335878008
3	1432	991.81585830434	75.304679234382
3	1438	997.31345169762	78.599622398219
3	1442	997.540815655538	74.619819639896
3	1448	998.249609231536	73.741570652115
3	1454	999.814427019205	73.999036251517
4	156	102.012094275798	0
4	162	107.804704737133	0
4	166	109.150269372619	0
4	174	125.034212609084	0
4	180	127.078496758804	0
4	184	129.513428680158	0
4	188	130.453587089749	0
4	196	133.979356643772	0
4	200	134.244545429689	0
4	210	144.076674038302	0
4	216	160.856615084726	0
4	220	161.533963575216	0
4	224	163.851798375898	0
4	228	164.029454789412	0
4	240	173.164144583787	0
4	244	173.49969853292	0
4	252	188.31377624181	0
4	258	195.243598670268	0
4	264	205.880419919545	0
4	270	206.832488339219	0
4	274	207.4309338233	0
4	280	208.848972241259	0
4	284	208.980574608441	0
4	292	212.908077231174	0
4	300	216.034028277392	0
4	304	217.108622600008	0
4	308	217.878772104691	0
4	318	222.660609175774	0
4	322	227.93361799422	0
4	326	229.592951447749	0
4	334	232.621963575011	0
4	342	235.182683078098	0
4	348	237.365089718099	0
4	354	238.002211029058	0
4	358	239.582397736902	0
4	366	243.283056330242	0
4	372	245.827972230318	0
4	376	249.342574760572	0
4	382	257.337268804024	0
4	390	271.115634299596	0
4	394	271.537128574995	0
4	400	273.125672088753	0
4	404	275.085240703992	0
4	410	278.69976024806	0
4	418	282.865957168384	0
4	426	287.762085510788	0
4	432	298.190638260441	0
4	438	315.508463934755	0
4	444	319.755882647625	0
4	448	325.194438695654	0
4	454	325.438759761548	0
4	460	326.276711904058	0
4	464	326.53577237793	0
4	472	328.372121915463	0
4	478	328.503550662011	0
4	484	330.939157267414	0
4	492	332.046515185858	0
4	496	332.562210013499	0
4	502	338.031525963746	0
4	506	339.419720670497	0
4	512	340.499501732474	0
4	522	343.547866600122	0
4	528	348.384715828835	0
4	534	351.516463008639	0
4	540	356.076404128816	0
4	544	356.189963404713	0
4	552	365.650847839899	0
4	556	367.85221053791	0
4	562	368.72433238019	0
4	570	382.904628982049	0
4	576	388.104796194663	0
4	582	399.802005539859	0
4	586	400.918176436715	0
4	594	406.824773929853	0
4	600	410.485197856394	0
4	606	415.377119045028	0
4	612	428.108564967254	0
4	618	431.642906500839	0
4	624	432.187122941223	0
4	628	433.709369808961	0
4	636	452.46429377882	0
4	642	455.036376616148	0
4	646	456.316029701695	0
4	652	459.3500525475	0
4	656	459.56601987637	0
4	662	460.795319204628	0
4	668	464.332522208132	0
4	678	475.421929286925	0
4	682	475.704471012121	0
4	688	478.967140559068	0
4	694	481.643771721939	0
4	698	481.929006923046	0
4	708	485.599277900186	0
4	712	486.531969694709	0
4	720	494.480071481761	0
4	726	508.745282187842	0
4	732	515.671565463558	0
4	736	517.413547854827	0
4	740	518.23607376937	0
4	744	518.612410176005	0
4	756	527.702316019571	0
4	760	530.066776224826	0
4	764	533.519424741498	0
4	770	537.672644896503	0
4	778	540.227179980817	0
4	786	542.835772518793	0
4	790	549.632272213514	0
4	798	552.319513400418	0
4	804	556.362077536871	0
4	808	556.461672031467	0
4	816	561.609054347137	0
4	820	563.014697307844	0
4	828	565.271224479624	0
4	834	577.401016024245	0
4	840	581.976570402837	0
4	846	585.985258726169	0
4	850	588.880596710916	0
4	858	592.717923455273	0
4	862	592.778773101155	0
4	866	593.036756957469	0
4	872	599.004889374151	0
4	878	599.691706471001	0
4	888	601.377037445271	0
4	892	601.409431592805	0
4	898	604.475149903808	0
4	906	607.26939163653	0
4	910	607.77296384411	0
4	914	608.488236902133	0
4	920	610.036823560877	0
4	926	612.103598388847	0
4	930	613.838768926335	0
4	938	615.535870832798	0
4	948	629.32561804998	0
4	954	632.841341361338	0
4	960	639.098233210271	0
4	964	642.306387863009	0
4	968	642.4556813507	0
4	976	643.149514004727	0
4	984	648.871562808734	0
4	990	653.664905537982	0
4	994	655.671499235476	0
4	1000	662.15815085667	0
4	1004	665.222141955938	0
4	1010	666.567363668804	0
4	1016	668.503572735018	0
4	1020	668.897995443899	0
4	1032	671.621063233721	0
4	1036	672.580019970738	0
4	1044	685.072288959754	0
4	1048	686.892691695726	0
4	1052	687.000796655941	0
4	1056	687.319868070809	0
4	1062	687.720232878103	0
4	1070	693.335551670384	0
4	1080	699.217135714663	0
4	1084	701.794584002216	0
4	1088	701.947973036451	0
4	1098	710.342005698487	0
4	1104	719.65178874005	0
4	1110	724.08089124126	0
4	1114	734.535204913694	0
4	1120	737.013959836149	0
4	1124	737.482359597234	0
4	1134	738.625483638845	0
4	1140	740.96930077753	0
4	1146	750.648199228751	0
4	1152	754.135453768338	0
4	1156	754.455072427353	0
4	1162	758.966545684333	0
4	1168	759.358492733415	0
4	1176	764.109299588645	0
4	1182	766.047397779474	0
4	1188	776.796263786991	0
4	1192	777.140827945363	0
4	1196	779.038393101042	0
4	1204	781.209801142818	0
4	1208	781.79054719678	0
4	1216	789.321801791961	0
4	1224	794.735552847628	0
4	1228	794.941561825688	0
4	1236	796.260800068617	0
4	1242	801.124143120487	0
4	1248	804.107698655526	0
4	1254	855.952544528155	0
4	1258	856.713747293244	0
4	1262	857.557766272733	0
4	1270	860.037040547869	0
4	1278	862.687374174151	0
4	1282	864.6766572594	0
4	1290	888.263851448957	0
4	1294	888.765646567177	0
4	1298	889.984246981874	0
4	1306	897.049284935734	0
4	1310	901.27975733446	0
4	1320	909.109737938828	0
4	1326	913.765261956822	0
4	1330	915.027798798238	0
4	1338	916.819552385685	0
4	1344	920.496158837461	0
4	1348	922.537896932118	0
4	1352	922.786075609657	0
4	1358	923.689336954057	0
4	1364	924.954082626759	0
4	1372	926.786877040581	0
4	1376	927.350613381117	0
4	1382	930.369702150957	0
4	1390	933.73112034785	0
4	1394	934.562342066474	0
4	1404	945.333307512493	0
4	1410	974.040435020157	0
4	1414	976.125822741899	0
4	1422	983.924072178268	0
4	1428	987.71944512669	0
4	1432	991.81585830434	0
4	1438	997.31345169762	0
4	1442	997.540815655538	0
4	1448	998.249609231536	0
4	1454	999.814427019205	0
5	158	102.012094275798	1
5	159	106.389048920632	0
5	164	107.804704737133	1
5	168	109.150269372619	2
5	169	111.438367790885	1
5	171	114.036367819763	0
5	176	125.034212609084	1
5	177	125.298781468945	0
5	182	127.078496758804	1
5	186	129.513428680158	2
5	190	130.453587089749	3
5	191	131.620484082387	2
5	193	132.295961347641	1
5	198	133.979356643772	2
5	202	134.244545429689	3
5	203	134.553006269292	2
5	205	135.79184830106	1
5	207	136.855118755474	0
5	212	144.076674038302	1
5	213	149.430308500251	0
5	218	160.856615084726	1
5	222	161.533963575216	2
5	226	163.851798375898	3
5	230	164.029454789412	4
5	231	164.430128963504	3
5	233	164.888011982618	2
5	235	169.970630304571	1
5	237	172.398479209566	0
5	242	173.164144583787	1
5	246	173.49969853292	2
5	247	174.571655378971	1
5	249	176.254488434995	0
5	254	188.31377624181	1
5	255	189.158321815746	0
5	260	195.243598670268	1
5	261	197.612729449191	0
5	266	205.880419919545	1
5	267	206.26310485115	0
5	272	206.832488339219	1
5	276	207.4309338233	2
5	277	208.093143745206	1
5	282	208.848972241259	2
5	286	208.980574608441	3
5	287	210.297894196804	2
5	289	210.428214692139	1
5	294	212.908077231174	2
5	295	213.713330777254	1
5	297	214.192355345027	0
5	302	216.034028277392	1
5	306	217.108622600008	2
5	310	217.878772104691	3
5	311	219.885471278082	2
5	313	219.920235870176	1
5	315	220.89302845566	0
5	320	222.660609175774	1
5	324	227.93361799422	2
5	328	229.592951447749	3
5	329	230.7720885808	2
5	331	231.109875777439	1
5	336	232.621963575011	2
5	337	233.000487016875	1
5	339	233.742375783208	0
5	344	235.182683078098	1
5	345	235.566668684976	0
5	350	237.365089718099	1
5	351	237.870055393044	0
5	356	238.002211029058	1
5	360	239.582397736902	2
5	361	241.737810470503	1
5	363	242.360949363696	0
5	368	243.283056330242	1
5	369	245.140538949676	0
5	374	245.827972230318	1
5	378	249.342574760572	2
5	379	250.018978194539	1
5	384	257.337268804024	2
5	385	257.779084679475	1
5	387	258.396896585789	0
5	392	271.115634299596	1
5	396	271.537128574995	2
5	397	271.905269774066	1
5	402	273.125672088753	2
5	406	275.085240703992	3
5	407	276.825402652527	2
5	412	278.69976024806	3
5	413	279.159741309089	2
5	415	280.054364265854	1
5	420	282.865957168384	2
5	421	286.217422544386	1
5	423	287.024660996562	0
5	428	287.762085510788	1
5	429	288.68722265543	0
5	434	298.190638260441	1
5	435	300.746919080028	0
5	440	315.508463934755	1
5	441	315.870265422402	0
5	446	319.755882647625	1
5	450	325.194438695654	2
5	451	325.203703492143	1
5	456	325.438759761548	2
5	457	325.645894960717	1
5	462	326.276711904058	2
5	466	326.53577237793	3
5	467	327.732738797824	2
5	469	328.100746082017	1
5	474	328.372121915463	2
5	475	328.373057602271	1
5	480	328.503550662011	2
5	481	328.627952589069	1
5	486	330.939157267414	2
5	487	331.690493314898	1
5	489	332.027240505149	0
5	494	332.046515185858	1
5	498	332.562210013499	2
5	499	333.32428125779	1
5	504	338.031525963746	2
5	508	339.419720670497	3
5	509	339.954045881991	2
5	514	340.499501732474	3
5	515	341.914254504804	2
5	517	342.111085190119	1
5	519	342.328458610307	0
5	524	343.547866600122	1
5	525	344.924068419363	0
5	530	348.384715828835	1
5	531	350.775477637366	0
5	536	351.516463008639	1
5	537	353.7634634893	0
5	542	356.076404128816	1
5	546	356.189963404713	2
5	547	360.261212653108	1
5	549	361.893386939771	0
5	554	365.650847839899	1
5	558	367.85221053791	2
5	559	368.187123872205	1
5	564	368.72433238019	2
5	565	368.768619902114	1
5	567	370.990969651587	0
5	572	382.904628982049	1
5	573	383.130660071175	0
5	578	388.104796194663	1
5	579	390.704412518957	0
5	584	399.802005539859	1
5	588	400.918176436715	2
5	589	402.103290601732	1
5	591	406.620433437328	0
5	596	406.824773929853	1
5	597	407.840261039443	0
5	602	410.485197856394	1
5	603	411.873876918606	0
5	608	415.377119045028	1
5	609	417.429835370978	0
5	614	428.108564967254	1
5	615	429.550148296346	0
5	620	431.642906500839	1
5	621	431.741284415438	0
5	626	432.187122941223	1
5	630	433.709369808961	2
5	631	433.985768295283	1
5	633	442.600008193722	0
5	638	452.46429377882	1
5	639	453.999668953709	0
5	644	455.036376616148	1
5	648	456.316029701695	2
5	649	458.909768013788	1
5	654	459.3500525475	2
5	658	459.56601987637	3
5	659	460.345969915357	2
5	664	460.795319204628	3
5	665	463.487864000048	2
5	670	464.332522208132	3
5	671	466.239146427028	2
5	673	466.726322128397	1
5	675	467.085516204048	0
5	680	475.421929286925	1
5	684	475.704471012121	2
5	685	477.649029594311	1
5	690	478.967140559068	2
5	691	479.023260498875	1
5	696	481.643771721939	2
5	700	481.929006923046	3
5	701	481.963489749356	2
5	703	483.114483042093	1
5	705	483.685049855452	0
5	710	485.599277900186	1
5	714	486.531969694709	2
5	715	486.757631163384	1
5	717	492.576313574502	0
5	722	494.480071481761	1
5	723	504.003712917491	0
5	728	508.745282187842	1
5	729	509.908369905672	0
5	734	515.671565463558	1
5	738	517.413547854827	2
5	742	518.23607376937	3
5	746	518.612410176005	4
5	747	519.025949859114	3
5	749	520.443296861274	2
5	751	520.866248373022	1
5	753	521.76140166509	0
5	758	527.702316019571	1
5	762	530.066776224826	2
5	766	533.519424741498	3
5	767	534.547805242996	2
5	772	537.672644896503	3
5	773	537.771687778037	2
5	775	538.328236534588	1
5	780	540.227179980817	2
5	781	541.064209212183	1
5	783	542.384723214628	0
5	788	542.835772518793	1
5	792	549.632272213514	2
5	793	551.31383450647	1
5	795	552.208294956342	0
5	800	552.319513400418	1
5	801	555.342352696137	0
5	806	556.362077536871	1
5	810	556.461672031467	2
5	811	557.353925973092	1
5	813	560.590804253766	0
5	818	561.609054347137	1
5	822	563.014697307844	2
5	823	564.379263799763	1
5	825	564.453597502656	0
5	830	565.271224479624	1
5	831	566.56384596744	0
5	836	577.401016024245	1
5	837	577.92641445745	0
5	842	581.976570402837	1
5	843	582.635156537294	0
5	848	585.985258726169	1
5	852	588.880596710916	2
5	853	590.625424496414	1
5	855	590.683582303417	0
5	860	592.717923455273	1
5	864	592.778773101155	2
5	868	593.036756957469	3
5	869	597.157729191622	2
5	874	599.004889374151	3
5	875	599.485997668242	2
5	880	599.691706471001	3
5	881	600.689020428075	2
5	883	600.765645053397	1
5	885	600.967314994444	0
5	890	601.377037445271	1
5	894	601.409431592805	2
5	895	602.115312889486	1
5	900	604.475149903808	2
5	901	606.597398707069	1
5	903	607.118159333534	0
5	908	607.26939163653	1
5	912	607.77296384411	2
5	916	608.488236902133	3
5	917	609.643336579443	2
5	922	610.036823560877	3
5	923	610.328487247355	2
5	928	612.103598388847	3
5	932	613.838768926335	4
5	933	614.284015365853	3
5	935	615.300550041829	2
5	940	615.535870832798	3
5	941	615.953895264941	2
5	943	617.217293909491	1
5	945	618.911112860957	0
5	950	629.32561804998	1
5	951	632.705935028549	0
5	956	632.841341361338	1
5	957	634.579565802824	0
5	962	639.098233210271	1
5	966	642.306387863009	2
5	970	642.4556813507	3
5	971	642.752621064776	2
5	973	642.991545275622	1
5	978	643.149514004727	2
5	979	644.139366170237	1
5	981	646.705244150641	0
5	986	648.871562808734	1
5	987	652.665981342797	0
5	992	653.664905537982	1
5	996	655.671499235476	2
5	997	657.281143524718	1
5	1002	662.15815085667	2
5	1006	665.222141955938	3
5	1007	665.90142262573	2
5	1012	666.567363668804	3
5	1013	667.961875020821	2
5	1018	668.503572735018	3
5	1022	668.897995443899	4
5	1023	670.25355847949	3
5	1025	670.30152405492	2
5	1027	670.60589182577	1
5	1029	671.043751010013	0
5	1034	671.621063233721	1
5	1038	672.580019970738	2
5	1039	674.162456441162	1
5	1041	680.280016936003	0
5	1046	685.072288959754	1
5	1050	686.892691695726	2
5	1054	687.000796655941	3
5	1058	687.319868070809	4
5	1059	687.664046814225	3
5	1064	687.720232878103	4
5	1065	688.600250198217	3
5	1067	690.145566782678	2
5	1072	693.335551670384	3
5	1073	694.044117844212	2
5	1075	696.12601541617	1
5	1077	696.907354548744	0
5	1082	699.217135714663	1
5	1086	701.794584002216	2
5	1090	701.947973036451	3
5	1091	702.286670962237	2
5	1093	702.607939273658	1
5	1095	707.541054340655	0
5	1100	710.342005698487	1
5	1101	712.188199133934	0
5	1106	719.65178874005	1
5	1107	721.263900005055	0
5	1112	724.08089124126	1
5	1116	734.535204913694	2
5	1117	735.769093665631	1
5	1122	737.013959836149	2
5	1126	737.482359597234	3
5	1127	737.974829169581	2
5	1129	737.980950244215	1
5	1131	738.111447371097	0
5	1136	738.625483638845	1
5	1137	739.700936396807	0
5	1142	740.96930077753	1
5	1143	744.805239517113	0
5	1148	750.648199228751	1
5	1149	751.968467201327	0
5	1154	754.135453768338	1
5	1158	754.455072427353	2
5	1159	757.745702881648	1
5	1164	758.966545684333	2
5	1165	759.096973485556	1
5	1170	759.358492733415	2
5	1171	760.096240317735	1
5	1173	764.087357970546	0
5	1178	764.109299588645	1
5	1179	765.785773402213	0
5	1184	766.047397779474	1
5	1185	768.116140234017	0
5	1190	776.796263786991	1
5	1194	777.140827945363	2
5	1198	779.038393101042	3
5	1199	779.615858073842	2
5	1201	780.528161976944	1
5	1206	781.209801142818	2
5	1210	781.79054719678	3
5	1211	783.950605181947	2
5	1213	784.026911258364	1
5	1218	789.321801791961	2
5	1219	789.374523725207	1
5	1221	789.984382925871	0
5	1226	794.735552847628	1
5	1230	794.941561825688	2
5	1231	795.707903720883	1
5	1233	795.799364939482	0
5	1238	796.260800068617	1
5	1239	797.610555808034	0
5	1244	801.124143120487	1
5	1245	803.595474681601	0
5	1250	804.107698655526	1
5	1251	806.066465484035	0
5	1256	855.952544528155	1
5	1260	856.713747293244	2
5	1264	857.557766272733	3
5	1265	859.680901564983	2
5	1267	859.793246560146	1
5	1272	860.037040547869	2
5	1273	861.337899987993	1
5	1275	862.10061720709	0
5	1280	862.687374174151	1
5	1284	864.6766572594	2
5	1285	867.384321029269	1
5	1287	878.216101404014	0
5	1292	888.263851448957	1
5	1296	888.765646567177	2
5	1300	889.984246981874	3
5	1301	893.094653062899	2
5	1303	895.959170144936	1
5	1308	897.049284935734	2
5	1312	901.27975733446	3
5	1313	902.584782682387	2
5	1315	905.019007374625	1
5	1317	905.906250061357	0
5	1322	909.109737938828	1
5	1323	909.835664261766	0
5	1328	913.765261956822	1
5	1332	915.027798798238	2
5	1333	915.569109248682	1
5	1335	916.511179069958	0
5	1340	916.819552385685	1
5	1341	918.713829299401	0
5	1346	920.496158837461	1
5	1350	922.537896932118	2
5	1354	922.786075609657	3
5	1355	922.920996015642	2
5	1360	923.689336954057	3
5	1361	924.508038579421	2
5	1366	924.954082626759	3
5	1367	925.815390767688	2
5	1369	926.499858146414	1
5	1374	926.786877040581	2
5	1378	927.350613381117	3
5	1379	927.745546782839	2
5	1384	930.369702150957	3
5	1385	930.793359477512	2
5	1387	931.487198887324	1
5	1392	933.73112034785	2
5	1396	934.562342066474	3
5	1397	936.6189830363	2
5	1399	937.770345034049	1
5	1401	938.980322108465	0
5	1406	945.333307512493	1
5	1407	947.308678679543	0
5	1412	974.040435020157	1
5	1416	976.125822741899	2
5	1417	976.327984909512	1
5	1419	978.237341756961	0
5	1424	983.924072178268	1
5	1425	984.86021487802	0
5	1430	987.71944512669	1
5	1434	991.81585830434	2
5	1435	992.520118998945	1
5	1440	997.31345169762	2
5	1444	997.540815655538	3
5	1445	998.187878767714	2
5	1450	998.249609231536	3
5	1451	998.264316921821	2
5	1456	999.814427019205	3
5	1457	999.854844392685	2

