version 3
run General-21-20221103-10:28:22-6760
attr configname General
attr datetime 20221103-10:28:22
attr datetimef 20221103-102822
attr experiment General
attr inifile block.ini
attr iterationvars "$0=3, $1=20"
attr iterationvarsd 3/20
attr iterationvarsf 3,20-
attr measurement "$0=3, $1=20"
attr network Block
attr processid 6760
attr repetition 1
attr replication #1
attr resultdir results
attr runnumber 21
attr seedset 21
config network Block
config repeat 5
config sim-time-limit 1000s
config warmup-period 100s
config **.alloca.resourceModuleName "\"risorse\""
config **.dealloca.resourceModuleName "\"risorse\""
config **.is.delay exponential(3s)
config **.servente.serviceTime exponential(3s)
config **.dealloca.resourceAmount 2
config **.alloca.resourceAmount 2
config **.risorse.amount 6
config **.sorgente.numJobs (20)
config **.result-recording-modes all

vector 0 Block.servente queueLength:vector ETV
attr interpolationmode sample-hold
attr recordingmode vector
attr title "queue length"
vector 1 Block.servente queueingTime:vector ETV
attr interpolationmode none
attr recordingmode vector
attr title "queueing time at dequeue"
attr unit s
vector 2 Block.alloca queueLength:vector ETV
attr interpolationmode sample-hold
attr recordingmode vector
attr title "queue length"
vector 3 Block.alloca queueingTime:vector ETV
attr interpolationmode none
attr recordingmode vector
attr title "queueing time at dequeue"
attr unit s
vector 4 Block.risorse amount:vector ETV
attr interpolationmode sample-hold
attr recordingmode vector
attr title "available resource"
vector 5 Block.is delayedJobs:vector ETV
attr interpolationmode sample-hold
attr recordingmode vector
attr title "number of delayed jobs"
0	255	101.075938560219	1
0	257	101.075938560219	2
0	263	103.939079523722	1
0	265	103.939079523722	2
0	267	108.228178663326	1
0	269	108.228178663326	2
0	271	108.956642876203	1
0	273	108.956642876203	2
0	281	115.657608360211	1
0	283	115.657608360211	2
0	285	120.031275288167	1
0	287	120.031275288167	2
0	291	121.682691780139	1
0	293	121.682691780139	2
0	297	127.036587328521	1
0	299	127.036587328521	2
0	301	127.124248038527	1
0	303	127.124248038527	2
0	305	128.115976968157	1
0	307	128.115976968157	2
0	317	131.858037081653	1
0	319	131.858037081653	2
0	321	133.285888695073	1
0	323	133.285888695073	2
0	327	136.015248849716	1
0	329	136.015248849716	2
0	335	139.975812068796	1
0	337	139.975812068796	2
0	341	140.963131001365	1
0	343	140.963131001365	2
0	347	143.688934548244	1
0	349	143.688934548244	2
0	351	145.784924930159	1
0	353	145.784924930159	2
0	355	146.220098173832	1
0	357	146.220098173832	2
0	361	149.254173736112	1
0	363	149.254173736112	2
0	367	150.89326146266	1
0	369	150.89326146266	2
0	373	151.965606685943	1
0	375	151.965606685943	2
0	383	160.851611349544	1
0	385	160.851611349544	2
0	387	164.331843784216	1
0	389	164.331843784216	2
0	395	168.235357218355	1
0	397	168.235357218355	2
0	399	169.72830265513	1
0	401	169.72830265513	2
0	403	169.980981500979	1
0	405	169.980981500979	2
0	407	171.46128863192	1
0	409	171.46128863192	2
0	413	171.793619360007	1
0	415	171.793619360007	2
0	425	181.131809782681	1
0	427	181.131809782681	2
0	431	184.916664673743	1
0	433	184.916664673743	2
0	435	186.326066977461	1
0	437	186.326066977461	2
0	443	195.18226624099	1
0	445	195.18226624099	2
0	447	195.990246767917	1
0	449	195.990246767917	2
0	455	199.601076855022	1
0	457	199.601076855022	2
0	461	203.421083497088	1
0	463	203.421083497088	2
0	465	204.783408388299	1
0	467	204.783408388299	2
0	469	204.874140876733	1
0	471	204.874140876733	2
0	475	206.54198734989	1
0	477	206.54198734989	2
0	479	206.933603275017	1
0	481	206.933603275017	2
0	487	210.878970414496	1
0	489	210.878970414496	2
0	495	212.31381054994	1
0	497	212.31381054994	2
0	501	213.062709729026	1
0	503	213.062709729026	2
0	509	217.494420023894	1
0	511	217.494420023894	2
0	513	218.784155255095	1
0	515	218.784155255095	2
0	521	223.488144657224	1
0	523	223.488144657224	2
0	525	224.626714326143	1
0	527	224.626714326143	2
0	531	226.987245394017	1
0	533	226.987245394017	2
0	537	229.411724503312	1
0	539	229.411724503312	2
0	543	232.492468167458	1
0	545	232.492468167458	2
0	549	233.320091790051	1
0	551	233.320091790051	2
0	557	241.608886142325	1
0	559	241.608886142325	2
0	561	244.714809424228	1
0	563	244.714809424228	2
0	567	245.447962196043	1
0	569	245.447962196043	2
0	573	248.90638127466	1
0	575	248.90638127466	2
0	577	251.243219400938	1
0	579	251.243219400938	2
0	585	252.805512080985	1
0	587	252.805512080985	2
0	591	254.503512455662	1
0	593	254.503512455662	2
0	599	258.021661422784	1
0	601	258.021661422784	2
0	603	259.93973395505	1
0	605	259.93973395505	2
0	611	265.385547456363	1
0	613	265.385547456363	2
0	617	265.802326826386	1
0	619	265.802326826386	2
0	623	268.034206908125	1
0	625	268.034206908125	2
0	627	268.088844219871	1
0	629	268.088844219871	2
0	635	272.988576749906	1
0	637	272.988576749906	2
0	641	279.884179785531	1
0	643	279.884179785531	2
0	645	280.936353666187	1
0	647	280.936353666187	2
0	651	281.707440827085	1
0	653	281.707440827085	2
0	659	288.020302082741	1
0	661	288.020302082741	2
0	663	289.614059799199	1
0	665	289.614059799199	2
0	667	290.027399558753	1
0	669	290.027399558753	2
0	675	296.52378617681	1
0	677	296.52378617681	2
0	679	297.261811083102	1
0	681	297.261811083102	2
0	687	300.116533714853	1
0	689	300.116533714853	2
0	691	301.870512191651	1
0	693	301.870512191651	2
0	701	306.067868850584	1
0	703	306.067868850584	2
0	705	307.902564943887	1
0	707	307.902564943887	2
0	709	308.014474244865	1
0	711	308.014474244865	2
0	719	311.257472208352	1
0	721	311.257472208352	2
0	723	312.526864352827	1
0	725	312.526864352827	2
0	731	316.98508280787	1
0	733	316.98508280787	2
0	737	320.271948625144	1
0	739	320.271948625144	2
0	741	321.899356552677	1
0	743	321.899356552677	2
0	747	324.95799552719	1
0	749	324.95799552719	2
0	755	326.273633009623	1
0	757	326.273633009623	2
0	759	327.936191655703	1
0	761	327.936191655703	2
0	767	337.84441011736	1
0	769	337.84441011736	2
0	771	339.341973776015	1
0	773	339.341973776015	2
0	777	340.488141485685	1
0	779	340.488141485685	2
0	785	341.956104905191	1
0	787	341.956104905191	2
0	791	346.57956743864	1
0	793	346.57956743864	2
0	795	347.696173463073	1
0	797	347.696173463073	2
0	803	358.741626287733	1
0	805	358.741626287733	2
0	807	360.840408328826	1
0	809	360.840408328826	2
0	815	370.600773556028	1
0	817	370.600773556028	2
0	821	372.690043049469	1
0	823	372.690043049469	2
0	825	372.801137009572	1
0	827	372.801137009572	2
0	833	375.19882374021	1
0	835	375.19882374021	2
0	837	375.224388909998	1
0	839	375.224388909998	2
0	843	376.278480648227	1
0	845	376.278480648227	2
0	851	380.303288891308	1
0	853	380.303288891308	2
0	857	383.796694599148	1
0	859	383.796694599148	2
0	863	388.749533161288	1
0	865	388.749533161288	2
0	867	389.626589012906	1
0	869	389.626589012906	2
0	875	393.294829535555	1
0	877	393.294829535555	2
0	879	394.342253164577	1
0	881	394.342253164577	2
0	887	396.043548748508	1
0	889	396.043548748508	2
0	893	399.177650819257	1
0	895	399.177650819257	2
0	899	404.700447790098	1
0	901	404.700447790098	2
0	905	406.363980178594	1
0	907	406.363980178594	2
0	911	408.352003779264	1
0	913	408.352003779264	2
0	917	412.294602513156	1
0	919	412.294602513156	2
0	921	414.837743557318	1
0	923	414.837743557318	2
0	925	415.841942859374	1
0	927	415.841942859374	2
0	935	417.748922383552	1
0	937	417.748922383552	2
0	939	418.562492406559	1
0	941	418.562492406559	2
0	943	419.37809881895	1
0	945	419.37809881895	2
0	951	422.177760565602	1
0	953	422.177760565602	2
0	957	423.413541675095	1
0	959	423.413541675095	2
0	963	423.989006962639	1
0	965	423.989006962639	2
0	967	424.393901930133	1
0	969	424.393901930133	2
0	975	425.816090174673	1
0	977	425.816090174673	2
0	979	426.31683433913	1
0	981	426.31683433913	2
0	985	427.626859486253	1
0	987	427.626859486253	2
0	989	428.301562090218	1
0	991	428.301562090218	2
0	995	430.935758653031	1
0	997	430.935758653031	2
0	999	431.10151292921	1
0	1001	431.10151292921	2
0	1009	432.350772233508	1
0	1011	432.350772233508	2
0	1017	434.769736926936	1
0	1019	434.769736926936	2
0	1023	435.298196659502	1
0	1025	435.298196659502	2
0	1027	436.687906343599	1
0	1029	436.687906343599	2
0	1033	440.290697400271	1
0	1035	440.290697400271	2
0	1041	444.434057661438	1
0	1043	444.434057661438	2
0	1047	446.439608071167	1
0	1049	446.439608071167	2
0	1053	453.256888624978	1
0	1055	453.256888624978	2
0	1057	454.417904119085	1
0	1059	454.417904119085	2
0	1065	455.337189743356	1
0	1067	455.337189743356	2
0	1073	463.959875007539	1
0	1075	463.959875007539	2
0	1079	469.535606379332	1
0	1081	469.535606379332	2
0	1083	474.434175034247	1
0	1085	474.434175034247	2
0	1087	474.904871503613	1
0	1089	474.904871503613	2
0	1097	483.679656134257	1
0	1099	483.679656134257	2
0	1101	489.193405676718	1
0	1103	489.193405676718	2
0	1107	491.18129676531	1
0	1109	491.18129676531	2
0	1113	494.805433566622	1
0	1115	494.805433566622	2
0	1117	495.143940764258	1
0	1119	495.143940764258	2
0	1123	496.520867605647	1
0	1125	496.520867605647	2
0	1133	506.314891333271	1
0	1135	506.314891333271	2
0	1139	510.358994131377	1
0	1141	510.358994131377	2
0	1143	511.005592887511	1
0	1145	511.005592887511	2
0	1149	511.810666185849	1
0	1151	511.810666185849	2
0	1157	514.606663560383	1
0	1159	514.606663560383	2
0	1161	514.970949878857	1
0	1163	514.970949878857	2
0	1165	515.100361272868	1
0	1167	515.100361272868	2
0	1171	515.739690495727	1
0	1173	515.739690495727	2
0	1175	516.067238111841	1
0	1177	516.067238111841	2
0	1181	516.968662560695	1
0	1183	516.968662560695	2
0	1191	522.612533987587	1
0	1193	522.612533987587	2
0	1199	527.148927311693	1
0	1201	527.148927311693	2
0	1205	531.491983499198	1
0	1207	531.491983499198	2
0	1209	532.233512650117	1
0	1211	532.233512650117	2
0	1213	532.631182773685	1
0	1215	532.631182773685	2
0	1223	544.237829064772	1
0	1225	544.237829064772	2
0	1227	544.903713894929	1
0	1229	544.903713894929	2
0	1233	547.97816701678	1
0	1235	547.97816701678	2
0	1241	550.175999682258	1
0	1243	550.175999682258	2
0	1247	555.862612938358	1
0	1249	555.862612938358	2
0	1253	563.22167779627	1
0	1255	563.22167779627	2
0	1259	566.074608396966	1
0	1261	566.074608396966	2
0	1265	579.710186211412	1
0	1267	579.710186211412	2
0	1271	580.097385075609	1
0	1273	580.097385075609	2
0	1277	586.832278178995	1
0	1279	586.832278178995	2
0	1283	592.789987857721	1
0	1285	592.789987857721	2
0	1287	593.583361127023	1
0	1289	593.583361127023	2
0	1291	594.637604738728	1
0	1293	594.637604738728	2
0	1295	595.915571019308	1
0	1297	595.915571019308	2
0	1299	595.92124339378	1
0	1301	595.92124339378	2
0	1309	599.840549460279	1
0	1311	599.840549460279	2
0	1315	600.680887833248	1
0	1317	600.680887833248	2
0	1325	608.905649607495	1
0	1327	608.905649607495	2
0	1331	610.617243678538	1
0	1333	610.617243678538	2
0	1337	612.787982103218	1
0	1339	612.787982103218	2
0	1341	613.069423756158	1
0	1343	613.069423756158	2
0	1349	614.295854390162	1
0	1351	614.295854390162	2
0	1353	614.93396417018	1
0	1355	614.93396417018	2
0	1361	618.890983316666	1
0	1363	618.890983316666	2
0	1367	621.018462562854	1
0	1369	621.018462562854	2
0	1373	622.417493789001	1
0	1375	622.417493789001	2
0	1379	628.225925724802	1
0	1381	628.225925724802	2
0	1383	630.255033887276	1
0	1385	630.255033887276	2
0	1387	631.693444265564	1
0	1389	631.693444265564	2
0	1393	632.55680418087	1
0	1395	632.55680418087	2
0	1403	636.624070412994	1
0	1405	636.624070412994	2
0	1407	637.846028480601	1
0	1409	637.846028480601	2
0	1415	648.449389167108	1
0	1417	648.449389167108	2
0	1419	648.669616602101	1
0	1421	648.669616602101	2
0	1425	650.159977756534	1
0	1427	650.159977756534	2
0	1431	653.110130704262	1
0	1433	653.110130704262	2
0	1437	655.695340715409	1
0	1439	655.695340715409	2
0	1443	662.304215652428	1
0	1445	662.304215652428	2
0	1451	670.57123156871	1
0	1453	670.57123156871	2
0	1457	674.752478580677	1
0	1459	674.752478580677	2
0	1463	677.269667366911	1
0	1465	677.269667366911	2
0	1469	678.608503520941	1
0	1471	678.608503520941	2
0	1473	681.841450468654	1
0	1475	681.841450468654	2
0	1477	685.348604583852	1
0	1479	685.348604583852	2
0	1483	686.971532847806	1
0	1485	686.971532847806	2
0	1489	694.055387507463	1
0	1491	694.055387507463	2
0	1499	695.523319976849	1
0	1501	695.523319976849	2
0	1503	697.143153925949	1
0	1505	697.143153925949	2
0	1511	704.544793966593	1
0	1513	704.544793966593	2
0	1515	704.623925236665	1
0	1517	704.623925236665	2
0	1519	707.319486990801	1
0	1521	707.319486990801	2
0	1525	711.520278075912	1
0	1527	711.520278075912	2
0	1529	713.277226463505	1
0	1531	713.277226463505	2
0	1535	715.583731057148	1
0	1537	715.583731057148	2
0	1543	717.224288003339	1
0	1545	717.224288003339	2
0	1547	717.940185682999	1
0	1549	717.940185682999	2
0	1557	722.476935952378	1
0	1559	722.476935952378	2
0	1561	722.551527000751	1
0	1563	722.551527000751	2
0	1567	724.723567696525	1
0	1569	724.723567696525	2
0	1573	727.08353076053	1
0	1575	727.08353076053	2
0	1583	734.185865736303	1
0	1585	734.185865736303	2
0	1589	746.345211061612	1
0	1591	746.345211061612	2
0	1593	746.468174042363	1
0	1595	746.468174042363	2
0	1599	747.267600651266	1
0	1601	747.267600651266	2
0	1603	747.520685200414	1
0	1605	747.520685200414	2
0	1611	750.936900392005	1
0	1613	750.936900392005	2
0	1615	752.90491691933	1
0	1617	752.90491691933	2
0	1621	755.05379412548	1
0	1623	755.05379412548	2
0	1627	757.412687217533	1
0	1629	757.412687217533	2
0	1633	760.0933550425	1
0	1635	760.0933550425	2
0	1643	767.032996527037	1
0	1645	767.032996527037	2
0	1649	770.681411067194	1
0	1651	770.681411067194	2
0	1655	772.288267360481	1
0	1657	772.288267360481	2
0	1659	772.982275128086	1
0	1661	772.982275128086	2
0	1665	774.762073852538	1
0	1667	774.762073852538	2
0	1669	775.022763786429	1
0	1671	775.022763786429	2
0	1677	777.622444344121	1
0	1679	777.622444344121	2
0	1683	780.409720119238	1
0	1685	780.409720119238	2
0	1691	806.72283231217	1
0	1693	806.72283231217	2
0	1695	808.996738595169	1
0	1697	808.996738595169	2
0	1701	809.458139902411	1
0	1703	809.458139902411	2
0	1707	812.086777190062	1
0	1709	812.086777190062	2
0	1713	813.293534351942	1
0	1715	813.293534351942	2
0	1717	814.88935970406	1
0	1719	814.88935970406	2
0	1727	818.905415560222	1
0	1729	818.905415560222	2
0	1733	819.062681071657	1
0	1735	819.062681071657	2
0	1739	821.602900248984	1
0	1741	821.602900248984	2
0	1745	829.155472106312	1
0	1747	829.155472106312	2
0	1751	831.860887340187	1
0	1753	831.860887340187	2
0	1755	833.140457278814	1
0	1757	833.140457278814	2
0	1761	836.522952387694	1
0	1763	836.522952387694	2
0	1769	838.61909088743	1
0	1771	838.61909088743	2
0	1773	839.117859963886	1
0	1775	839.117859963886	2
0	1777	840.234028888455	1
0	1779	840.234028888455	2
0	1785	842.879503951346	1
0	1787	842.879503951346	2
0	1793	854.140632851859	1
0	1795	854.140632851859	2
0	1799	858.445796793692	1
0	1801	858.445796793692	2
0	1805	862.311247613457	1
0	1807	862.311247613457	2
0	1809	863.687040374024	1
0	1811	863.687040374024	2
0	1817	873.525918552794	1
0	1819	873.525918552794	2
0	1821	874.043288347253	1
0	1823	874.043288347253	2
0	1829	875.579709480109	1
0	1831	875.579709480109	2
0	1833	876.219747610408	1
0	1835	876.219747610408	2
0	1841	887.242287106528	1
0	1843	887.242287106528	2
0	1845	892.209012923245	1
0	1847	892.209012923245	2
0	1851	892.613147495633	1
0	1853	892.613147495633	2
0	1859	898.758197495419	1
0	1861	898.758197495419	2
0	1863	900.454855708523	1
0	1865	900.454855708523	2
0	1867	900.630421988882	1
0	1869	900.630421988882	2
0	1873	903.64189950286	1
0	1875	903.64189950286	2
0	1881	908.529591142508	1
0	1883	908.529591142508	2
0	1889	911.247205236131	1
0	1891	911.247205236131	2
0	1893	911.984065938105	1
0	1895	911.984065938105	2
0	1899	913.197644705113	1
0	1901	913.197644705113	2
0	1903	913.334389091388	1
0	1905	913.334389091388	2
0	1907	915.872383525676	1
0	1909	915.872383525676	2
0	1919	919.334937388743	1
0	1921	919.334937388743	2
0	1923	920.49246323216	1
0	1925	920.49246323216	2
0	1931	926.146546557731	1
0	1933	926.146546557731	2
0	1935	926.583430754412	1
0	1937	926.583430754412	2
0	1939	927.622485130144	1
0	1941	927.622485130144	2
0	1945	927.862068060779	1
0	1947	927.862068060779	2
0	1949	928.105127770141	1
0	1951	928.105127770141	2
0	1957	929.890149340723	1
0	1959	929.890149340723	2
0	1967	931.571804433034	1
0	1969	931.571804433034	2
0	1973	935.836188244215	1
0	1975	935.836188244215	2
0	1977	938.152522117143	1
0	1979	938.152522117143	2
0	1985	939.679754341816	1
0	1987	939.679754341816	2
0	1991	943.406589338356	1
0	1993	943.406589338356	2
0	1997	944.027628135934	1
0	1999	944.027628135934	2
0	2003	945.75896408698	1
0	2005	945.75896408698	2
0	2007	950.760322395984	1
0	2009	950.760322395984	2
0	2013	956.130450405743	1
0	2015	956.130450405743	2
0	2017	957.689256630325	1
0	2019	957.689256630325	2
0	2027	961.118707306155	1
0	2029	961.118707306155	2
0	2031	961.129227542721	1
0	2033	961.129227542721	2
0	2035	962.415269768801	1
0	2037	962.415269768801	2
0	2039	962.608574821496	1
0	2041	962.608574821496	2
0	2047	964.797277037526	1
0	2049	964.797277037526	2
0	2057	972.448366538281	1
0	2059	972.448366538281	2
0	2061	977.644189191877	1
0	2063	977.644189191877	2
0	2069	979.389489517899	1
0	2071	979.389489517899	2
0	2073	979.529674695059	1
0	2075	979.529674695059	2
0	2081	987.322585505789	1
0	2083	987.322585505789	2
0	2085	987.773820128264	1
0	2087	987.773820128264	2
0	2093	990.024585925467	1
0	2095	990.024585925467	2
1	255	101.075938560219	10.794247338214
1	263	103.939079523722	5.086059560159
1	267	108.228178663326	7.152240103107
1	271	108.956642876203	5.017563352481
1	281	115.657608360211	7.429429696885
1	285	120.031275288167	11.074632411964
1	291	121.682691780139	6.025083419928
1	297	127.036587328521	7.005312040354
1	301	127.124248038527	5.441556258388
1	305	128.115976968157	1.079389639636
1	317	131.858037081653	4.733789043126
1	321	133.285888695073	5.169911726916
1	327	136.015248849716	4.157211768063
1	335	139.975812068796	6.689923373723
1	341	140.963131001365	4.947882151649
1	347	143.688934548244	3.713122479448
1	351	145.784924930159	4.821793928794
1	355	146.220098173832	2.531163625588
1	361	149.254173736112	3.469248805953
1	367	150.89326146266	4.673163288828
1	373	151.965606685943	2.711432949831
1	383	160.851611349544	9.958349886884
1	387	164.331843784216	12.366237098273
1	395	168.235357218355	7.383745868811
1	399	169.72830265513	5.396458870914
1	403	169.980981500979	1.745624282624
1	407	171.46128863192	1.73298597679
1	413	171.793619360007	1.812637859028
1	425	181.131809782681	9.670521150761
1	431	184.916664673743	13.123045313736
1	435	186.326066977461	5.19425719478
1	443	195.18226624099	10.265601567247
1	447	195.990246767917	9.664179790456
1	455	199.601076855022	4.418810614032
1	461	203.421083497088	7.430836729171
1	465	204.783408388299	5.182331533277
1	469	204.874140876733	1.453057379645
1	475	206.54198734989	1.758578961591
1	479	206.933603275017	2.059462398284
1	487	210.878970414496	4.336983064606
1	495	212.31381054994	5.380207274923
1	501	213.062709729026	2.18373931453
1	509	217.494420023894	5.180609473954
1	513	218.784155255095	5.721445526069
1	521	223.488144657224	5.99372463333
1	525	224.626714326143	5.842559071048
1	531	226.987245394017	3.499100736793
1	537	229.411724503312	4.785010177169
1	543	232.492468167458	5.505222773441
1	549	233.320091790051	3.908367286739
1	557	241.608886142325	9.116417974867
1	561	244.714809424228	11.394717634177
1	567	245.447962196043	3.839076053718
1	573	248.90638127466	4.191571850432
1	577	251.243219400938	5.795257204895
1	585	252.805512080985	3.899130806325
1	591	254.503512455662	3.260293054724
1	599	258.021661422784	5.216149341799
1	603	259.93973395505	5.436221499388
1	611	265.385547456363	7.363886033579
1	617	265.802326826386	5.862592871336
1	623	268.034206908125	2.648659451762
1	627	268.088844219871	2.286517393485
1	635	272.988576749906	4.954369841781
1	641	279.884179785531	11.79533556566
1	645	280.936353666187	7.947776916281
1	651	281.707440827085	1.823261041554
1	659	288.020302082741	7.083948416554
1	663	289.614059799199	7.906618972114
1	667	290.027399558753	2.007097476012
1	675	296.52378617681	6.909726377611
1	679	297.261811083102	7.234411524349
1	687	300.116533714853	3.592747538043
1	691	301.870512191651	4.608701108549
1	701	306.067868850584	5.951335135731
1	705	307.902564943887	6.032052752236
1	709	308.014474244865	1.946605394281
1	719	311.257472208352	3.354907264465
1	723	312.526864352827	4.512390107962
1	731	316.98508280787	5.727610599518
1	737	320.271948625144	7.745084272317
1	741	321.899356552677	4.914273744807
1	747	324.95799552719	4.686046902046
1	755	326.273633009623	4.374276456946
1	759	327.936191655703	2.978196128513
1	767	337.84441011736	11.570777107737
1	771	339.341973776015	11.405782120312
1	777	340.488141485685	2.643731368325
1	785	341.956104905191	2.614131129176
1	791	346.57956743864	6.091425952955
1	795	347.696173463073	5.740068557882
1	803	358.741626287733	12.162058849093
1	807	360.840408328826	13.144234865753
1	815	370.600773556028	11.859147268295
1	821	372.690043049469	11.849634720643
1	825	372.801137009572	2.200363453544
1	833	375.19882374021	2.508780690741
1	837	375.224388909998	2.423251900426
1	843	376.278480648227	1.079656908017
1	851	380.303288891308	5.07889998131
1	857	383.796694599148	7.518213950921
1	863	388.749533161288	8.44624426998
1	867	389.626589012906	5.829894413758
1	875	393.294829535555	4.545296374267
1	879	394.342253164577	4.715664151671
1	887	396.043548748508	2.748719212953
1	893	399.177650819257	4.83539765468
1	899	404.700447790098	8.65689904159
1	905	406.363980178594	7.186329359337
1	911	408.352003779264	3.651555989166
1	917	412.294602513156	5.930622334562
1	921	414.837743557318	6.485739778054
1	925	415.841942859374	3.547340346218
1	935	417.748922383552	2.911178826234
1	939	418.562492406559	2.720549547185
1	943	419.37809881895	1.629176435398
1	951	422.177760565602	3.615268159043
1	957	423.413541675095	4.035442856145
1	963	423.989006962639	1.811246397037
1	967	424.393901930133	0.980360255038
1	975	425.816090174673	1.827083212034
1	979	426.31683433913	1.922932408997
1	985	427.626859486253	1.81076931158
1	989	428.301562090218	1.984727751088
1	995	430.935758653031	3.308899166778
1	999	431.10151292921	2.799950838992
1	1009	432.350772233508	1.415013580477
1	1017	434.769736926936	3.668223997726
1	1023	435.298196659502	2.947424425994
1	1027	436.687906343599	1.918169416663
1	1033	440.290697400271	4.992500740769
1	1041	444.434057661438	7.746151317839
1	1047	446.439608071167	6.148910670896
1	1053	453.256888624978	8.82283096354
1	1057	454.417904119085	7.978296047918
1	1065	455.337189743356	2.080301118378
1	1073	463.959875007539	9.541970888454
1	1079	469.535606379332	14.198416635976
1	1083	474.434175034247	10.474300026708
1	1087	474.904871503613	5.369265124281
1	1097	483.679656134257	9.24548110001
1	1101	489.193405676718	14.288534173105
1	1107	491.18129676531	7.501640631053
1	1113	494.805433566622	5.612027889904
1	1117	495.143940764258	3.962643998948
1	1123	496.520867605647	1.715434039025
1	1133	506.314891333271	11.170950569013
1	1139	510.358994131377	13.83812652573
1	1143	511.005592887511	4.69070155424
1	1149	511.810666185849	1.451672054472
1	1157	514.606663560383	3.601070672872
1	1161	514.970949878857	3.160283693008
1	1165	515.100361272868	0.493697712485
1	1171	515.739690495727	0.76874061687
1	1175	516.067238111841	0.966876838973
1	1181	516.968662560695	1.228972064968
1	1191	522.612533987587	6.545295875746
1	1199	527.148927311693	10.180264750998
1	1205	531.491983499198	8.879449511611
1	1209	532.233512650117	5.084585338424
1	1213	532.631182773685	1.139199274487
1	1223	544.237829064772	12.004316414655
1	1227	544.903713894929	12.272531121244
1	1233	547.97816701678	3.740337952008
1	1241	550.175999682258	5.272285787329
1	1247	555.862612938358	7.884445921578
1	1253	563.22167779627	13.045678114012
1	1259	566.074608396966	10.211995458608
1	1265	579.710186211412	16.488508415142
1	1271	580.097385075609	14.022776678643
1	1277	586.832278178995	7.122091967583
1	1283	592.789987857721	12.692602782112
1	1287	593.583361127023	6.751082948028
1	1291	594.637604738728	1.847616881007
1	1295	595.915571019308	2.332209892285
1	1299	595.92124339378	1.283638655052
1	1309	599.840549460279	3.924978440971
1	1315	600.680887833248	4.759644439468
1	1325	608.905649607495	9.065100147216
1	1331	610.617243678538	9.93635584529
1	1337	612.787982103218	3.882332495723
1	1341	613.069423756158	2.45218007762
1	1349	614.295854390162	1.507872286944
1	1353	614.93396417018	1.864540414022
1	1361	618.890983316666	4.595128926504
1	1367	621.018462562854	6.084498392674
1	1373	622.417493789001	3.526510472335
1	1379	628.225925724802	7.207463161948
1	1383	630.255033887276	7.837540098275
1	1387	631.693444265564	3.467518540762
1	1393	632.55680418087	2.301770293594
1	1403	636.624070412994	4.93062614743
1	1407	637.846028480601	5.289224299731
1	1415	648.449389167108	11.825318754114
1	1419	648.669616602101	10.8235881215
1	1425	650.159977756534	1.710588589426
1	1431	653.110130704262	4.440514102161
1	1437	655.695340715409	5.535362958875
1	1443	662.304215652428	9.194084948166
1	1451	670.57123156871	14.875890853301
1	1457	674.752478580677	12.448262928249
1	1463	677.269667366911	6.698435798201
1	1469	678.608503520941	3.856024940264
1	1473	681.841450468654	4.571783101743
1	1477	685.348604583852	6.740101062911
1	1483	686.971532847806	5.130082379152
1	1489	694.055387507463	8.706782923611
1	1499	695.523319976849	8.551787129043
1	1503	697.143153925949	3.087766418486
1	1511	704.544793966593	9.021473989744
1	1515	704.623925236665	7.480771310716
1	1519	707.319486990801	2.774693024208
1	1525	711.520278075912	6.896352839247
1	1529	713.277226463505	5.957739472704
1	1535	715.583731057148	4.063452981236
1	1543	717.224288003339	3.947061539834
1	1547	717.940185682999	2.356454625851
1	1557	722.476935952378	5.252647949039
1	1561	722.551527000751	4.611341317752
1	1567	724.723567696525	2.246631744147
1	1573	727.08353076053	4.532003759779
1	1583	734.185865736303	9.462298039778
1	1589	746.345211061612	19.261680301082
1	1593	746.468174042363	12.28230830606
1	1599	747.267600651266	0.922389589654
1	1603	747.520685200414	1.052511158051
1	1611	750.936900392005	3.669299740739
1	1615	752.90491691933	5.384231718916
1	1621	755.05379412548	4.116893733475
1	1627	757.412687217533	4.507770298203
1	1633	760.0933550425	5.03956091702
1	1643	767.032996527037	9.620309309504
1	1649	770.681411067194	10.588056024694
1	1655	772.288267360481	5.255270833444
1	1659	772.982275128086	2.300864060892
1	1665	774.762073852538	2.473806492057
1	1669	775.022763786429	2.040488658343
1	1677	777.622444344121	2.860370491583
1	1683	780.409720119238	5.386956332809
1	1691	806.72283231217	29.100387968049
1	1695	808.996738595169	28.587018475931
1	1701	809.458139902411	2.735307590241
1	1707	812.086777190062	3.090038594893
1	1713	813.293534351942	3.835394449531
1	1717	814.88935970406	2.802582513998
1	1727	818.905415560222	5.61188120828
1	1733	819.062681071657	4.173321367597
1	1739	821.602900248984	2.697484688762
1	1745	829.155472106312	10.092791034655
1	1751	831.860887340187	10.257987091203
1	1755	833.140457278814	3.984985172502
1	1761	836.522952387694	4.662065047507
1	1769	838.61909088743	5.478633608616
1	1773	839.117859963886	2.594907576192
1	1777	840.234028888455	1.614938001025
1	1785	842.879503951346	3.76164398746
1	1793	854.140632851859	13.906603963404
1	1799	858.445796793692	15.566292842346
1	1805	862.311247613457	8.170614761598
1	1809	863.687040374024	5.241243580332
1	1817	873.525918552794	11.214670939337
1	1821	874.043288347253	10.356247973229
1	1829	875.579709480109	2.053790927315
1	1833	876.219747610408	2.176459263155
1	1841	887.242287106528	11.662577626419
1	1845	892.209012923245	15.989265312837
1	1851	892.613147495633	5.370860389105
1	1859	898.758197495419	6.549184572174
1	1863	900.454855708523	7.84170821289
1	1867	900.630421988882	1.872224493463
1	1873	903.64189950286	3.187043794337
1	1881	908.529591142508	7.899169153626
1	1889	911.247205236131	7.605305733271
1	1893	911.984065938105	3.454474795597
1	1899	913.197644705113	1.950439468982
1	1903	913.334389091388	1.350323153283
1	1907	915.872383525676	2.674738820563
1	1919	919.334937388743	6.000548297355
1	1923	920.49246323216	4.620079706484
1	1931	926.146546557731	6.811609168988
1	1935	926.583430754412	6.090967522252
1	1939	927.622485130144	1.475938572413
1	1945	927.862068060779	1.278637306367
1	1949	928.105127770141	0.482642639997
1	1957	929.890149340723	2.028081279944
1	1967	931.571804433034	3.466676662893
1	1973	935.836188244215	5.946038903492
1	1977	938.152522117143	6.580717684109
1	1985	939.679754341816	3.843566097601
1	1991	943.406589338356	5.254067221213
1	1997	944.027628135934	4.347873794118
1	2003	945.75896408698	2.352374748624
1	2007	950.760322395984	6.73269426005
1	2013	956.130450405743	10.371486318763
1	2017	957.689256630325	6.928934234341
1	2027	961.118707306155	4.988256900412
1	2031	961.129227542721	3.439970912396
1	2035	962.415269768801	1.296562462646
1	2039	962.608574821496	1.479347278775
1	2047	964.797277037526	2.382007268725
1	2057	972.448366538281	9.839791716785
1	2061	977.644189191877	12.846912154351
1	2069	979.389489517899	6.941122979618
1	2073	979.529674695059	1.885485503182
1	2081	987.322585505789	7.93309598789
1	2085	987.773820128264	8.244145433205
1	2093	990.024585925467	2.702000419678
2	256	101.075938560219	15
2	260	103.827581509016	16
2	262	103.837702281201	17
2	264	103.939079523722	16
2	268	108.228178663326	15
2	272	108.956642876203	14
2	276	110.248401883326	15
2	278	110.797453775033	16
2	280	114.242979142509	17
2	282	115.657608360211	16
2	286	120.031275288167	15
2	290	121.532243831646	16
2	292	121.682691780139	15
2	296	124.691088061355	16
2	298	127.036587328521	15
2	302	127.124248038527	14
2	306	128.115976968157	13
2	310	128.241245953966	14
2	312	128.941802233232	15
2	314	129.211460239163	16
2	316	130.637135255143	17
2	318	131.858037081653	16
2	322	133.285888695073	15
2	326	133.73718777065	16
2	328	136.015248849716	15
2	332	137.00383942864	16
2	334	137.554215237838	17
2	336	139.975812068796	16
2	340	140.764633390062	17
2	342	140.963131001365	16
2	346	143.641276692359	17
2	348	143.688934548244	16
2	352	145.784924930159	15
2	356	146.220098173832	14
2	360	146.976262331898	15
2	362	149.254173736112	14
2	366	150.210667488485	15
2	368	150.89326146266	14
2	372	151.118366032612	15
2	374	151.965606685943	14
2	378	152.805194823758	15
2	380	154.044521342226	16
2	382	154.180353853838	17
2	384	160.851611349544	16
2	388	164.331843784216	15
2	392	165.985296450677	16
2	394	166.222931053158	17
2	396	168.235357218355	16
2	400	169.72830265513	15
2	404	169.980981500979	14
2	408	171.46128863192	13
2	412	171.58045471241	14
2	414	171.793619360007	13
2	418	172.266311827596	14
2	420	172.345297977971	15
2	422	175.094928410439	16
2	424	175.968174923219	17
2	426	181.131809782681	16
2	430	181.724407061657	17
2	432	184.916664673743	16
2	436	186.326066977461	15
2	440	187.688988168435	16
2	442	190.606125738427	17
2	444	195.18226624099	16
2	448	195.990246767917	15
2	452	196.116488532163	16
2	454	196.621386558204	17
2	456	199.601076855022	16
2	460	202.617779672915	17
2	462	203.421083497088	16
2	466	204.783408388299	15
2	470	204.874140876733	14
2	474	205.523998601074	15
2	476	206.54198734989	14
2	480	206.933603275017	13
2	484	207.517014866022	14
2	486	208.312736405378	15
2	488	210.878970414496	14
2	492	211.611614677705	15
2	494	212.28189095999	16
2	496	212.31381054994	15
2	500	212.383910262292	16
2	502	213.062709729026	15
2	506	213.758964532552	16
2	508	215.599123455552	17
2	510	217.494420023894	16
2	514	218.784155255095	15
2	518	219.641437226713	16
2	520	221.043339271525	17
2	522	223.488144657224	16
2	526	224.626714326143	15
2	530	225.710136145945	16
2	532	226.987245394017	15
2	536	227.836626500914	16
2	538	229.411724503312	15
2	542	230.112454306091	16
2	544	232.492468167458	15
2	548	232.68606010866	16
2	550	233.320091790051	15
2	554	234.406735383426	16
2	556	237.571422255586	17
2	558	241.608886142325	16
2	562	244.714809424228	15
2	566	244.984300675645	16
2	568	245.447962196043	15
2	572	245.665575617775	16
2	574	248.90638127466	15
2	578	251.243219400938	14
2	582	251.350421129985	15
2	584	252.43240749449	16
2	586	252.805512080985	15
2	590	253.472990753244	16
2	592	254.503512455662	15
2	596	254.939932313852	16
2	598	256.236501744305	17
2	600	258.021661422784	16
2	604	259.93973395505	15
2	608	261.540264080037	16
2	610	264.471861474314	17
2	612	265.385547456363	16
2	616	265.530689965033	17
2	618	265.802326826386	16
2	622	266.034788658728	17
2	624	268.034206908125	16
2	628	268.088844219871	15
2	632	270.819634941154	16
2	634	271.826876695287	17
2	636	272.988576749906	16
2	640	273.478868485366	17
2	642	279.884179785531	16
2	646	280.936353666187	15
2	650	281.426915433047	16
2	652	281.707440827085	15
2	656	282.745873949673	16
2	658	283.565638140602	17
2	660	288.020302082741	16
2	664	289.614059799199	15
2	668	290.027399558753	14
2	672	293.55953614944	15
2	674	295.178524882907	16
2	676	296.52378617681	15
2	680	297.261811083102	14
2	684	298.387934630118	15
2	686	299.796125655381	16
2	688	300.116533714853	15
2	692	301.870512191651	14
2	696	301.876820329719	15
2	698	304.073197768011	16
2	700	304.720383844414	17
2	702	306.067868850584	16
2	706	307.902564943887	15
2	710	308.014474244865	14
2	714	309.42060517044	15
2	716	309.970521788668	16
2	718	310.496123105186	17
2	720	311.257472208352	16
2	724	312.526864352827	15
2	728	312.97620905457	16
2	730	313.881278976258	17
2	732	316.98508280787	16
2	736	317.987908496294	17
2	738	320.271948625144	16
2	742	321.899356552677	15
2	746	324.707513079931	16
2	748	324.95799552719	15
2	752	325.491183163849	16
2	754	325.673785540155	17
2	756	326.273633009623	16
2	760	327.936191655703	15
2	764	330.563842252193	16
2	766	332.559121607072	17
2	768	337.84441011736	16
2	772	339.341973776015	15
2	776	340.121402349673	16
2	778	340.488141485685	15
2	782	341.690521262032	16
2	784	341.869596245275	17
2	786	341.956104905191	16
2	790	342.925544494434	17
2	792	346.57956743864	16
2	796	347.696173463073	15
2	800	353.416126386312	16
2	802	355.471882740729	17
2	804	358.741626287733	16
2	808	360.840408328826	15
2	812	361.290448617718	16
2	814	361.633153824481	17
2	816	370.600773556028	16
2	820	371.044635101581	17
2	822	372.690043049469	16
2	826	372.801137009572	15
2	830	373.169231997273	16
2	832	374.056537443167	17
2	834	375.19882374021	16
2	838	375.224388909998	15
2	842	376.125095159874	16
2	844	376.278480648227	15
2	848	376.6296934062	16
2	850	377.350114935599	17
2	852	380.303288891308	16
2	856	380.928475099482	17
2	858	383.796694599148	16
2	862	384.971199991047	17
2	864	388.749533161288	16
2	868	389.626589012906	15
2	872	390.748310309801	16
2	874	392.035239412486	17
2	876	393.294829535555	16
2	880	394.342253164577	15
2	884	395.521518861098	16
2	886	395.560606984165	17
2	888	396.043548748508	16
2	892	396.320996326219	17
2	894	399.177650819257	16
2	898	399.454936822627	17
2	900	404.700447790098	16
2	904	405.57267956097	17
2	906	406.363980178594	16
2	910	407.102675341193	17
2	912	408.352003779264	16
2	916	408.546224807402	17
2	918	412.294602513156	16
2	922	414.837743557318	15
2	926	415.841942859374	14
2	930	416.803594457395	15
2	932	416.806825135208	16
2	934	416.894067185631	17
2	936	417.748922383552	16
2	940	418.562492406559	15
2	944	419.37809881895	14
2	948	419.798494179344	15
2	950	420.031113431128	16
2	952	422.177760565602	15
2	956	422.728485134608	16
2	958	423.413541675095	15
2	962	423.433274624235	16
2	964	423.989006962639	15
2	968	424.393901930133	14
2	972	424.987524170933	15
2	974	425.320233628297	16
2	976	425.816090174673	15
2	980	426.31683433913	14
2	984	426.764816277395	15
2	986	427.626859486253	14
2	990	428.301562090218	13
2	994	428.640751719473	14
2	996	430.935758653031	13
2	1000	431.10151292921	12
2	1004	431.711841933506	13
2	1006	431.896213677265	14
2	1008	432.205546585932	15
2	1010	432.350772233508	14
2	1014	432.779590560705	15
2	1016	433.388590082162	16
2	1018	434.769736926936	15
2	1022	435.144282698169	16
2	1024	435.298196659502	15
2	1028	436.687906343599	14
2	1032	439.849474198246	15
2	1034	440.290697400271	14
2	1038	440.319420804666	15
2	1040	440.96860544843	16
2	1042	444.434057661438	15
2	1046	444.568833689359	16
2	1048	446.439608071167	15
2	1052	446.548156509351	16
2	1054	453.256888624978	15
2	1058	454.417904119085	14
2	1062	454.907845717362	15
2	1064	455.037160674442	16
2	1066	455.337189743356	15
2	1070	456.490692767013	16
2	1072	463.087388862888	17
2	1074	463.959875007539	16
2	1078	468.460472770111	17
2	1080	469.535606379332	16
2	1084	474.434175034247	15
2	1088	474.904871503613	14
2	1092	475.985754823581	15
2	1094	478.065501979986	16
2	1096	480.613257584414	17
2	1098	483.679656134257	16
2	1102	489.193405676718	15
2	1106	490.704524711187	16
2	1108	491.18129676531	15
2	1112	494.068610337016	16
2	1114	494.805433566622	15
2	1118	495.143940764258	14
2	1122	495.221172312906	15
2	1124	496.520867605647	14
2	1128	500.24808400347	15
2	1130	500.766283137587	16
2	1132	503.440859611438	17
2	1134	506.314891333271	16
2	1138	506.456541278559	17
2	1140	510.358994131377	16
2	1144	511.005592887511	15
2	1148	511.776357970949	16
2	1150	511.810666185849	15
2	1154	513.620873230053	16
2	1156	514.009142173415	17
2	1158	514.606663560383	16
2	1162	514.970949878857	15
2	1166	515.100361272868	14
2	1170	515.312277123009	15
2	1172	515.739690495727	14
2	1176	516.067238111841	13
2	1180	516.75085057489	14
2	1182	516.968662560695	13
2	1186	518.522475357496	14
2	1188	518.733865986026	15
2	1190	520.163588360167	16
2	1192	522.612533987587	15
2	1196	525.586177619307	16
2	1198	525.812802288127	17
2	1200	527.148927311693	16
2	1204	528.660186976765	17
2	1206	531.491983499198	16
2	1210	532.233512650117	15
2	1214	532.631182773685	14
2	1218	533.128885083895	15
2	1220	533.933971731089	16
2	1222	534.205211327365	17
2	1224	544.237829064772	16
2	1228	544.903713894929	15
2	1232	546.239455287557	16
2	1234	547.97816701678	15
2	1238	548.301960223937	16
2	1240	550.020477205372	17
2	1242	550.175999682258	16
2	1246	550.289883612162	17
2	1248	555.862612938358	16
2	1252	557.688657969542	17
2	1254	563.22167779627	16
2	1258	563.633085915311	17
2	1260	566.074608396966	16
2	1264	569.724111629351	17
2	1266	579.710186211412	16
2	1270	579.906671342413	17
2	1272	580.097385075609	16
2	1276	580.106491657048	17
2	1278	586.832278178995	16
2	1282	587.112407473681	17
2	1284	592.789987857721	16
2	1288	593.583361127023	15
2	1292	594.637604738728	14
2	1296	595.915571019308	13
2	1300	595.92124339378	12
2	1304	596.700045708377	13
2	1306	597.207207696437	14
2	1308	597.707550261892	15
2	1310	599.840549460279	14
2	1314	600.537019365177	15
2	1316	600.680887833248	14
2	1320	600.768689647011	15
2	1322	601.97261596124	16
2	1324	603.014192635932	17
2	1326	608.905649607495	16
2	1330	609.948823318345	17
2	1332	610.617243678538	16
2	1336	611.999615000854	17
2	1338	612.787982103218	16
2	1342	613.069423756158	15
2	1346	613.363299010459	16
2	1348	613.733199429781	17
2	1350	614.295854390162	16
2	1354	614.93396417018	15
2	1358	618.492559420612	16
2	1360	618.867866544501	17
2	1362	618.890983316666	16
2	1366	618.901879363553	17
2	1368	621.018462562854	16
2	1372	621.840310637882	17
2	1374	622.417493789001	16
2	1378	623.360464643906	17
2	1380	628.225925724802	16
2	1384	630.255033887276	15
2	1388	631.693444265564	14
2	1392	632.379416104532	15
2	1394	632.55680418087	14
2	1398	632.931616225868	15
2	1400	633.471838861151	16
2	1402	633.573762185845	17
2	1404	636.624070412994	16
2	1408	637.846028480601	15
2	1412	639.396673530969	16
2	1414	644.110255099196	17
2	1416	648.449389167108	16
2	1420	648.669616602101	15
2	1424	648.751440343832	16
2	1426	650.159977756534	15
2	1430	652.391085977935	16
2	1432	653.110130704262	15
2	1436	653.243770760616	16
2	1438	655.695340715409	15
2	1442	661.262578253969	16
2	1444	662.304215652428	15
2	1448	663.463122423052	16
2	1450	665.355124044693	17
2	1452	670.57123156871	16
2	1456	672.083546567231	17
2	1458	674.752478580677	16
2	1462	675.852454262053	17
2	1464	677.269667366911	16
2	1468	677.459587046607	17
2	1470	678.608503520941	16
2	1474	681.841450468654	15
2	1478	685.348604583852	14
2	1482	685.41437512303	15
2	1484	686.971532847806	14
2	1488	689.088171936196	15
2	1490	694.055387507463	14
2	1494	694.152347840503	15
2	1496	694.39303220273	16
2	1498	694.537836268398	17
2	1500	695.523319976849	16
2	1504	697.143153925949	15
2	1508	697.272502954583	16
2	1510	701.78921482206	17
2	1512	704.544793966593	16
2	1516	704.623925236665	15
2	1520	707.319486990801	14
2	1524	708.890915674146	15
2	1526	711.520278075912	14
2	1530	713.277226463505	13
2	1534	714.070683041046	14
2	1536	715.583731057148	13
2	1540	715.698940183091	14
2	1542	716.376763455327	15
2	1544	717.224288003339	14
2	1548	717.940185682999	13
2	1552	718.024921143256	14
2	1554	719.634957577792	15
2	1556	720.375566346923	16
2	1558	722.476935952378	15
2	1562	722.551527000751	14
2	1566	724.288354138293	15
2	1568	724.723567696525	14
2	1572	725.89628736201	15
2	1574	727.08353076053	14
2	1578	727.211643871979	15
2	1580	728.170471933567	16
2	1582	731.277533191613	17
2	1584	734.185865736303	16
2	1588	736.137687823776	17
2	1590	746.345211061612	16
2	1594	746.468174042363	15
2	1598	747.222542243552	16
2	1600	747.267600651266	15
2	1604	747.520685200414	14
2	1608	748.96277174665	15
2	1610	748.967998785872	16
2	1612	750.936900392005	15
2	1616	752.90491691933	14
2	1620	752.963034196584	15
2	1622	755.05379412548	14
2	1626	756.219736506566	15
2	1628	757.412687217533	14
2	1632	757.884562790386	15
2	1634	760.0933550425	14
2	1638	761.89457982888	15
2	1640	762.50065867831	16
2	1642	762.564280190396	17
2	1644	767.032996527037	16
2	1648	767.308187759107	17
2	1650	770.681411067194	16
2	1654	771.28737114541	17
2	1656	772.288267360481	16
2	1660	772.982275128086	15
2	1664	774.605005384865	16
2	1666	774.762073852538	15
2	1670	775.022763786429	14
2	1674	775.71222242168	15
2	1676	776.385552244935	16
2	1678	777.622444344121	15
2	1682	778.091120195094	16
2	1684	780.409720119238	15
2	1688	783.978863051362	16
2	1690	784.611406756622	17
2	1692	806.72283231217	16
2	1696	808.996738595169	15
2	1700	809.25729203648	16
2	1702	809.458139902411	15
2	1706	810.663908828488	16
2	1708	812.086777190062	15
2	1712	812.671710534703	16
2	1714	813.293534351942	15
2	1718	814.88935970406	14
2	1722	814.960910305023	15
2	1724	815.0285319473	16
2	1726	816.829826082202	17
2	1728	818.905415560222	16
2	1732	819.01739661346	17
2	1734	819.062681071657	16
2	1738	820.329244048718	17
2	1740	821.602900248984	16
2	1744	826.590873514011	17
2	1746	829.155472106312	16
2	1750	830.817578890272	17
2	1752	831.860887340187	16
2	1756	833.140457278814	15
2	1760	834.181495294108	16
2	1762	836.522952387694	15
2	1766	837.61282003116	16
2	1768	837.804414643076	17
2	1770	838.61909088743	16
2	1774	839.117859963886	15
2	1778	840.234028888455	14
2	1782	840.547729278123	15
2	1784	842.356885157222	16
2	1786	842.879503951346	15
2	1790	845.044367839252	16
2	1792	847.642634053116	17
2	1794	854.140632851859	16
2	1798	855.369147461427	17
2	1800	858.445796793692	16
2	1804	858.460736983241	17
2	1806	862.311247613457	16
2	1810	863.687040374024	15
2	1814	864.951133184226	16
2	1816	864.977761582701	17
2	1818	873.525918552794	16
2	1822	874.043288347253	15
2	1826	875.081474865995	16
2	1828	875.340771611162	17
2	1830	875.579709480109	16
2	1834	876.219747610408	15
2	1838	878.249654254866	16
2	1840	878.777176802973	17
2	1842	887.242287106528	16
2	1846	892.209012923245	15
2	1850	892.333783255719	16
2	1852	892.613147495633	15
2	1856	893.448095618879	16
2	1858	893.564525485567	17
2	1860	898.758197495419	16
2	1864	900.454855708523	15
2	1868	900.630421988882	14
2	1872	901.032566454722	15
2	1874	903.64189950286	14
2	1878	904.555265900954	15
2	1880	904.835866969781	16
2	1882	908.529591142508	15
2	1886	908.742509777902	16
2	1888	908.85052658758	17
2	1890	911.247205236131	16
2	1894	911.984065938105	15
2	1898	912.698760483666	16
2	1900	913.197644705113	15
2	1904	913.334389091388	14
2	1908	915.872383525676	13
2	1912	915.971677264448	14
2	1914	916.070776799398	15
2	1916	917.691761504697	16
2	1918	918.039628416717	17
2	1920	919.334937388743	16
2	1924	920.49246323216	15
2	1928	920.551176162759	16
2	1930	923.408835396703	17
2	1932	926.146546557731	16
2	1936	926.583430754412	15
2	1940	927.622485130144	14
2	1944	927.687804253045	15
2	1946	927.862068060779	14
2	1950	928.105127770141	13
2	1954	929.059808568277	14
2	1956	929.577814182878	15
2	1958	929.890149340723	14
2	1962	929.926232616389	15
2	1964	930.308746609033	16
2	1966	931.135753910805	17
2	1968	931.571804433034	16
2	1972	932.072089301321	17
2	1974	935.836188244215	16
2	1978	938.152522117143	15
2	1982	938.200316980577	16
2	1984	939.213788256884	17
2	1986	939.679754341816	16
2	1990	941.656223399159	17
2	1992	943.406589338356	16
2	1996	943.500796805818	17
2	1998	944.027628135934	16
2	2002	945.123791182473	17
2	2004	945.75896408698	16
2	2008	950.760322395984	15
2	2012	955.553043168912	16
2	2014	956.130450405743	15
2	2018	957.689256630325	14
2	2022	957.768115711964	15
2	2024	958.078209652424	16
2	2026	958.925623971345	17
2	2028	961.118707306155	16
2	2032	961.129227542721	15
2	2036	962.415269768801	14
2	2040	962.608574821496	13
2	2044	962.772385494388	14
2	2046	963.790821388643	15
2	2048	964.797277037526	14
2	2052	965.194581555691	15
2	2054	969.906170589465	16
2	2056	970.047743998582	17
2	2058	972.448366538281	16
2	2062	977.644189191877	15
2	2066	977.902826263718	16
2	2068	979.278414834109	17
2	2070	979.389489517899	16
2	2074	979.529674695059	15
2	2078	980.513951030487	16
2	2080	981.050783499692	17
2	2082	987.322585505789	16
2	2086	987.773820128264	15
2	2090	988.060585296454	16
2	2092	988.088757131568	17
2	2094	990.024585925467	16
2	2098	990.027711346463	17
3	256	101.075938560219	44.884298303266
3	264	103.939079523722	47.138251488329
3	268	108.228178663326	51.222731425779
3	272	108.956642876203	51.694490945478
3	282	115.657608360211	54.296004543557
3	286	120.031275288167	56.548894756324
3	292	121.682691780139	55.981746142901
3	298	127.036587328521	60.246107440643
3	302	127.124248038527	55.792423778748
3	306	128.115976968157	52.824458529887
3	318	131.858037081653	52.937995764763
3	322	133.285888695073	53.872976461377
3	328	136.015248849716	53.642892297199
3	336	139.975812068796	52.44206161818
3	342	140.963131001365	49.47181771485
3	348	143.688934548244	51.822543671072
3	352	145.784924930159	41.957343421143
3	356	146.220098173832	42.382395892631
3	362	149.254173736112	39.005771852786
3	368	150.89326146266	40.095807687627
3	374	151.965606685943	37.722627543434
3	384	160.851611349544	39.319367517898
3	388	164.331843784216	39.640755722861
3	396	168.235357218355	39.994111264389
3	400	169.72830265513	40.786500421898
3	404	169.980981500979	40.769521261816
3	408	171.46128863192	40.824153376777
3	414	171.793619360007	38.056431589357
3	426	181.131809782681	44.127970354041
3	432	184.916664673743	47.362449435905
3	436	186.326066977461	45.561433587399
3	444	195.18226624099	51.540989548631
3	448	195.990246767917	49.013984436019
3	456	199.601076855022	49.390409366537
3	462	203.421083497088	52.302717464476
3	466	204.783408388299	51.978213564541
3	470	204.874140876733	50.829619534507
3	476	206.54198734989	52.361633496052
3	480	206.933603275017	40.94830682434
3	488	210.878970414496	44.656039361338
3	496	212.31381054994	40.73335583753
3	502	213.062709729026	40.79639790143
3	510	217.494420023894	45.149122045923
3	514	218.784155255095	43.689226844656
3	522	223.488144657224	47.519969734005
3	526	224.626714326143	42.902307264486
3	532	226.987245394017	39.298257225582
3	538	229.411724503312	38.805598764885
3	544	232.492468167458	36.375979635295
3	550	233.320091790051	36.698705231847
3	558	241.608886142325	38.99110646941
3	562	244.714809424228	39.190810823154
3	568	245.447962196043	37.930947330021
3	574	248.90638127466	40.593644869282
3	578	251.243219400938	39.631604723233
3	586	252.805512080985	40.523621120995
3	592	254.503512455662	42.11960219337
3	600	258.021661422784	44.262696890232
3	604	259.93973395505	44.340610499498
3	612	265.385547456363	45.74411022965
3	618	265.802326826386	44.758987554861
3	624	268.034206908125	42.32407076218
3	628	268.088844219871	40.252217718957
3	636	272.988576749906	42.876122443815
3	642	279.884179785531	47.198119676871
3	646	280.936353666187	46.529618282761
3	652	281.707440827085	44.136018571499
3	660	288.020302082741	43.036001407096
3	664	289.614059799199	43.948484181424
3	668	290.027399558753	38.676978428768
3	676	296.52378617681	44.09137868232
3	680	297.261811083102	43.788820329858
3	688	300.116533714853	45.176601401001
3	692	301.870512191651	45.634010447346
3	702	306.067868850584	44.527604770547
3	706	307.902564943887	43.430703469573
3	710	308.014474244865	42.483784279832
3	720	311.257472208352	45.222683549624
3	724	312.526864352827	41.707229411673
3	732	316.98508280787	45.158206112583
3	738	320.271948625144	46.793080139778
3	742	321.899356552677	40.47244111963
3	748	324.95799552719	42.212121577517
3	756	326.273633009623	42.707994869021
3	760	327.936191655703	34.376655506263
3	768	337.84441011736	42.665885234453
3	772	339.341973776015	40.954039145897
3	778	340.488141485685	40.692015830304
3	786	341.956104905191	40.079284575472
3	792	346.57956743864	42.506369670629
3	796	347.696173463073	42.975789618659
3	804	358.741626287733	49.321021117293
3	808	360.840408328826	50.869886540158
3	816	370.600773556028	60.104650450842
3	822	372.690043049469	59.713833994899
3	826	372.801137009572	58.919858033314
3	834	375.19882374021	57.210915243916
3	838	375.224388909998	50.516875830067
3	844	376.278480648227	50.787297484378
3	852	380.303288891308	54.629503351153
3	858	383.796694599148	53.232852346955
3	864	388.749533161288	56.190411554216
3	868	389.626589012906	49.505186663233
3	876	393.294829535555	51.604308273523
3	880	394.342253164577	52.472656919302
3	888	396.043548748508	53.118004254074
3	894	399.177650819257	45.761524432945
3	900	404.700447790098	49.228565049369
3	906	406.363980178594	45.073531560876
3	912	408.352003779264	46.718849954783
3	918	412.294602513156	41.249967411575
3	922	414.837743557318	41.668511560045
3	926	415.841942859374	41.785405416207
3	936	417.748922383552	41.623827223678
3	940	418.562492406559	41.932799000359
3	944	419.37809881895	42.027983883351
3	952	422.177760565602	41.24928546612
3	958	423.413541675095	38.442341684048
3	964	423.989006962639	33.240696652838
3	968	424.393901930133	32.358662517647
3	976	425.816090174673	30.294571313575
3	980	426.31683433913	30.756227354965
3	986	427.626859486253	31.305863160034
3	990	428.301562090218	28.846625267591
3	996	430.935758653031	25.363079092061
3	1000	431.10151292921	23.998837588017
3	1010	432.350772233508	23.804547426106
3	1018	434.769736926936	17.966142469541
3	1024	435.298196659502	18.491371524294
3	1028	436.687906343599	19.793839157968
3	1034	440.290697400271	20.492203220927
3	1042	444.434057661438	24.40294423031
3	1048	446.439608071167	23.711122936559
3	1054	453.256888624978	29.823614000743
3	1058	454.417904119085	29.430379948152
3	1066	455.337189743356	30.016956115059
3	1074	463.959875007539	37.195058730144
3	1080	469.535606379332	40.894854659859
3	1084	474.434175034247	42.722333100741
3	1088	474.904871503613	43.008657826348
3	1098	483.679656134257	51.474109548325
3	1102	489.193405676718	56.413815116013
3	1108	491.18129676531	57.792706683148
3	1114	494.805433566622	59.661150868453
3	1118	495.143940764258	55.294466566012
3	1124	496.520867605647	56.201446800981
3	1134	506.314891333271	65.346285884841
3	1140	510.358994131377	65.790160442018
3	1144	511.005592887511	64.45743637816
3	1150	511.810666185849	56.902820468487
3	1158	514.606663560383	59.569502885941
3	1162	514.970949878857	58.480257111844
3	1166	515.100361272868	52.01297240998
3	1172	515.739690495727	47.279217725616
3	1176	516.067238111841	40.08148328826
3	1182	516.968662560695	38.903160580709
3	1192	522.612533987587	41.999276403173
3	1200	527.148927311693	36.444402600506
3	1206	531.491983499198	37.423373162182
3	1210	532.233512650117	37.012340337211
3	1214	532.631182773685	32.383098770215
3	1224	544.237829064772	43.471545927185
3	1228	544.903713894929	41.462854283491
3	1234	547.97816701678	41.521625738221
3	1242	550.175999682258	38.399641711309
3	1248	555.862612938358	42.241739708305
3	1254	563.22167779627	49.212535622855
3	1260	566.074608396966	50.762331273957
3	1266	579.710186211412	62.959335636522
3	1272	580.097385075609	61.574909718113
3	1278	586.832278178995	68.098412192969
3	1284	592.789987857721	72.626399497554
3	1288	593.583361127023	67.997183507716
3	1292	594.637604738728	68.824802450601
3	1296	595.915571019308	67.255384042543
3	1300	595.92124339378	62.792358309885
3	1310	599.840549460279	65.90657772919
3	1316	600.680887833248	66.475676505883
3	1326	608.905649607495	62.666194319938
3	1332	610.617243678538	62.315283454601
3	1338	612.787982103218	62.767504897846
3	1342	613.069423756158	62.779540143996
3	1350	614.295854390162	56.60719642062
3	1354	614.93396417018	51.300878254869
3	1362	618.890983316666	49.166871687315
3	1368	621.018462562854	41.111791220441
3	1374	622.417493789001	42.311002131953
3	1380	628.225925724802	41.113518251121
3	1384	630.255033887276	33.554988178899
3	1388	631.693444265564	34.486236569127
3	1394	632.55680418087	34.849253918978
3	1404	636.624070412994	36.087051047817
3	1408	637.846028480601	37.07733883359
3	1416	648.449389167108	46.476773205868
3	1420	648.669616602101	45.655423966169
3	1426	650.159977756534	40.211154438189
3	1432	653.110130704262	41.110515703408
3	1438	655.695340715409	42.33204170495
3	1444	662.304215652428	48.571016222647
3	1452	670.57123156871	52.078672148098
3	1458	674.752478580677	55.884612036176
3	1464	677.269667366911	58.367788003358
3	1470	678.608503520941	56.768192883059
3	1474	681.841450468654	58.480985824748
3	1478	685.348604583852	52.96918847932
3	1484	686.971532847806	54.039916621938
3	1490	694.055387507463	60.583548646312
3	1500	695.523319976849	61.949557791004
3	1504	697.143153925949	57.74648039498
3	1512	704.544793966593	60.434538867397
3	1516	704.623925236665	55.872484892833
3	1520	707.319486990801	54.928401012866
3	1526	711.520278075912	58.276507315296
3	1530	713.277226463505	52.014648209536
3	1536	715.583731057148	52.120608634096
3	1544	717.224288003339	51.869163958646
3	1548	717.940185682999	45.856639115768
3	1558	722.476935952378	46.624481690325
3	1562	722.551527000751	45.091939954144
3	1568	724.723567696525	39.309192573495
3	1574	727.08353076053	37.995358824334
3	1584	734.185865736303	40.0335178958
3	1590	746.345211061612	51.952178858882
3	1594	746.468174042363	51.930337773965
3	1600	747.267600651266	49.995097696683
3	1604	747.520685200414	45.731470378354
3	1612	750.936900392005	42.045984717859
3	1616	752.90491691933	38.834233878284
3	1622	755.05379412548	39.354853942389
3	1628	757.412687217533	41.035923762206
3	1634	760.0933550425	42.068433899244
3	1644	767.032996527037	47.398038949245
3	1650	770.681411067194	50.305844720271
3	1656	772.288267360481	47.999913222188
3	1660	772.982275128086	47.085987766076
3	1666	774.762073852538	47.550429980559
3	1670	775.022763786429	46.852291852862
3	1678	777.622444344121	46.344911152508
3	1684	780.409720119238	44.272032295462
3	1692	806.72283231217	59.500290068618
3	1696	808.996738595169	60.033966848519
3	1702	809.458139902411	60.490141116539
3	1708	812.086777190062	59.123742993478
3	1714	813.293534351942	57.073797845376
3	1718	814.88935970406	57.004796913674
3	1728	818.905415560222	57.010835731342
3	1734	819.062681071657	56.562022393347
3	1740	821.602900248984	59.038620058588
3	1746	829.155472106312	61.847284347205
3	1752	831.860887340187	60.573516194777
3	1756	833.140457278814	58.535451893949
3	1762	836.522952387694	60.810729966014
3	1770	838.61909088743	62.233538642495
3	1774	839.117859963886	61.026739768792
3	1778	840.234028888455	56.255165837093
3	1786	842.879503951346	58.268097194724
3	1794	854.140632851859	44.883340815379
3	1800	858.445796793692	47.781887965204
3	1806	862.311247613457	49.639537078754
3	1810	863.687040374024	48.726130069001
3	1818	873.525918552794	58.497386605494
3	1822	874.043288347253	57.213462265051
3	1830	875.579709480109	56.562312866649
3	1834	876.219747610408	55.89050356169
3	1842	887.242287106528	60.651413592517
3	1846	892.209012923245	61.391434032973
3	1852	892.613147495633	58.431652201525
3	1860	898.758197495419	61.145377464259
3	1864	900.454855708523	62.650441065447
3	1868	900.630421988882	60.082692710759
3	1874	903.64189950286	61.285014345638
3	1882	908.529591142508	63.485223303256
3	1890	911.247205236131	63.604571183015
3	1894	911.984065938105	56.614918476678
3	1900	913.197644705113	54.736907721872
3	1904	913.334389091388	48.383255907162
3	1908	915.872383525676	50.894621942975
3	1920	919.334937388743	44.253462522748
3	1924	920.49246323216	45.151691620998
3	1932	926.146546557731	47.896892302865
3	1936	926.583430754412	47.806253951439
3	1940	927.622485130144	35.288701874425
3	1946	927.862068060779	34.4139724419
3	1950	928.105127770141	34.540602284574
3	1958	929.890149340723	28.857582886001
3	1968	931.571804433034	27.01653853208
3	1974	935.836188244215	31.000321274434
3	1978	938.152522117143	29.410012339241
3	1986	939.679754341816	30.829227754236
3	1992	943.406589338356	30.70782885469
3	1998	944.027628135934	28.055950871486
3	2004	945.75896408698	29.688187287582
3	2008	950.760322395984	33.068560891287
3	2014	956.130450405743	38.090821989026
3	2018	957.689256630325	37.138080467566
3	2028	961.118707306155	37.709871909452
3	2032	961.129227542721	33.441423289676
3	2036	962.415269768801	33.355461200524
3	2040	962.608574821496	33.030760638618
3	2048	964.797277037526	34.871044421137
3	2058	972.448366538281	42.139619929248
3	2062	977.644189191877	46.508435281072
3	2070	979.389489517899	47.317400216578
3	2074	979.529674695059	41.329357714482
3	2082	987.322585505789	48.108797248905
3	2086	987.773820128264	46.117596729105
3	2094	990.024585925467	46.523789119649
4	256	101.075938560219	0
4	264	103.939079523722	0
4	268	108.228178663326	0
4	272	108.956642876203	0
4	282	115.657608360211	0
4	286	120.031275288167	0
4	292	121.682691780139	0
4	298	127.036587328521	0
4	302	127.124248038527	0
4	306	128.115976968157	0
4	318	131.858037081653	0
4	322	133.285888695073	0
4	328	136.015248849716	0
4	336	139.975812068796	0
4	342	140.963131001365	0
4	348	143.688934548244	0
4	352	145.784924930159	0
4	356	146.220098173832	0
4	362	149.254173736112	0
4	368	150.89326146266	0
4	374	151.965606685943	0
4	384	160.851611349544	0
4	388	164.331843784216	0
4	396	168.235357218355	0
4	400	169.72830265513	0
4	404	169.980981500979	0
4	408	171.46128863192	0
4	414	171.793619360007	0
4	426	181.131809782681	0
4	432	184.916664673743	0
4	436	186.326066977461	0
4	444	195.18226624099	0
4	448	195.990246767917	0
4	456	199.601076855022	0
4	462	203.421083497088	0
4	466	204.783408388299	0
4	470	204.874140876733	0
4	476	206.54198734989	0
4	480	206.933603275017	0
4	488	210.878970414496	0
4	496	212.31381054994	0
4	502	213.062709729026	0
4	510	217.494420023894	0
4	514	218.784155255095	0
4	522	223.488144657224	0
4	526	224.626714326143	0
4	532	226.987245394017	0
4	538	229.411724503312	0
4	544	232.492468167458	0
4	550	233.320091790051	0
4	558	241.608886142325	0
4	562	244.714809424228	0
4	568	245.447962196043	0
4	574	248.90638127466	0
4	578	251.243219400938	0
4	586	252.805512080985	0
4	592	254.503512455662	0
4	600	258.021661422784	0
4	604	259.93973395505	0
4	612	265.385547456363	0
4	618	265.802326826386	0
4	624	268.034206908125	0
4	628	268.088844219871	0
4	636	272.988576749906	0
4	642	279.884179785531	0
4	646	280.936353666187	0
4	652	281.707440827085	0
4	660	288.020302082741	0
4	664	289.614059799199	0
4	668	290.027399558753	0
4	676	296.52378617681	0
4	680	297.261811083102	0
4	688	300.116533714853	0
4	692	301.870512191651	0
4	702	306.067868850584	0
4	706	307.902564943887	0
4	710	308.014474244865	0
4	720	311.257472208352	0
4	724	312.526864352827	0
4	732	316.98508280787	0
4	738	320.271948625144	0
4	742	321.899356552677	0
4	748	324.95799552719	0
4	756	326.273633009623	0
4	760	327.936191655703	0
4	768	337.84441011736	0
4	772	339.341973776015	0
4	778	340.488141485685	0
4	786	341.956104905191	0
4	792	346.57956743864	0
4	796	347.696173463073	0
4	804	358.741626287733	0
4	808	360.840408328826	0
4	816	370.600773556028	0
4	822	372.690043049469	0
4	826	372.801137009572	0
4	834	375.19882374021	0
4	838	375.224388909998	0
4	844	376.278480648227	0
4	852	380.303288891308	0
4	858	383.796694599148	0
4	864	388.749533161288	0
4	868	389.626589012906	0
4	876	393.294829535555	0
4	880	394.342253164577	0
4	888	396.043548748508	0
4	894	399.177650819257	0
4	900	404.700447790098	0
4	906	406.363980178594	0
4	912	408.352003779264	0
4	918	412.294602513156	0
4	922	414.837743557318	0
4	926	415.841942859374	0
4	936	417.748922383552	0
4	940	418.562492406559	0
4	944	419.37809881895	0
4	952	422.177760565602	0
4	958	423.413541675095	0
4	964	423.989006962639	0
4	968	424.393901930133	0
4	976	425.816090174673	0
4	980	426.31683433913	0
4	986	427.626859486253	0
4	990	428.301562090218	0
4	996	430.935758653031	0
4	1000	431.10151292921	0
4	1010	432.350772233508	0
4	1018	434.769736926936	0
4	1024	435.298196659502	0
4	1028	436.687906343599	0
4	1034	440.290697400271	0
4	1042	444.434057661438	0
4	1048	446.439608071167	0
4	1054	453.256888624978	0
4	1058	454.417904119085	0
4	1066	455.337189743356	0
4	1074	463.959875007539	0
4	1080	469.535606379332	0
4	1084	474.434175034247	0
4	1088	474.904871503613	0
4	1098	483.679656134257	0
4	1102	489.193405676718	0
4	1108	491.18129676531	0
4	1114	494.805433566622	0
4	1118	495.143940764258	0
4	1124	496.520867605647	0
4	1134	506.314891333271	0
4	1140	510.358994131377	0
4	1144	511.005592887511	0
4	1150	511.810666185849	0
4	1158	514.606663560383	0
4	1162	514.970949878857	0
4	1166	515.100361272868	0
4	1172	515.739690495727	0
4	1176	516.067238111841	0
4	1182	516.968662560695	0
4	1192	522.612533987587	0
4	1200	527.148927311693	0
4	1206	531.491983499198	0
4	1210	532.233512650117	0
4	1214	532.631182773685	0
4	1224	544.237829064772	0
4	1228	544.903713894929	0
4	1234	547.97816701678	0
4	1242	550.175999682258	0
4	1248	555.862612938358	0
4	1254	563.22167779627	0
4	1260	566.074608396966	0
4	1266	579.710186211412	0
4	1272	580.097385075609	0
4	1278	586.832278178995	0
4	1284	592.789987857721	0
4	1288	593.583361127023	0
4	1292	594.637604738728	0
4	1296	595.915571019308	0
4	1300	595.92124339378	0
4	1310	599.840549460279	0
4	1316	600.680887833248	0
4	1326	608.905649607495	0
4	1332	610.617243678538	0
4	1338	612.787982103218	0
4	1342	613.069423756158	0
4	1350	614.295854390162	0
4	1354	614.93396417018	0
4	1362	618.890983316666	0
4	1368	621.018462562854	0
4	1374	622.417493789001	0
4	1380	628.225925724802	0
4	1384	630.255033887276	0
4	1388	631.693444265564	0
4	1394	632.55680418087	0
4	1404	636.624070412994	0
4	1408	637.846028480601	0
4	1416	648.449389167108	0
4	1420	648.669616602101	0
4	1426	650.159977756534	0
4	1432	653.110130704262	0
4	1438	655.695340715409	0
4	1444	662.304215652428	0
4	1452	670.57123156871	0
4	1458	674.752478580677	0
4	1464	677.269667366911	0
4	1470	678.608503520941	0
4	1474	681.841450468654	0
4	1478	685.348604583852	0
4	1484	686.971532847806	0
4	1490	694.055387507463	0
4	1500	695.523319976849	0
4	1504	697.143153925949	0
4	1512	704.544793966593	0
4	1516	704.623925236665	0
4	1520	707.319486990801	0
4	1526	711.520278075912	0
4	1530	713.277226463505	0
4	1536	715.583731057148	0
4	1544	717.224288003339	0
4	1548	717.940185682999	0
4	1558	722.476935952378	0
4	1562	722.551527000751	0
4	1568	724.723567696525	0
4	1574	727.08353076053	0
4	1584	734.185865736303	0
4	1590	746.345211061612	0
4	1594	746.468174042363	0
4	1600	747.267600651266	0
4	1604	747.520685200414	0
4	1612	750.936900392005	0
4	1616	752.90491691933	0
4	1622	755.05379412548	0
4	1628	757.412687217533	0
4	1634	760.0933550425	0
4	1644	767.032996527037	0
4	1650	770.681411067194	0
4	1656	772.288267360481	0
4	1660	772.982275128086	0
4	1666	774.762073852538	0
4	1670	775.022763786429	0
4	1678	777.622444344121	0
4	1684	780.409720119238	0
4	1692	806.72283231217	0
4	1696	808.996738595169	0
4	1702	809.458139902411	0
4	1708	812.086777190062	0
4	1714	813.293534351942	0
4	1718	814.88935970406	0
4	1728	818.905415560222	0
4	1734	819.062681071657	0
4	1740	821.602900248984	0
4	1746	829.155472106312	0
4	1752	831.860887340187	0
4	1756	833.140457278814	0
4	1762	836.522952387694	0
4	1770	838.61909088743	0
4	1774	839.117859963886	0
4	1778	840.234028888455	0
4	1786	842.879503951346	0
4	1794	854.140632851859	0
4	1800	858.445796793692	0
4	1806	862.311247613457	0
4	1810	863.687040374024	0
4	1818	873.525918552794	0
4	1822	874.043288347253	0
4	1830	875.579709480109	0
4	1834	876.219747610408	0
4	1842	887.242287106528	0
4	1846	892.209012923245	0
4	1852	892.613147495633	0
4	1860	898.758197495419	0
4	1864	900.454855708523	0
4	1868	900.630421988882	0
4	1874	903.64189950286	0
4	1882	908.529591142508	0
4	1890	911.247205236131	0
4	1894	911.984065938105	0
4	1900	913.197644705113	0
4	1904	913.334389091388	0
4	1908	915.872383525676	0
4	1920	919.334937388743	0
4	1924	920.49246323216	0
4	1932	926.146546557731	0
4	1936	926.583430754412	0
4	1940	927.622485130144	0
4	1946	927.862068060779	0
4	1950	928.105127770141	0
4	1958	929.890149340723	0
4	1968	931.571804433034	0
4	1974	935.836188244215	0
4	1978	938.152522117143	0
4	1986	939.679754341816	0
4	1992	943.406589338356	0
4	1998	944.027628135934	0
4	2004	945.75896408698	0
4	2008	950.760322395984	0
4	2014	956.130450405743	0
4	2018	957.689256630325	0
4	2028	961.118707306155	0
4	2032	961.129227542721	0
4	2036	962.415269768801	0
4	2040	962.608574821496	0
4	2048	964.797277037526	0
4	2058	972.448366538281	0
4	2062	977.644189191877	0
4	2070	979.389489517899	0
4	2074	979.529674695059	0
4	2082	987.322585505789	0
4	2086	987.773820128264	0
4	2094	990.024585925467	0
5	258	101.075938560219	2
5	259	103.827581509016	1
5	261	103.837702281201	0
5	266	103.939079523722	1
5	270	108.228178663326	2
5	274	108.956642876203	3
5	275	110.248401883326	2
5	277	110.797453775033	1
5	279	114.242979142509	0
5	284	115.657608360211	1
5	288	120.031275288167	2
5	289	121.532243831646	1
5	294	121.682691780139	2
5	295	124.691088061355	1
5	300	127.036587328521	2
5	304	127.124248038527	3
5	308	128.115976968157	4
5	309	128.241245953966	3
5	311	128.941802233232	2
5	313	129.211460239163	1
5	315	130.637135255143	0
5	320	131.858037081653	1
5	324	133.285888695073	2
5	325	133.73718777065	1
5	330	136.015248849716	2
5	331	137.00383942864	1
5	333	137.554215237838	0
5	338	139.975812068796	1
5	339	140.764633390062	0
5	344	140.963131001365	1
5	345	143.641276692359	0
5	350	143.688934548244	1
5	354	145.784924930159	2
5	358	146.220098173832	3
5	359	146.976262331898	2
5	364	149.254173736112	3
5	365	150.210667488485	2
5	370	150.89326146266	3
5	371	151.118366032612	2
5	376	151.965606685943	3
5	377	152.805194823758	2
5	379	154.044521342226	1
5	381	154.180353853838	0
5	386	160.851611349544	1
5	390	164.331843784216	2
5	391	165.985296450677	1
5	393	166.222931053158	0
5	398	168.235357218355	1
5	402	169.72830265513	2
5	406	169.980981500979	3
5	410	171.46128863192	4
5	411	171.58045471241	3
5	416	171.793619360007	4
5	417	172.266311827596	3
5	419	172.345297977971	2
5	421	175.094928410439	1
5	423	175.968174923219	0
5	428	181.131809782681	1
5	429	181.724407061657	0
5	434	184.916664673743	1
5	438	186.326066977461	2
5	439	187.688988168435	1
5	441	190.606125738427	0
5	446	195.18226624099	1
5	450	195.990246767917	2
5	451	196.116488532163	1
5	453	196.621386558204	0
5	458	199.601076855022	1
5	459	202.617779672915	0
5	464	203.421083497088	1
5	468	204.783408388299	2
5	472	204.874140876733	3
5	473	205.523998601074	2
5	478	206.54198734989	3
5	482	206.933603275017	4
5	483	207.517014866022	3
5	485	208.312736405378	2
5	490	210.878970414496	3
5	491	211.611614677705	2
5	493	212.28189095999	1
5	498	212.31381054994	2
5	499	212.383910262292	1
5	504	213.062709729026	2
5	505	213.758964532552	1
5	507	215.599123455552	0
5	512	217.494420023894	1
5	516	218.784155255095	2
5	517	219.641437226713	1
5	519	221.043339271525	0
5	524	223.488144657224	1
5	528	224.626714326143	2
5	529	225.710136145945	1
5	534	226.987245394017	2
5	535	227.836626500914	1
5	540	229.411724503312	2
5	541	230.112454306091	1
5	546	232.492468167458	2
5	547	232.68606010866	1
5	552	233.320091790051	2
5	553	234.406735383426	1
5	555	237.571422255586	0
5	560	241.608886142325	1
5	564	244.714809424228	2
5	565	244.984300675645	1
5	570	245.447962196043	2
5	571	245.665575617775	1
5	576	248.90638127466	2
5	580	251.243219400938	3
5	581	251.350421129985	2
5	583	252.43240749449	1
5	588	252.805512080985	2
5	589	253.472990753244	1
5	594	254.503512455662	2
5	595	254.939932313852	1
5	597	256.236501744305	0
5	602	258.021661422784	1
5	606	259.93973395505	2
5	607	261.540264080037	1
5	609	264.471861474314	0
5	614	265.385547456363	1
5	615	265.530689965033	0
5	620	265.802326826386	1
5	621	266.034788658728	0
5	626	268.034206908125	1
5	630	268.088844219871	2
5	631	270.819634941154	1
5	633	271.826876695287	0
5	638	272.988576749906	1
5	639	273.478868485366	0
5	644	279.884179785531	1
5	648	280.936353666187	2
5	649	281.426915433047	1
5	654	281.707440827085	2
5	655	282.745873949673	1
5	657	283.565638140602	0
5	662	288.020302082741	1
5	666	289.614059799199	2
5	670	290.027399558753	3
5	671	293.55953614944	2
5	673	295.178524882907	1
5	678	296.52378617681	2
5	682	297.261811083102	3
5	683	298.387934630118	2
5	685	299.796125655381	1
5	690	300.116533714853	2
5	694	301.870512191651	3
5	695	301.876820329719	2
5	697	304.073197768011	1
5	699	304.720383844414	0
5	704	306.067868850584	1
5	708	307.902564943887	2
5	712	308.014474244865	3
5	713	309.42060517044	2
5	715	309.970521788668	1
5	717	310.496123105186	0
5	722	311.257472208352	1
5	726	312.526864352827	2
5	727	312.97620905457	1
5	729	313.881278976258	0
5	734	316.98508280787	1
5	735	317.987908496294	0
5	740	320.271948625144	1
5	744	321.899356552677	2
5	745	324.707513079931	1
5	750	324.95799552719	2
5	751	325.491183163849	1
5	753	325.673785540155	0
5	758	326.273633009623	1
5	762	327.936191655703	2
5	763	330.563842252193	1
5	765	332.559121607072	0
5	770	337.84441011736	1
5	774	339.341973776015	2
5	775	340.121402349673	1
5	780	340.488141485685	2
5	781	341.690521262032	1
5	783	341.869596245275	0
5	788	341.956104905191	1
5	789	342.925544494434	0
5	794	346.57956743864	1
5	798	347.696173463073	2
5	799	353.416126386312	1
5	801	355.471882740729	0
5	806	358.741626287733	1
5	810	360.840408328826	2
5	811	361.290448617718	1
5	813	361.633153824481	0
5	818	370.600773556028	1
5	819	371.044635101581	0
5	824	372.690043049469	1
5	828	372.801137009572	2
5	829	373.169231997273	1
5	831	374.056537443167	0
5	836	375.19882374021	1
5	840	375.224388909998	2
5	841	376.125095159874	1
5	846	376.278480648227	2
5	847	376.6296934062	1
5	849	377.350114935599	0
5	854	380.303288891308	1
5	855	380.928475099482	0
5	860	383.796694599148	1
5	861	384.971199991047	0
5	866	388.749533161288	1
5	870	389.626589012906	2
5	871	390.748310309801	1
5	873	392.035239412486	0
5	878	393.294829535555	1
5	882	394.342253164577	2
5	883	395.521518861098	1
5	885	395.560606984165	0
5	890	396.043548748508	1
5	891	396.320996326219	0
5	896	399.177650819257	1
5	897	399.454936822627	0
5	902	404.700447790098	1
5	903	405.57267956097	0
5	908	406.363980178594	1
5	909	407.102675341193	0
5	914	408.352003779264	1
5	915	408.546224807402	0
5	920	412.294602513156	1
5	924	414.837743557318	2
5	928	415.841942859374	3
5	929	416.803594457395	2
5	931	416.806825135208	1
5	933	416.894067185631	0
5	938	417.748922383552	1
5	942	418.562492406559	2
5	946	419.37809881895	3
5	947	419.798494179344	2
5	949	420.031113431128	1
5	954	422.177760565602	2
5	955	422.728485134608	1
5	960	423.413541675095	2
5	961	423.433274624235	1
5	966	423.989006962639	2
5	970	424.393901930133	3
5	971	424.987524170933	2
5	973	425.320233628297	1
5	978	425.816090174673	2
5	982	426.31683433913	3
5	983	426.764816277395	2
5	988	427.626859486253	3
5	992	428.301562090218	4
5	993	428.640751719473	3
5	998	430.935758653031	4
5	1002	431.10151292921	5
5	1003	431.711841933506	4
5	1005	431.896213677265	3
5	1007	432.205546585932	2
5	1012	432.350772233508	3
5	1013	432.779590560705	2
5	1015	433.388590082162	1
5	1020	434.769736926936	2
5	1021	435.144282698169	1
5	1026	435.298196659502	2
5	1030	436.687906343599	3
5	1031	439.849474198246	2
5	1036	440.290697400271	3
5	1037	440.319420804666	2
5	1039	440.96860544843	1
5	1044	444.434057661438	2
5	1045	444.568833689359	1
5	1050	446.439608071167	2
5	1051	446.548156509351	1
5	1056	453.256888624978	2
5	1060	454.417904119085	3
5	1061	454.907845717362	2
5	1063	455.037160674442	1
5	1068	455.337189743356	2
5	1069	456.490692767013	1
5	1071	463.087388862888	0
5	1076	463.959875007539	1
5	1077	468.460472770111	0
5	1082	469.535606379332	1
5	1086	474.434175034247	2
5	1090	474.904871503613	3
5	1091	475.985754823581	2
5	1093	478.065501979986	1
5	1095	480.613257584414	0
5	1100	483.679656134257	1
5	1104	489.193405676718	2
5	1105	490.704524711187	1
5	1110	491.18129676531	2
5	1111	494.068610337016	1
5	1116	494.805433566622	2
5	1120	495.143940764258	3
5	1121	495.221172312906	2
5	1126	496.520867605647	3
5	1127	500.24808400347	2
5	1129	500.766283137587	1
5	1131	503.440859611438	0
5	1136	506.314891333271	1
5	1137	506.456541278559	0
5	1142	510.358994131377	1
5	1146	511.005592887511	2
5	1147	511.776357970949	1
5	1152	511.810666185849	2
5	1153	513.620873230053	1
5	1155	514.009142173415	0
5	1160	514.606663560383	1
5	1164	514.970949878857	2
5	1168	515.100361272868	3
5	1169	515.312277123009	2
5	1174	515.739690495727	3
5	1178	516.067238111841	4
5	1179	516.75085057489	3
5	1184	516.968662560695	4
5	1185	518.522475357496	3
5	1187	518.733865986026	2
5	1189	520.163588360167	1
5	1194	522.612533987587	2
5	1195	525.586177619307	1
5	1197	525.812802288127	0
5	1202	527.148927311693	1
5	1203	528.660186976765	0
5	1208	531.491983499198	1
5	1212	532.233512650117	2
5	1216	532.631182773685	3
5	1217	533.128885083895	2
5	1219	533.933971731089	1
5	1221	534.205211327365	0
5	1226	544.237829064772	1
5	1230	544.903713894929	2
5	1231	546.239455287557	1
5	1236	547.97816701678	2
5	1237	548.301960223937	1
5	1239	550.020477205372	0
5	1244	550.175999682258	1
5	1245	550.289883612162	0
5	1250	555.862612938358	1
5	1251	557.688657969542	0
5	1256	563.22167779627	1
5	1257	563.633085915311	0
5	1262	566.074608396966	1
5	1263	569.724111629351	0
5	1268	579.710186211412	1
5	1269	579.906671342413	0
5	1274	580.097385075609	1
5	1275	580.106491657048	0
5	1280	586.832278178995	1
5	1281	587.112407473681	0
5	1286	592.789987857721	1
5	1290	593.583361127023	2
5	1294	594.637604738728	3
5	1298	595.915571019308	4
5	1302	595.92124339378	5
5	1303	596.700045708377	4
5	1305	597.207207696437	3
5	1307	597.707550261892	2
5	1312	599.840549460279	3
5	1313	600.537019365177	2
5	1318	600.680887833248	3
5	1319	600.768689647011	2
5	1321	601.97261596124	1
5	1323	603.014192635932	0
5	1328	608.905649607495	1
5	1329	609.948823318345	0
5	1334	610.617243678538	1
5	1335	611.999615000854	0
5	1340	612.787982103218	1
5	1344	613.069423756158	2
5	1345	613.363299010459	1
5	1347	613.733199429781	0
5	1352	614.295854390162	1
5	1356	614.93396417018	2
5	1357	618.492559420612	1
5	1359	618.867866544501	0
5	1364	618.890983316666	1
5	1365	618.901879363553	0
5	1370	621.018462562854	1
5	1371	621.840310637882	0
5	1376	622.417493789001	1
5	1377	623.360464643906	0
5	1382	628.225925724802	1
5	1386	630.255033887276	2
5	1390	631.693444265564	3
5	1391	632.379416104532	2
5	1396	632.55680418087	3
5	1397	632.931616225868	2
5	1399	633.471838861151	1
5	1401	633.573762185845	0
5	1406	636.624070412994	1
5	1410	637.846028480601	2
5	1411	639.396673530969	1
5	1413	644.110255099196	0
5	1418	648.449389167108	1
5	1422	648.669616602101	2
5	1423	648.751440343832	1
5	1428	650.159977756534	2
5	1429	652.391085977935	1
5	1434	653.110130704262	2
5	1435	653.243770760616	1
5	1440	655.695340715409	2
5	1441	661.262578253969	1
5	1446	662.304215652428	2
5	1447	663.463122423052	1
5	1449	665.355124044693	0
5	1454	670.57123156871	1
5	1455	672.083546567231	0
5	1460	674.752478580677	1
5	1461	675.852454262053	0
5	1466	677.269667366911	1
5	1467	677.459587046607	0
5	1472	678.608503520941	1
5	1476	681.841450468654	2
5	1480	685.348604583852	3
5	1481	685.41437512303	2
5	1486	686.971532847806	3
5	1487	689.088171936196	2
5	1492	694.055387507463	3
5	1493	694.152347840503	2
5	1495	694.39303220273	1
5	1497	694.537836268398	0
5	1502	695.523319976849	1
5	1506	697.143153925949	2
5	1507	697.272502954583	1
5	1509	701.78921482206	0
5	1514	704.544793966593	1
5	1518	704.623925236665	2
5	1522	707.319486990801	3
5	1523	708.890915674146	2
5	1528	711.520278075912	3
5	1532	713.277226463505	4
5	1533	714.070683041046	3
5	1538	715.583731057148	4
5	1539	715.698940183091	3
5	1541	716.376763455327	2
5	1546	717.224288003339	3
5	1550	717.940185682999	4
5	1551	718.024921143256	3
5	1553	719.634957577792	2
5	1555	720.375566346923	1
5	1560	722.476935952378	2
5	1564	722.551527000751	3
5	1565	724.288354138293	2
5	1570	724.723567696525	3
5	1571	725.89628736201	2
5	1576	727.08353076053	3
5	1577	727.211643871979	2
5	1579	728.170471933567	1
5	1581	731.277533191613	0
5	1586	734.185865736303	1
5	1587	736.137687823776	0
5	1592	746.345211061612	1
5	1596	746.468174042363	2
5	1597	747.222542243552	1
5	1602	747.267600651266	2
5	1606	747.520685200414	3
5	1607	748.96277174665	2
5	1609	748.967998785872	1
5	1614	750.936900392005	2
5	1618	752.90491691933	3
5	1619	752.963034196584	2
5	1624	755.05379412548	3
5	1625	756.219736506566	2
5	1630	757.412687217533	3
5	1631	757.884562790386	2
5	1636	760.0933550425	3
5	1637	761.89457982888	2
5	1639	762.50065867831	1
5	1641	762.564280190396	0
5	1646	767.032996527037	1
5	1647	767.308187759107	0
5	1652	770.681411067194	1
5	1653	771.28737114541	0
5	1658	772.288267360481	1
5	1662	772.982275128086	2
5	1663	774.605005384865	1
5	1668	774.762073852538	2
5	1672	775.022763786429	3
5	1673	775.71222242168	2
5	1675	776.385552244935	1
5	1680	777.622444344121	2
5	1681	778.091120195094	1
5	1686	780.409720119238	2
5	1687	783.978863051362	1
5	1689	784.611406756622	0
5	1694	806.72283231217	1
5	1698	808.996738595169	2
5	1699	809.25729203648	1
5	1704	809.458139902411	2
5	1705	810.663908828488	1
5	1710	812.086777190062	2
5	1711	812.671710534703	1
5	1716	813.293534351942	2
5	1720	814.88935970406	3
5	1721	814.960910305023	2
5	1723	815.0285319473	1
5	1725	816.829826082202	0
5	1730	818.905415560222	1
5	1731	819.01739661346	0
5	1736	819.062681071657	1
5	1737	820.329244048718	0
5	1742	821.602900248984	1
5	1743	826.590873514011	0
5	1748	829.155472106312	1
5	1749	830.817578890272	0
5	1754	831.860887340187	1
5	1758	833.140457278814	2
5	1759	834.181495294108	1
5	1764	836.522952387694	2
5	1765	837.61282003116	1
5	1767	837.804414643076	0
5	1772	838.61909088743	1
5	1776	839.117859963886	2
5	1780	840.234028888455	3
5	1781	840.547729278123	2
5	1783	842.356885157222	1
5	1788	842.879503951346	2
5	1789	845.044367839252	1
5	1791	847.642634053116	0
5	1796	854.140632851859	1
5	1797	855.369147461427	0
5	1802	858.445796793692	1
5	1803	858.460736983241	0
5	1808	862.311247613457	1
5	1812	863.687040374024	2
5	1813	864.951133184226	1
5	1815	864.977761582701	0
5	1820	873.525918552794	1
5	1824	874.043288347253	2
5	1825	875.081474865995	1
5	1827	875.340771611162	0
5	1832	875.579709480109	1
5	1836	876.219747610408	2
5	1837	878.249654254866	1
5	1839	878.777176802973	0
5	1844	887.242287106528	1
5	1848	892.209012923245	2
5	1849	892.333783255719	1
5	1854	892.613147495633	2
5	1855	893.448095618879	1
5	1857	893.564525485567	0
5	1862	898.758197495419	1
5	1866	900.454855708523	2
5	1870	900.630421988882	3
5	1871	901.032566454722	2
5	1876	903.64189950286	3
5	1877	904.555265900954	2
5	1879	904.835866969781	1
5	1884	908.529591142508	2
5	1885	908.742509777902	1
5	1887	908.85052658758	0
5	1892	911.247205236131	1
5	1896	911.984065938105	2
5	1897	912.698760483666	1
5	1902	913.197644705113	2
5	1906	913.334389091388	3
5	1910	915.872383525676	4
5	1911	915.971677264448	3
5	1913	916.070776799398	2
5	1915	917.691761504697	1
5	1917	918.039628416717	0
5	1922	919.334937388743	1
5	1926	920.49246323216	2
5	1927	920.551176162759	1
5	1929	923.408835396703	0
5	1934	926.146546557731	1
5	1938	926.583430754412	2
5	1942	927.622485130144	3
5	1943	927.687804253045	2
5	1948	927.862068060779	3
5	1952	928.105127770141	4
5	1953	929.059808568277	3
5	1955	929.577814182878	2
5	1960	929.890149340723	3
5	1961	929.926232616389	2
5	1963	930.308746609033	1
5	1965	931.135753910805	0
5	1970	931.571804433034	1
5	1971	932.072089301321	0
5	1976	935.836188244215	1
5	1980	938.152522117143	2
5	1981	938.200316980577	1
5	1983	939.213788256884	0
5	1988	939.679754341816	1
5	1989	941.656223399159	0
5	1994	943.406589338356	1
5	1995	943.500796805818	0
5	2000	944.027628135934	1
5	2001	945.123791182473	0
5	2006	945.75896408698	1
5	2010	950.760322395984	2
5	2011	955.553043168912	1
5	2016	956.130450405743	2
5	2020	957.689256630325	3
5	2021	957.768115711964	2
5	2023	958.078209652424	1
5	2025	958.925623971345	0
5	2030	961.118707306155	1
5	2034	961.129227542721	2
5	2038	962.415269768801	3
5	2042	962.608574821496	4
5	2043	962.772385494388	3
5	2045	963.790821388643	2
5	2050	964.797277037526	3
5	2051	965.194581555691	2
5	2053	969.906170589465	1
5	2055	970.047743998582	0
5	2060	972.448366538281	1
5	2064	977.644189191877	2
5	2065	977.902826263718	1
5	2067	979.278414834109	0
5	2072	979.389489517899	1
5	2076	979.529674695059	2
5	2077	980.513951030487	1
5	2079	981.050783499692	0
5	2084	987.322585505789	1
5	2088	987.773820128264	2
5	2089	988.060585296454	1
5	2091	988.088757131568	0
5	2096	990.024585925467	1
5	2097	990.027711346463	0

