version 3
run General-19-20221103-10:28:22-6760
attr configname General
attr datetime 20221103-10:28:22
attr datetimef 20221103-102822
attr experiment General
attr inifile block.ini
attr iterationvars "$0=3, $1=10"
attr iterationvarsd 3/10
attr iterationvarsf 3,10-
attr measurement "$0=3, $1=10"
attr network Block
attr processid 6760
attr repetition 4
attr replication #4
attr resultdir results
attr runnumber 19
attr seedset 19
config network Block
config repeat 5
config sim-time-limit 1000s
config warmup-period 100s
config **.alloca.resourceModuleName "\"risorse\""
config **.dealloca.resourceModuleName "\"risorse\""
config **.is.delay exponential(3s)
config **.servente.serviceTime exponential(3s)
config **.dealloca.resourceAmount 2
config **.alloca.resourceAmount 2
config **.risorse.amount 6
config **.sorgente.numJobs (10)
config **.result-recording-modes all

vector 0 Block.servente queueLength:vector ETV
attr interpolationmode sample-hold
attr recordingmode vector
attr title "queue length"
vector 1 Block.servente queueingTime:vector ETV
attr interpolationmode none
attr recordingmode vector
attr title "queueing time at dequeue"
attr unit s
vector 2 Block.alloca queueLength:vector ETV
attr interpolationmode sample-hold
attr recordingmode vector
attr title "queue length"
vector 3 Block.alloca queueingTime:vector ETV
attr interpolationmode none
attr recordingmode vector
attr title "queueing time at dequeue"
attr unit s
vector 4 Block.risorse amount:vector ETV
attr interpolationmode sample-hold
attr recordingmode vector
attr title "available resource"
vector 5 Block.is delayedJobs:vector ETV
attr interpolationmode sample-hold
attr recordingmode vector
attr title "number of delayed jobs"
0	209	101.925215092473	1
0	211	101.925215092473	2
0	215	103.346990579908	1
0	217	103.346990579908	2
0	219	104.529923877616	1
0	221	104.529923877616	2
0	227	105.789124836562	1
0	229	105.789124836562	2
0	231	107.009925277405	1
0	233	107.009925277405	2
0	235	107.695205643073	1
0	237	107.695205643073	2
0	241	108.365774450364	1
0	243	108.365774450364	2
0	247	109.342523265371	1
0	249	109.342523265371	2
0	255	110.866234315685	1
0	257	110.866234315685	2
0	261	111.18354108404	1
0	263	111.18354108404	2
0	265	111.789540302914	1
0	267	111.789540302914	2
0	273	119.846148118637	1
0	275	119.846148118637	2
0	279	123.893358773792	1
0	281	123.893358773792	2
0	283	124.733129181364	1
0	285	124.733129181364	2
0	293	130.778318476119	1
0	295	130.778318476119	2
0	297	132.111040917789	1
0	299	132.111040917789	2
0	303	133.515962798253	1
0	305	133.515962798253	2
0	307	133.551277165556	1
0	309	133.551277165556	2
0	311	133.723981813606	1
0	313	133.723981813606	2
0	317	138.543266173145	1
0	319	138.543266173145	2
0	325	141.662082724261	1
0	327	141.662082724261	2
0	331	142.142743662295	1
0	333	142.142743662295	2
0	337	146.446459302866	1
0	339	146.446459302866	2
0	343	146.891456148845	1
0	345	146.891456148845	2
0	353	153.925038591712	1
0	355	153.925038591712	2
0	359	154.887950886403	1
0	361	154.887950886403	2
0	363	157.787305003738	1
0	365	157.787305003738	2
0	371	162.672241204841	1
0	373	162.672241204841	2
0	375	162.758532356954	1
0	377	162.758532356954	2
0	379	163.307296458535	1
0	381	163.307296458535	2
0	383	165.395014250082	1
0	385	165.395014250082	2
0	389	167.122404603338	1
0	391	167.122404603338	2
0	393	168.718260514025	1
0	395	168.718260514025	2
0	407	173.91236473816	1
0	409	173.91236473816	2
0	411	174.264706934397	1
0	413	174.264706934397	2
0	419	177.20178699723	1
0	421	177.20178699723	2
0	423	178.382339545093	1
0	425	178.382339545093	2
0	431	182.433954674344	1
0	433	182.433954674344	2
0	435	182.440025090868	1
0	437	182.440025090868	2
0	439	182.79678352223	1
0	441	182.79678352223	2
0	447	196.21573197212	1
0	449	196.21573197212	2
0	453	198.845293671089	1
0	455	198.845293671089	2
0	457	200.255397537925	1
0	459	200.255397537925	2
0	465	201.234803657084	1
0	467	201.234803657084	2
0	471	207.463791979374	1
0	473	207.463791979374	2
0	479	211.546602323784	1
0	481	211.546602323784	2
0	485	215.35089789431	1
0	487	215.35089789431	2
0	489	216.575922745512	1
0	491	216.575922745512	2
0	497	219.893399879079	1
0	499	219.893399879079	2
0	503	229.392482492838	1
0	505	229.392482492838	2
0	509	233.027002495637	1
0	511	233.027002495637	2
0	513	234.216850895075	1
0	515	234.216850895075	2
0	521	237.764459298244	1
0	523	237.764459298244	2
0	525	238.289394453276	1
0	527	238.289394453276	2
0	531	239.426502681124	1
0	533	239.426502681124	2
0	539	242.855993080669	1
0	541	242.855993080669	2
0	543	243.136534678162	1
0	545	243.136534678162	2
0	549	247.261943442446	1
0	551	247.261943442446	2
0	553	248.43819983904	1
0	555	248.43819983904	2
0	561	251.039332047783	1
0	563	251.039332047783	2
0	567	251.700469580679	1
0	569	251.700469580679	2
0	575	257.510169027289	1
0	577	257.510169027289	2
0	581	262.086614186618	1
0	583	262.086614186618	2
0	587	269.016167300542	1
0	589	269.016167300542	2
0	591	270.244504371804	1
0	593	270.244504371804	2
0	599	278.002320012374	1
0	601	278.002320012374	2
0	603	278.27283365053	1
0	605	278.27283365053	2
0	607	281.134002322409	1
0	609	281.134002322409	2
0	611	281.430172055052	1
0	613	281.430172055052	2
0	623	295.65133948618	1
0	625	295.65133948618	2
0	627	296.187652669047	1
0	629	296.187652669047	2
0	631	296.731749054454	1
0	633	296.731749054454	2
0	637	300.186708255	1
0	639	300.186708255	2
0	643	306.118921855417	1
0	645	306.118921855417	2
0	653	308.22272639562	1
0	655	308.22272639562	2
0	659	311.325134574023	1
0	661	311.325134574023	2
0	663	311.77896115693	1
0	665	311.77896115693	2
0	671	313.319581600641	1
0	673	313.319581600641	2
0	675	315.560600081016	1
0	677	315.560600081016	2
0	679	316.17370347872	1
0	681	316.17370347872	2
0	683	316.860621847101	1
0	685	316.860621847101	2
0	689	317.977013538452	1
0	691	317.977013538452	2
0	697	319.864382169757	1
0	699	319.864382169757	2
0	707	326.166296345417	1
0	709	326.166296345417	2
0	713	332.635367249788	1
0	715	332.635367249788	2
0	717	336.945484415987	1
0	719	336.945484415987	2
0	723	342.037106973607	1
0	725	342.037106973607	2
0	729	345.320269525974	1
0	731	345.320269525974	2
0	733	345.562883685005	1
0	735	345.562883685005	2
0	743	348.732695248424	1
0	745	348.732695248424	2
0	749	354.102996316152	1
0	751	354.102996316152	2
0	753	354.165661632594	1
0	755	354.165661632594	2
0	757	354.440553264569	1
0	759	354.440553264569	2
0	767	357.731248736119	1
0	769	357.731248736119	2
0	773	358.068739242543	1
0	775	358.068739242543	2
0	777	359.244730800368	1
0	779	359.244730800368	2
0	783	360.482933592792	1
0	785	360.482933592792	2
0	789	361.907421470225	1
0	791	361.907421470225	2
0	797	369.779595359767	1
0	799	369.779595359767	2
0	803	376.023734352776	1
0	805	376.023734352776	2
0	809	378.929841401686	1
0	811	378.929841401686	2
0	815	395.029538528872	1
0	817	395.029538528872	2
0	821	395.86340202043	1
0	823	395.86340202043	2
0	827	398.745479090537	1
0	829	398.745479090537	2
0	833	403.874921912395	1
0	835	403.874921912395	2
0	839	410.596829847923	1
0	841	410.596829847923	2
0	845	417.321131811493	1
0	847	417.321131811493	2
0	851	424.127310111081	1
0	853	424.127310111081	2
0	857	428.965777380301	1
0	859	428.965777380301	2
0	861	429.147042876177	1
0	863	429.147042876177	2
0	867	429.304049553788	1
0	869	429.304049553788	2
0	871	429.645534909759	1
0	873	429.645534909759	2
0	881	432.810239984529	1
0	883	432.810239984529	2
0	887	435.335266111329	1
0	889	435.335266111329	2
0	891	436.751888423969	1
0	893	436.751888423969	2
0	899	442.655061948893	1
0	901	442.655061948893	2
0	903	443.022976616481	1
0	905	443.022976616481	2
0	909	443.685236073981	1
0	911	443.685236073981	2
0	913	445.421279165089	1
0	915	445.421279165089	2
0	921	446.459663186242	1
0	923	446.459663186242	2
0	925	446.751589415117	1
0	927	446.751589415117	2
0	931	446.912774846317	1
0	933	446.912774846317	2
0	941	448.190753862095	1
0	943	448.190753862095	2
0	947	459.140891651949	1
0	949	459.140891651949	2
0	953	466.537621361506	1
0	955	466.537621361506	2
0	959	467.91186015282	1
0	961	467.91186015282	2
0	965	471.947364385453	1
0	967	471.947364385453	2
0	971	473.023752043283	1
0	973	473.023752043283	2
0	975	473.623756280576	1
0	977	473.623756280576	2
0	979	473.99324903263	1
0	981	473.99324903263	2
0	983	474.561880669943	1
0	985	474.561880669943	2
0	987	475.070729406655	1
0	989	475.070729406655	2
0	997	476.8830935578	1
0	999	476.8830935578	2
0	1005	479.163415695211	1
0	1007	479.163415695211	2
0	1013	481.818932842712	1
0	1015	481.818932842712	2
0	1017	482.042384819707	1
0	1019	482.042384819707	2
0	1021	485.157171345155	1
0	1023	485.157171345155	2
0	1031	491.919008030603	1
0	1033	491.919008030603	2
0	1037	504.528557367038	1
0	1039	504.528557367038	2
0	1043	512.237570937077	1
0	1045	512.237570937077	2
0	1049	512.493046776801	1
0	1051	512.493046776801	2
0	1055	515.11459253887	1
0	1057	515.11459253887	2
0	1061	517.129278245125	1
0	1063	517.129278245125	2
0	1065	518.71369491964	1
0	1067	518.71369491964	2
0	1071	522.03713245518	1
0	1073	522.03713245518	2
0	1079	530.616323523339	1
0	1081	530.616323523339	2
0	1083	530.628853378871	1
0	1085	530.628853378871	2
0	1091	532.011856897135	1
0	1093	532.011856897135	2
0	1095	532.912784026229	1
0	1097	532.912784026229	2
0	1099	535.728440349389	1
0	1101	535.728440349389	2
0	1103	536.39491909322	1
0	1105	536.39491909322	2
0	1111	536.717915695058	1
0	1113	536.717915695058	2
0	1119	540.206727343889	1
0	1121	540.206727343889	2
0	1123	540.26074235647	1
0	1125	540.26074235647	2
0	1133	548.88924237201	1
0	1135	548.88924237201	2
0	1137	549.842534987098	1
0	1139	549.842534987098	2
0	1145	552.428715138395	1
0	1147	552.428715138395	2
0	1151	556.495204265221	1
0	1153	556.495204265221	2
0	1157	557.779283812076	1
0	1159	557.779283812076	2
0	1163	564.316435099433	1
0	1165	564.316435099433	2
0	1167	565.085676518798	1
0	1169	565.085676518798	2
0	1175	567.186089370766	1
0	1177	567.186089370766	2
0	1181	567.947310339986	1
0	1183	567.947310339986	2
0	1185	568.628881227129	1
0	1187	568.628881227129	2
0	1189	569.023065232058	1
0	1191	569.023065232058	2
0	1199	573.572438515099	1
0	1201	573.572438515099	2
0	1205	576.112727045491	1
0	1207	576.112727045491	2
0	1211	580.329099003964	1
0	1213	580.329099003964	2
0	1217	581.511024805233	1
0	1219	581.511024805233	2
0	1223	587.298207538089	1
0	1225	587.298207538089	2
0	1229	590.41000846872	1
0	1231	590.41000846872	2
0	1235	593.228069264195	1
0	1237	593.228069264195	2
0	1241	595.159795951672	1
0	1243	595.159795951672	2
0	1245	595.614666456064	1
0	1247	595.614666456064	2
0	1251	597.833500523021	1
0	1253	597.833500523021	2
0	1255	598.262214152378	1
0	1257	598.262214152378	2
0	1259	600.021394758888	1
0	1261	600.021394758888	2
0	1265	600.831580286845	1
0	1267	600.831580286845	2
0	1271	603.360941238126	1
0	1273	603.360941238126	2
0	1283	607.788814453824	1
0	1285	607.788814453824	2
0	1287	609.055380768805	1
0	1289	609.055380768805	2
0	1295	611.150939230276	1
0	1297	611.150939230276	2
0	1299	612.179253736355	1
0	1301	612.179253736355	2
0	1305	613.741088342422	1
0	1307	613.741088342422	2
0	1311	615.596403233528	1
0	1313	615.596403233528	2
0	1315	620.253825378728	1
0	1317	620.253825378728	2
0	1325	624.96333915615	1
0	1327	624.96333915615	2
0	1329	627.367153231265	1
0	1331	627.367153231265	2
0	1335	628.676726573905	1
0	1337	628.676726573905	2
0	1341	630.685520518603	1
0	1343	630.685520518603	2
0	1349	633.447968462411	1
0	1351	633.447968462411	2
0	1355	638.356380036125	1
0	1357	638.356380036125	2
0	1359	638.380994639414	1
0	1361	638.380994639414	2
0	1365	644.125444361936	1
0	1367	644.125444361936	2
0	1369	647.79456330613	1
0	1371	647.79456330613	2
0	1377	649.070884303692	1
0	1379	649.070884303692	2
0	1383	649.826021288162	1
0	1385	649.826021288162	2
0	1387	650.116622377363	1
0	1389	650.116622377363	2
0	1397	654.484474727223	1
0	1399	654.484474727223	2
0	1403	663.17650755848	1
0	1405	663.17650755848	2
0	1409	666.628791744129	1
0	1411	666.628791744129	2
0	1413	666.772636216802	1
0	1415	666.772636216802	2
0	1421	670.950465330302	1
0	1423	670.950465330302	2
0	1425	671.775862139722	1
0	1427	671.775862139722	2
0	1433	673.054445917203	1
0	1435	673.054445917203	2
0	1439	681.140197352954	1
0	1441	681.140197352954	2
0	1443	681.207376814566	1
0	1445	681.207376814566	2
0	1451	684.922270645486	1
0	1453	684.922270645486	2
0	1455	685.118973015532	1
0	1457	685.118973015532	2
0	1461	689.817955695294	1
0	1463	689.817955695294	2
0	1465	690.485627672562	1
0	1467	690.485627672562	2
0	1469	693.24390923867	1
0	1471	693.24390923867	2
0	1481	696.778622873769	1
0	1483	696.778622873769	2
0	1487	703.634679055557	1
0	1489	703.634679055557	2
0	1491	706.008135727043	1
0	1493	706.008135727043	2
0	1495	706.029269405655	1
0	1497	706.029269405655	2
0	1501	706.520711122731	1
0	1503	706.520711122731	2
0	1511	710.431548694184	1
0	1513	710.431548694184	2
0	1517	720.0663541097	1
0	1519	720.0663541097	2
0	1521	720.829577382615	1
0	1523	720.829577382615	2
0	1525	721.976521619937	1
0	1527	721.976521619937	2
0	1531	723.713102294305	1
0	1533	723.713102294305	2
0	1537	724.685663467497	1
0	1539	724.685663467497	2
0	1541	725.074281504864	1
0	1543	725.074281504864	2
0	1545	725.57491683399	1
0	1547	725.57491683399	2
0	1559	736.667691154309	1
0	1561	736.667691154309	2
0	1565	740.596817768	1
0	1567	740.596817768	2
0	1571	742.664425568497	1
0	1573	742.664425568497	2
0	1577	747.865069357092	1
0	1579	747.865069357092	2
0	1581	748.571305572213	1
0	1583	748.571305572213	2
0	1585	749.486115494321	1
0	1587	749.486115494321	2
0	1589	750.472753433156	1
0	1591	750.472753433156	2
0	1593	750.845768170068	1
0	1595	750.845768170068	2
0	1601	752.197232134269	1
0	1603	752.197232134269	2
0	1613	757.63793079153	1
0	1615	757.63793079153	2
0	1617	758.001112589227	1
0	1619	758.001112589227	2
0	1621	759.822575346506	1
0	1623	759.822575346506	2
0	1627	762.280422300761	1
0	1629	762.280422300761	2
0	1637	766.716186948506	1
0	1639	766.716186948506	2
0	1643	767.492265178216	1
0	1645	767.492265178216	2
0	1649	772.777501452053	1
0	1651	772.777501452053	2
0	1655	774.936524039382	1
0	1657	774.936524039382	2
0	1659	775.813905831978	1
0	1661	775.813905831978	2
0	1663	775.932258952958	1
0	1665	775.932258952958	2
0	1673	781.785218175946	1
0	1675	781.785218175946	2
0	1677	782.924044183136	1
0	1679	782.924044183136	2
0	1685	787.308803781142	1
0	1687	787.308803781142	2
0	1691	789.180681256771	1
0	1693	789.180681256771	2
0	1697	795.233783491213	1
0	1699	795.233783491213	2
0	1703	808.388614571309	1
0	1705	808.388614571309	2
0	1709	812.181813586769	1
0	1711	812.181813586769	2
0	1713	816.617753638387	1
0	1715	816.617753638387	2
0	1719	818.637048093016	1
0	1721	818.637048093016	2
0	1723	820.646449126068	1
0	1725	820.646449126068	2
0	1731	826.479383430534	1
0	1733	826.479383430534	2
0	1737	827.723054737339	1
0	1739	827.723054737339	2
0	1743	828.774571641297	1
0	1745	828.774571641297	2
0	1747	828.796550074513	1
0	1749	828.796550074513	2
0	1755	832.560950213612	1
0	1757	832.560950213612	2
0	1759	832.60860620863	1
0	1761	832.60860620863	2
0	1767	835.60788586021	1
0	1769	835.60788586021	2
0	1771	835.664524797969	1
0	1773	835.664524797969	2
0	1775	835.854435818112	1
0	1777	835.854435818112	2
0	1779	835.866725752188	1
0	1781	835.866725752188	2
0	1787	840.59453144971	1
0	1789	840.59453144971	2
0	1793	841.860104492282	1
0	1795	841.860104492282	2
0	1803	845.315964580448	1
0	1805	845.315964580448	2
0	1811	852.227544399388	1
0	1813	852.227544399388	2
0	1817	852.86758497046	1
0	1819	852.86758497046	2
0	1823	854.545084349008	1
0	1825	854.545084349008	2
0	1827	857.694056497553	1
0	1829	857.694056497553	2
0	1831	859.596441986173	1
0	1833	859.596441986173	2
0	1841	866.416227215173	1
0	1843	866.416227215173	2
0	1845	866.655224257033	1
0	1847	866.655224257033	2
0	1851	867.458105175394	1
0	1853	867.458105175394	2
0	1859	872.482761111129	1
0	1861	872.482761111129	2
0	1865	874.831851011686	1
0	1867	874.831851011686	2
0	1871	881.102757194539	1
0	1873	881.102757194539	2
0	1875	881.994915129938	1
0	1877	881.994915129938	2
0	1879	882.23473941964	1
0	1881	882.23473941964	2
0	1885	883.398111931465	1
0	1887	883.398111931465	2
0	1893	885.427412488425	1
0	1895	885.427412488425	2
0	1897	885.681802454222	1
0	1899	885.681802454222	2
0	1907	886.284037207533	1
0	1909	886.284037207533	2
0	1913	890.09241041345	1
0	1915	890.09241041345	2
0	1917	893.232985223504	1
0	1919	893.232985223504	2
0	1923	893.825027036704	1
0	1925	893.825027036704	2
0	1927	894.446824712502	1
0	1929	894.446824712502	2
0	1933	898.427268615863	1
0	1935	898.427268615863	2
0	1943	907.854420907177	1
0	1945	907.854420907177	2
0	1947	912.245610152168	1
0	1949	912.245610152168	2
0	1955	917.745428136664	1
0	1957	917.745428136664	2
0	1959	922.319355496518	1
0	1961	922.319355496518	2
0	1963	923.254450227335	1
0	1965	923.254450227335	2
0	1973	933.587777596774	1
0	1975	933.587777596774	2
0	1979	935.991749019486	1
0	1981	935.991749019486	2
0	1983	936.247214230874	1
0	1985	936.247214230874	2
0	1989	939.599229099771	1
0	1991	939.599229099771	2
0	1995	944.860936074253	1
0	1997	944.860936074253	2
0	2001	949.369235074955	1
0	2003	949.369235074955	2
0	2007	950.330795485838	1
0	2009	950.330795485838	2
0	2011	950.789029030598	1
0	2013	950.789029030598	2
0	2017	951.859464645901	1
0	2019	951.859464645901	2
0	2023	953.101903037851	1
0	2025	953.101903037851	2
0	2031	957.173470988616	1
0	2033	957.173470988616	2
0	2037	957.604834690956	1
0	2039	957.604834690956	2
0	2045	959.337415348416	1
0	2047	959.337415348416	2
0	2051	964.692173563994	1
0	2053	964.692173563994	2
0	2057	966.664198880448	1
0	2059	966.664198880448	2
0	2063	970.079621191807	1
0	2065	970.079621191807	2
0	2069	971.214064113691	1
0	2071	971.214064113691	2
0	2073	971.682680368698	1
0	2075	971.682680368698	2
0	2079	984.577758678472	1
0	2081	984.577758678472	2
0	2087	993.331668327818	1
0	2089	993.331668327818	2
0	2091	995.956513340058	1
0	2093	995.956513340058	2
0	2095	998.801632791935	1
0	2097	998.801632791935	2
1	209	101.925215092473	6.979286170247
1	215	103.346990579908	8.141175579235
1	219	104.529923877616	2.604708785143
1	227	105.789124836562	2.442134256654
1	231	107.009925277405	2.480001399789
1	235	107.695205643073	1.906080806511
1	241	108.365774450364	1.355849172959
1	247	109.342523265371	1.647317622298
1	255	110.866234315685	2.500459865321
1	261	111.18354108404	1.841017818669
1	265	111.789540302914	0.923305987229
1	273	119.846148118637	8.662607034597
1	279	123.893358773792	12.103818470878
1	283	124.733129181364	4.886981062727
1	293	130.778318476119	6.884959702327
1	297	132.111040917789	7.377911736425
1	303	133.515962798253	2.737644322134
1	307	133.551277165556	1.440236247767
1	311	133.723981813606	0.208019015353
1	317	138.543266173145	4.991989007589
1	325	141.662082724261	7.938100910655
1	331	142.142743662295	3.59947748915
1	337	146.446459302866	4.784376578605
1	343	146.891456148845	4.74871248655
1	353	153.925038591712	7.478579288846
1	359	154.887950886403	7.996494737558
1	363	157.787305003738	3.862266412026
1	371	162.672241204841	7.784290318438
1	375	162.758532356954	4.971227353216
1	379	163.307296458535	0.635055253694
1	383	165.395014250082	2.636481893128
1	389	167.122404603338	3.815108144803
1	393	168.718260514025	3.323246263943
1	407	173.91236473816	6.789960134822
1	411	174.264706934397	5.546446420372
1	419	177.20178699723	3.28942225907
1	423	178.382339545093	4.117632610696
1	431	182.433954674344	5.232167677114
1	435	182.440025090868	4.057685545775
1	439	182.79678352223	0.362828847886
1	447	196.21573197212	13.775706881252
1	453	198.845293671089	16.048510148859
1	457	200.255397537925	4.039665565805
1	465	201.234803657084	2.389509985995
1	471	207.463791979374	7.208394441449
1	479	211.546602323784	10.3117986667
1	485	215.35089789431	7.887105914936
1	489	216.575922745512	5.029320421728
1	497	219.893399879079	4.542501984769
1	503	229.392482492838	12.816559747326
1	509	233.027002495637	13.133602616558
1	513	234.216850895075	4.824368402237
1	521	237.764459298244	4.737456802607
1	525	238.289394453276	4.072543558201
1	531	239.426502681124	1.66204338288
1	539	242.855993080669	4.566598627393
1	543	243.136534678162	3.710031997038
1	549	247.261943442446	4.405950361777
1	553	248.43819983904	5.301665160878
1	561	251.039332047783	3.777388605337
1	567	251.700469580679	3.262269741639
1	575	257.510169027289	6.470836979506
1	581	262.086614186618	10.386144605939
1	587	269.016167300542	11.505998273253
1	591	270.244504371804	8.157890185186
1	599	278.002320012374	8.986152711832
1	603	278.27283365053	8.028329278726
1	607	281.134002322409	3.131682310035
1	611	281.430172055052	3.157338404522
1	623	295.65133948618	14.517337163771
1	627	296.187652669047	14.757480613995
1	631	296.731749054454	1.080409568274
1	637	300.186708255	3.999055585953
1	643	306.118921855417	9.387172800963
1	653	308.22272639562	8.03601814062
1	659	311.325134574023	5.206212718606
1	663	311.77896115693	3.55623476131
1	671	313.319581600641	1.994447026618
1	675	315.560600081016	3.781638924086
1	679	316.17370347872	2.854121878079
1	683	316.860621847101	1.300021766085
1	689	317.977013538452	1.803310059732
1	697	319.864382169757	3.003760322656
1	707	326.166296345417	8.189282806965
1	713	332.635367249788	12.770985080031
1	717	336.945484415987	10.77918807057
1	723	342.037106973607	9.401739723819
1	729	345.320269525974	8.374785109987
1	733	345.562883685005	3.525776711398
1	743	348.732695248424	3.41242572245
1	749	354.102996316152	8.540112631147
1	753	354.165661632594	5.43296638417
1	757	354.440553264569	0.337556948417
1	767	357.731248736119	3.565587103525
1	773	358.068739242543	3.628185977974
1	777	359.244730800368	1.513482064249
1	783	360.482933592792	2.414194350249
1	789	361.907421470225	2.662690669857
1	797	369.779595359767	9.296661766975
1	803	376.023734352776	14.116312882551
1	809	378.929841401686	9.150246041919
1	815	395.029538528872	19.005804176096
1	821	395.86340202043	16.933560618744
1	827	398.745479090537	3.715940561665
1	833	403.874921912395	8.011519891965
1	839	410.596829847923	11.851350757386
1	845	417.321131811493	13.446209899098
1	851	424.127310111081	13.530480263158
1	857	428.965777380301	11.644645568808
1	861	429.147042876177	5.019732765096
1	867	429.304049553788	0.338272173487
1	871	429.645534909759	0.498492033582
1	881	432.810239984529	3.506190430741
1	887	435.335266111329	5.68973120157
1	891	436.751888423969	3.94164843944
1	899	442.655061948893	7.319795837564
1	903	443.022976616481	6.271088192512
1	909	443.685236073981	1.030174125088
1	913	445.421279165089	2.398302548608
1	921	446.459663186242	2.774427112261
1	925	446.751589415117	1.330310250028
1	931	446.912774846317	0.453111660075
1	941	448.190753862095	1.439164446978
1	947	459.140891651949	12.228116805632
1	953	466.537621361506	18.346867499411
1	959	467.91186015282	8.770968500871
1	965	471.947364385453	5.409743023947
1	971	473.023752043283	5.111891890463
1	975	473.623756280576	1.676391895123
1	979	473.99324903263	0.969496989347
1	983	474.561880669943	0.938124389367
1	987	475.070729406655	1.077480374025
1	997	476.8830935578	2.321212887857
1	1005	479.163415695211	4.092686288556
1	1013	481.818932842712	4.935839284912
1	1017	482.042384819707	2.878969124496
1	1021	485.157171345155	3.338238502443
1	1031	491.919008030603	9.876623210896
1	1037	504.528557367038	19.371386021883
1	1043	512.237570937077	20.318562906474
1	1049	512.493046776801	7.964489409763
1	1055	515.11459253887	2.877021601793
1	1061	517.129278245125	4.636231468324
1	1065	518.71369491964	3.59910238077
1	1071	522.03713245518	4.907854210055
1	1079	530.616323523339	11.902628603699
1	1083	530.628853378871	8.591720923691
1	1091	532.011856897135	1.395533373796
1	1095	532.912784026229	2.283930647358
1	1099	535.728440349389	3.716583452254
1	1103	536.39491909322	3.482135066991
1	1111	536.717915695058	0.989475345669
1	1119	540.206727343889	3.811808250669
1	1123	540.26074235647	3.542826661412
1	1133	548.88924237201	8.682515028121
1	1137	549.842534987098	9.581792630628
1	1145	552.428715138395	3.539472766385
1	1151	556.495204265221	6.652669278123
1	1157	557.779283812076	5.350568673681
1	1163	564.316435099433	7.821230834212
1	1167	565.085676518798	7.306392706722
1	1175	567.186089370766	2.869654271333
1	1181	567.947310339986	2.861633821188
1	1185	568.628881227129	1.442791856363
1	1189	569.023065232058	1.075754892072
1	1199	573.572438515099	4.94355728797
1	1205	576.112727045491	7.089661813433
1	1211	580.329099003964	6.756660488865
1	1217	581.511024805233	5.398297759742
1	1223	587.298207538089	6.969108534125
1	1229	590.41000846872	8.898983663487
1	1235	593.228069264195	5.929861726106
1	1241	595.159795951672	4.749787482952
1	1245	595.614666456064	2.386597191869
1	1251	597.833500523021	2.673704571349
1	1255	598.262214152378	2.647547696314
1	1259	600.021394758888	2.187894235867
1	1265	600.831580286845	2.569366134467
1	1271	603.360941238126	3.339546479238
1	1283	607.788814453824	6.957234166979
1	1287	609.055380768805	5.694439530679
1	1295	611.150939230276	3.362124776452
1	1299	612.179253736355	3.12387296755
1	1305	613.741088342422	2.590149112146
1	1311	615.596403233528	3.417149497173
1	1315	620.253825378728	6.512737036306
1	1325	624.96333915615	9.366935922622
1	1329	627.367153231265	7.113327852537
1	1335	628.676726573905	3.713387417755
1	1341	630.685520518603	3.318367287338
1	1349	633.447968462411	4.771241888506
1	1355	638.356380036125	7.670859517522
1	1359	638.380994639414	4.933026177003
1	1365	644.125444361936	5.769064325811
1	1369	647.79456330613	9.413568666716
1	1377	649.070884303692	4.945439941756
1	1383	649.826021288162	2.031457982032
1	1387	650.116622377363	1.045738073671
1	1397	654.484474727223	4.658453439061
1	1403	663.17650755848	13.059885181117
1	1409	666.628791744129	12.144317016906
1	1413	666.772636216802	3.596128658322
1	1421	670.950465330302	4.321673586173
1	1425	671.775862139722	5.00322592292
1	1433	673.054445917203	2.103980586901
1	1439	681.140197352954	9.364335213232
1	1443	681.207376814566	8.152930897363
1	1451	684.922270645486	3.782073292532
1	1455	685.118973015532	3.911596200966
1	1461	689.817955695294	4.895685049808
1	1465	690.485627672562	5.36665465703
1	1469	693.24390923867	3.425953543376
1	1481	696.778622873769	6.292995201207
1	1487	703.634679055557	10.390769816887
1	1491	706.008135727043	9.229512853274
1	1495	706.029269405655	2.394590350098
1	1501	706.520711122731	0.512575395688
1	1511	710.431548694184	4.402279288529
1	1517	720.0663541097	13.545642986969
1	1521	720.829577382615	10.398028688431
1	1525	721.976521619937	1.910167510237
1	1531	723.713102294305	2.88352491169
1	1537	724.685663467497	2.70914184756
1	1541	725.074281504864	1.361179210559
1	1545	725.57491683399	0.889253366493
1	1559	736.667691154309	11.593409649445
1	1565	740.596817768	15.02190093401
1	1571	742.664425568497	5.996734414188
1	1577	747.865069357092	7.268251589092
1	1581	748.571305572213	5.906880003716
1	1585	749.486115494321	1.621046137229
1	1589	750.472753433156	1.901447860943
1	1593	750.845768170068	1.359652675747
1	1601	752.197232134269	1.724478701113
1	1613	757.63793079153	6.792162621462
1	1617	758.001112589227	5.803880454958
1	1621	759.822575346506	2.184644554976
1	1627	762.280422300761	4.279309711534
1	1637	766.716186948506	6.893611602
1	1643	767.492265178216	5.211842877455
1	1649	772.777501452053	6.061314503547
1	1655	774.936524039382	7.444258861166
1	1659	775.813905831978	3.036404379925
1	1663	775.932258952958	0.995734913576
1	1673	781.785218175946	5.971312343968
1	1677	782.924044183136	6.991785230178
1	1685	787.308803781142	5.523585605196
1	1691	789.180681256771	6.256637073635
1	1697	795.233783491213	7.924979710071
1	1703	808.388614571309	19.207933314538
1	1709	812.181813586769	16.948030095556
1	1713	816.617753638387	8.229139067078
1	1719	818.637048093016	6.455234506247
1	1723	820.646449126068	4.028695487681
1	1731	826.479383430534	7.842335337518
1	1737	827.723054737339	7.076605611271
1	1743	828.774571641297	2.295188210763
1	1747	828.796550074513	1.073495337174
1	1755	832.560950213612	3.786378572315
1	1759	832.60860620863	3.812056134117
1	1767	835.60788586021	3.046935646598
1	1771	835.664524797969	3.055918589339
1	1775	835.854435818112	0.246549957902
1	1779	835.866725752188	0.202200954219
1	1787	840.59453144971	4.740095631598
1	1793	841.860104492282	5.993378740094
1	1803	845.315964580448	4.721433130738
1	1811	852.227544399388	10.367439907106
1	1817	852.86758497046	7.551620390012
1	1823	854.545084349008	2.31753994962
1	1827	857.694056497553	4.826471527093
1	1831	859.596441986173	5.051357637165
1	1841	866.416227215173	8.72217071762
1	1845	866.655224257033	7.05878227086
1	1851	867.458105175394	1.041877960221
1	1859	872.482761111129	5.827536854096
1	1865	874.831851011686	7.373745836292
1	1871	881.102757194539	8.61999608341
1	1875	881.994915129938	7.163064118252
1	1879	882.23473941964	1.131982225101
1	1885	883.398111931465	1.403196801527
1	1893	885.427412488425	3.192673068785
1	1897	885.681802454222	2.283690522757
1	1907	886.284037207533	0.856624719108
1	1913	890.09241041345	4.410607959228
1	1917	893.232985223504	6.948948015971
1	1923	893.825027036704	3.732616623254
1	1927	894.446824712502	1.213839488998
1	1933	898.427268615863	4.602241579159
1	1943	907.854420907177	13.407596194675
1	1947	912.245610152168	13.818341536305
1	1955	917.745428136664	9.891007229487
1	1959	922.319355496518	10.07374534435
1	1963	923.254450227335	5.509022090671
1	1973	933.587777596774	11.268422100256
1	1979	935.991749019486	12.737298792151
1	1983	936.247214230874	2.6594366341
1	1989	939.599229099771	3.607480080285
1	1995	944.860936074253	8.613721843379
1	2001	949.369235074955	9.770005975184
1	2007	950.330795485838	5.469859411585
1	2011	950.789029030598	1.419793955643
1	2017	951.859464645901	1.528669160063
1	2023	953.101903037851	2.312874007253
1	2031	957.173470988616	5.314006342715
1	2037	957.604834690956	4.502931653105
1	2045	959.337415348416	2.1639443598
1	2051	964.692173563994	7.087338873038
1	2057	966.664198880448	7.326783532032
1	2063	970.079621191807	5.387447627813
1	2069	971.214064113691	4.549865233243
1	2073	971.682680368698	1.603059176891
1	2079	984.577758678472	13.363694564781
1	2087	993.331668327818	21.64898795912
1	2091	995.956513340058	11.378754661586
1	2095	998.801632791935	5.469964464117
2	210	101.925215092473	6
2	214	102.493663168353	7
2	216	103.346990579908	6
2	220	104.529923877616	5
2	224	104.689395425659	6
2	226	105.689207655286	7
2	228	105.789124836562	6
2	232	107.009925277405	5
2	236	107.695205643073	4
2	240	107.830722544885	5
2	242	108.365774450364	4
2	246	108.604646659223	5
2	248	109.342523265371	4
2	252	109.37371657645	5
2	254	110.734606307794	6
2	256	110.866234315685	5
2	260	111.027607186402	6
2	262	111.18354108404	5
2	266	111.789540302914	4
2	270	112.383937659092	5
2	272	113.92824539777	6
2	274	119.846148118637	5
2	278	121.205603720692	6
2	280	123.893358773792	5
2	284	124.733129181364	4
2	288	126.370640382907	5
2	290	126.528034135738	6
2	292	129.875060398029	7
2	294	130.778318476119	6
2	298	132.111040917789	5
2	302	132.548407365862	6
2	304	133.515962798253	5
2	308	133.551277165556	4
2	312	133.723981813606	3
2	316	137.288869396134	4
2	318	138.543266173145	3
2	322	141.164234712539	4
2	324	141.438195136462	5
2	326	141.662082724261	4
2	330	141.940952683534	5
2	332	142.142743662295	4
2	336	145.013395731785	5
2	338	146.446459302866	4
2	342	146.804115488202	5
2	344	146.891456148845	4
2	348	148.674907167236	5
2	350	148.679091587216	6
2	352	150.533025721083	7
2	354	153.925038591712	6
2	358	154.020370121998	7
2	360	154.887950886403	6
2	364	157.787305003738	5
2	368	158.391923817539	6
2	370	160.76716104112	7
2	372	162.672241204841	6
2	376	162.758532356954	5
2	380	163.307296458535	4
2	384	165.395014250082	3
2	388	166.581515834457	4
2	390	167.122404603338	3
2	394	168.718260514025	2
2	398	169.800916890808	3
2	400	170.063969856901	4
2	402	170.164944840441	5
2	404	170.789038201559	6
2	406	173.025943798327	7
2	408	173.91236473816	6
2	412	174.264706934397	5
2	416	174.45272718044	6
2	418	176.005297063875	7
2	420	177.20178699723	6
2	424	178.382339545093	5
2	428	180.134001090945	6
2	430	181.485468434893	7
2	432	182.433954674344	6
2	436	182.440025090868	5
2	440	182.79678352223	4
2	444	182.853546228281	5
2	446	183.042859206796	6
2	448	196.21573197212	5
2	452	197.155149691006	6
2	454	198.845293671089	5
2	458	200.255397537925	4
2	462	200.696901354761	5
2	464	200.792635993624	6
2	466	201.234803657084	5
2	470	205.138482247506	6
2	472	207.463791979374	5
2	476	208.997103968134	6
2	478	210.188238370924	7
2	480	211.546602323784	6
2	484	214.719123172131	7
2	486	215.35089789431	6
2	490	216.575922745512	5
2	494	218.113140013827	6
2	496	219.072109898076	7
2	498	219.893399879079	6
2	502	227.178740816329	7
2	504	229.392482492838	6
2	508	229.558760272917	7
2	510	233.027002495637	6
2	514	234.216850895075	5
2	518	235.077806125758	6
2	520	235.078452043231	7
2	522	237.764459298244	6
2	526	238.289394453276	5
2	530	239.04975876551	6
2	532	239.426502681124	5
2	536	240.770792396238	6
2	538	242.340857918876	7
2	540	242.855993080669	6
2	544	243.136534678162	5
2	548	245.844772953434	6
2	550	247.261943442446	5
2	554	248.43819983904	4
2	558	248.634279634309	5
2	560	248.907362171434	6
2	562	251.039332047783	5
2	566	251.284872837857	6
2	568	251.700469580679	5
2	572	252.391979620801	6
2	574	254.112266787935	7
2	576	257.510169027289	6
2	580	258.527185378635	7
2	582	262.086614186618	6
2	586	263.527841054165	7
2	588	269.016167300542	6
2	592	270.244504371804	5
2	596	270.50142566153	6
2	598	274.425004861003	7
2	600	278.002320012374	6
2	604	278.27283365053	5
2	608	281.134002322409	4
2	612	281.430172055052	3
2	616	282.349328461154	4
2	618	283.160662223882	5
2	620	283.362027851718	6
2	622	284.807799665465	7
2	624	295.65133948618	6
2	628	296.187652669047	5
2	632	296.731749054454	4
2	636	300.057226974211	5
2	638	300.186708255	4
2	642	305.784820623055	5
2	644	306.118921855417	4
2	648	306.890412421403	5
2	650	307.400019713064	6
2	652	307.952871458522	7
2	654	308.22272639562	6
2	658	311.219018149835	7
2	660	311.325134574023	6
2	664	311.77896115693	5
2	668	311.951722086171	6
2	670	313.063402927735	7
2	672	313.319581600641	6
2	676	315.560600081016	5
2	680	316.17370347872	4
2	684	316.860621847101	3
2	688	317.32018225347	4
2	690	317.977013538452	3
2	694	318.022291094412	4
2	696	319.739122238361	5
2	698	319.864382169757	4
2	702	321.544066679553	5
2	704	325.704877739601	6
2	706	325.874439892782	7
2	708	326.166296345417	6
2	712	329.900112461634	7
2	714	332.635367249788	6
2	718	336.945484415987	5
2	722	338.460468226274	6
2	724	342.037106973607	5
2	728	342.878400041566	6
2	730	345.320269525974	5
2	734	345.562883685005	4
2	738	345.856318548514	5
2	740	346.803133600898	6
2	742	347.265388232507	7
2	744	348.732695248424	6
2	748	349.86197596703	7
2	750	354.102996316152	6
2	754	354.165661632594	5
2	758	354.440553264569	4
2	762	355.372652042291	5
2	764	356.796851860947	6
2	766	357.178154862516	7
2	768	357.731248736119	6
2	772	357.905895242357	7
2	774	358.068739242543	6
2	778	359.244730800368	5
2	782	360.3289520851	6
2	784	360.482933592792	5
2	788	361.690772967454	6
2	790	361.907421470225	5
2	794	362.082490527058	6
2	796	365.300991561978	7
2	798	369.779595359767	6
2	802	369.869008141597	7
2	804	376.023734352776	6
2	808	376.428208307184	7
2	810	378.929841401686	6
2	814	379.244593737819	7
2	816	395.029538528872	6
2	820	395.560397168612	7
2	822	395.86340202043	6
2	826	396.354071208949	7
2	828	398.745479090537	6
2	832	399.869081210665	7
2	834	403.874921912395	6
2	838	406.336504435398	7
2	840	410.596829847923	6
2	844	411.880164046818	7
2	846	417.321131811493	6
2	850	418.610783540463	7
2	852	424.127310111081	6
2	856	426.98077626834	7
2	858	428.965777380301	6
2	862	429.147042876177	5
2	866	429.184230331226	6
2	868	429.304049553788	5
2	872	429.645534909759	4
2	876	430.425506142522	5
2	878	430.517207334539	6
2	880	431.877749511432	7
2	882	432.810239984529	6
2	886	435.046505453802	7
2	888	435.335266111329	6
2	892	436.751888423969	5
2	896	437.780818556059	6
2	898	439.462430308501	7
2	900	442.655061948893	6
2	904	443.022976616481	5
2	908	443.258052181568	6
2	910	443.685236073981	5
2	914	445.421279165089	4
2	918	445.445749013829	5
2	920	446.146255384032	6
2	922	446.459663186242	5
2	926	446.751589415117	4
2	930	446.892625359135	5
2	932	446.912774846317	4
2	936	447.156891321053	5
2	938	447.521387697554	6
2	940	448.185170402339	7
2	942	448.190753862095	6
2	946	450.189465787062	7
2	948	459.140891651949	6
2	952	459.32819887305	7
2	954	466.537621361506	6
2	958	466.667656664425	7
2	960	467.91186015282	6
2	964	471.211631173679	7
2	966	471.947364385453	6
2	970	472.165332142637	7
2	972	473.023752043283	6
2	976	473.623756280576	5
2	980	473.99324903263	4
2	984	474.561880669943	3
2	988	475.070729406655	2
2	992	475.470966047416	3
2	994	475.725852712879	4
2	996	476.714837727281	5
2	998	476.8830935578	4
2	1002	477.681679975705	5
2	1004	477.720768595821	6
2	1006	479.163415695211	5
2	1010	479.625127546828	6
2	1012	480.118852946571	7
2	1014	481.818932842712	6
2	1018	482.042384819707	5
2	1022	485.157171345155	4
2	1026	486.059006342605	5
2	1028	486.302661015654	6
2	1030	487.189307043539	7
2	1032	491.919008030603	6
2	1036	498.071621198442	7
2	1038	504.528557367038	6
2	1042	505.36844657505	7
2	1044	512.237570937077	6
2	1048	512.392484946798	7
2	1050	512.493046776801	6
2	1054	514.699719818177	7
2	1056	515.11459253887	6
2	1060	517.062692325844	7
2	1062	517.129278245125	6
2	1066	518.71369491964	5
2	1070	519.979288302693	6
2	1072	522.03713245518	5
2	1076	523.986276429277	6
2	1078	527.670094741492	7
2	1080	530.616323523339	6
2	1084	530.628853378871	5
2	1088	530.873101232601	6
2	1090	530.966108017578	7
2	1092	532.011856897135	6
2	1096	532.912784026229	5
2	1100	535.728440349389	4
2	1104	536.39491909322	3
2	1108	536.613636659206	4
2	1110	536.705459193169	5
2	1112	536.717915695058	4
2	1116	537.090245346288	5
2	1118	538.907302821884	6
2	1120	540.206727343889	5
2	1124	540.26074235647	4
2	1128	540.55668289908	5
2	1130	540.632649547873	6
2	1132	542.587165967894	7
2	1134	548.88924237201	6
2	1138	549.842534987098	5
2	1142	549.926107338742	6
2	1144	550.549413106244	7
2	1146	552.428715138395	6
2	1150	552.824509823276	7
2	1152	556.495204265221	6
2	1156	556.54827385105	7
2	1158	557.779283812076	6
2	1162	559.370376200572	7
2	1164	564.316435099433	6
2	1168	565.085676518798	5
2	1172	565.344578865017	6
2	1174	566.235025649731	7
2	1176	567.186089370766	6
2	1180	567.915392504856	7
2	1182	567.947310339986	6
2	1186	568.628881227129	5
2	1190	569.023065232058	4
2	1194	569.288446467969	5
2	1196	570.787367153386	6
2	1198	572.200080903524	7
2	1200	573.572438515099	6
2	1204	574.789210654431	7
2	1206	576.112727045491	6
2	1210	576.878161469349	7
2	1212	580.329099003964	6
2	1216	581.465365934057	7
2	1218	581.511024805233	6
2	1222	581.991633243449	7
2	1224	587.298207538089	6
2	1228	590.377523855977	7
2	1230	590.41000846872	6
2	1234	592.652423798535	7
2	1236	593.228069264195	6
2	1240	593.869923310586	7
2	1242	595.159795951672	6
2	1246	595.614666456064	5
2	1250	596.11643293054	6
2	1252	597.833500523021	5
2	1256	598.262214152378	4
2	1260	600.021394758888	3
2	1264	600.813787680784	4
2	1266	600.831580286845	3
2	1270	601.53490569462	4
2	1272	603.360941238126	3
2	1276	603.537441336859	4
2	1278	603.580260498695	5
2	1280	604.946391788298	6
2	1282	606.945525341011	7
2	1284	607.788814453824	6
2	1288	609.055380768805	5
2	1292	609.810371544153	6
2	1294	611.041420117922	7
2	1296	611.150939230276	6
2	1300	612.179253736355	5
2	1304	612.470209212694	6
2	1306	613.741088342422	5
2	1310	613.865620445648	6
2	1312	615.596403233528	5
2	1316	620.253825378728	4
2	1320	622.141166258837	5
2	1322	622.479434307279	6
2	1324	624.805843437117	7
2	1326	624.96333915615	6
2	1330	627.367153231265	5
2	1334	628.196582005255	6
2	1336	628.676726573905	5
2	1340	629.325182187036	6
2	1342	630.685520518603	5
2	1346	630.751344020087	6
2	1348	631.948927678216	7
2	1350	633.447968462411	6
2	1354	638.019298575611	7
2	1356	638.356380036125	6
2	1360	638.380994639414	5
2	1364	638.805665780926	6
2	1366	644.125444361936	5
2	1370	647.79456330613	4
2	1374	647.858655664103	5
2	1376	648.081659092582	6
2	1378	649.070884303692	5
2	1382	649.643459444136	6
2	1384	649.826021288162	5
2	1388	650.116622377363	4
2	1392	650.151963198795	5
2	1394	650.756142554428	6
2	1396	651.392000331024	7
2	1398	654.484474727223	6
2	1402	658.041728654291	7
2	1404	663.17650755848	6
2	1408	664.796268799587	7
2	1410	666.628791744129	6
2	1414	666.772636216802	5
2	1418	667.126333581911	6
2	1420	670.852160737067	7
2	1422	670.950465330302	6
2	1426	671.775862139722	5
2	1430	672.186287729028	6
2	1432	672.786550242729	7
2	1434	673.054445917203	6
2	1438	674.57844977105	7
2	1440	681.140197352954	6
2	1444	681.207376814566	5
2	1448	681.8241670371	6
2	1450	683.934095265691	7
2	1452	684.922270645486	6
2	1456	685.118973015532	5
2	1460	686.766404307289	6
2	1462	689.817955695294	5
2	1466	690.485627672562	4
2	1470	693.24390923867	3
2	1474	693.401295144905	4
2	1476	694.256763517858	5
2	1478	694.715048240109	6
2	1480	695.277741233439	7
2	1482	696.778622873769	6
2	1486	699.540717319321	7
2	1488	703.634679055557	6
2	1492	706.008135727043	5
2	1496	706.029269405655	4
2	1500	706.088064812625	5
2	1502	706.520711122731	4
2	1506	707.269182060017	5
2	1508	707.88467668789	6
2	1510	709.012250807781	7
2	1512	710.431548694184	6
2	1516	717.247689056823	7
2	1518	720.0663541097	6
2	1522	720.829577382615	5
2	1526	721.976521619937	4
2	1530	723.692489052928	5
2	1532	723.713102294305	4
2	1536	724.020712485549	5
2	1538	724.685663467497	4
2	1542	725.074281504864	3
2	1546	725.57491683399	2
2	1550	727.125735163949	3
2	1552	727.434767211153	4
2	1554	728.506349676303	5
2	1556	729.440062433079	6
2	1558	729.549225890175	7
2	1560	736.667691154309	6
2	1564	737.940307672479	7
2	1566	740.596817768	6
2	1570	741.386488940311	7
2	1572	742.664425568497	6
2	1576	743.337583733322	7
2	1578	747.865069357092	6
2	1582	748.571305572213	5
2	1586	749.486115494321	4
2	1590	750.472753433156	3
2	1594	750.845768170068	2
2	1598	751.152107261314	3
2	1600	751.834287092207	4
2	1602	752.197232134269	3
2	1606	752.518722830884	4
2	1608	753.113202426959	5
2	1610	753.288465955648	6
2	1612	753.675385451292	7
2	1614	757.63793079153	6
2	1618	758.001112589227	5
2	1622	759.822575346506	4
2	1626	760.64261174637	5
2	1628	762.280422300761	4
2	1632	762.82931994951	5
2	1634	762.890233977779	6
2	1636	763.709970171079	7
2	1638	766.716186948506	6
2	1642	766.734486198746	7
2	1644	767.492265178216	6
2	1648	768.308015453538	7
2	1650	772.777501452053	6
2	1654	773.336763927736	7
2	1656	774.936524039382	6
2	1660	775.813905831978	5
2	1664	775.932258952958	4
2	1668	777.406682856003	5
2	1670	779.125007720501	6
2	1672	781.503389546142	7
2	1674	781.785218175946	6
2	1678	782.924044183136	5
2	1682	782.956630034863	6
2	1684	783.02311958757	7
2	1686	787.308803781142	6
2	1690	788.263233558225	7
2	1692	789.180681256771	6
2	1696	794.286910579766	7
2	1698	795.233783491213	6
2	1702	795.732770944996	7
2	1704	808.388614571309	6
2	1708	812.172191241699	7
2	1710	812.181813586769	6
2	1714	816.617753638387	5
2	1718	816.979364822752	6
2	1720	818.637048093016	5
2	1724	820.646449126068	4
2	1728	820.747363326281	5
2	1730	823.41399930953	6
2	1732	826.479383430534	5
2	1736	827.668164404089	6
2	1738	827.723054737339	5
2	1742	827.846982883532	6
2	1744	828.774571641297	5
2	1748	828.796550074513	4
2	1752	829.108027371682	5
2	1754	829.419639889299	6
2	1756	832.560950213612	5
2	1760	832.60860620863	4
2	1764	833.481552089823	5
2	1766	834.25957323966	6
2	1768	835.60788586021	5
2	1772	835.664524797969	4
2	1776	835.854435818112	3
2	1780	835.866725752188	2
2	1784	837.082356469668	3
2	1786	837.567828710218	4
2	1788	840.59453144971	3
2	1792	841.219613008855	4
2	1794	841.860104492282	3
2	1798	841.932792223855	4
2	1800	842.192150665138	5
2	1802	843.573542069411	6
2	1804	845.315964580448	5
2	1808	845.702007581728	6
2	1810	846.604647159032	7
2	1812	852.227544399388	6
2	1816	852.298123059933	7
2	1818	852.86758497046	6
2	1822	853.187599650996	7
2	1824	854.545084349008	6
2	1828	857.694056497553	5
2	1832	859.596441986173	4
2	1836	859.961303860638	5
2	1838	861.039553074752	6
2	1840	862.946641804503	7
2	1842	866.416227215173	6
2	1846	866.655224257033	5
2	1850	866.796923186288	6
2	1852	867.458105175394	5
2	1856	869.189114560083	6
2	1858	871.009304775062	7
2	1860	872.482761111129	6
2	1864	873.490455559004	7
2	1866	874.831851011686	6
2	1870	879.607837204741	7
2	1872	881.102757194539	6
2	1876	881.994915129938	5
2	1880	882.23473941964	4
2	1884	883.061056311507	5
2	1886	883.398111931465	4
2	1890	883.747566255886	5
2	1892	883.841409749978	6
2	1894	885.427412488425	5
2	1898	885.681802454222	4
2	1902	885.69749654756	5
2	1904	885.986315047854	6
2	1906	886.107050287925	7
2	1908	886.284037207533	6
2	1912	887.066264076104	7
2	1914	890.09241041345	6
2	1918	893.232985223504	5
2	1922	893.645038687996	6
2	1924	893.825027036704	5
2	1928	894.446824712502	4
2	1932	894.672097895233	5
2	1934	898.427268615863	4
2	1938	898.778364693734	5
2	1940	900.349992696281	6
2	1942	900.478850388635	7
2	1944	907.854420907177	6
2	1948	912.245610152168	5
2	1952	912.766441418887	6
2	1954	913.636719635752	7
2	1956	917.745428136664	6
2	1960	922.319355496518	5
2	1964	923.254450227335	4
2	1968	925.278365760376	5
2	1970	925.700783750244	6
2	1972	929.144247421792	7
2	1974	933.587777596774	6
2	1978	934.0206243304	7
2	1980	935.991749019486	6
2	1984	936.247214230874	5
2	1988	939.050206636501	6
2	1990	939.599229099771	5
2	1994	941.11055521455	6
2	1996	944.860936074253	5
2	2000	944.920523587798	6
2	2002	949.369235074955	5
2	2006	950.189523524971	6
2	2008	950.330795485838	5
2	2012	950.789029030598	4
2	2016	950.846395460872	5
2	2018	951.859464645901	4
2	2022	952.641269659222	5
2	2024	953.101903037851	4
2	2028	953.868152779154	5
2	2030	955.222958667847	6
2	2032	957.173470988616	5
2	2036	957.193170007759	6
2	2038	957.604834690956	5
2	2042	957.920471085217	6
2	2044	958.765198712716	7
2	2046	959.337415348416	6
2	2050	960.990673565182	7
2	2052	964.692173563994	6
2	2056	964.922229216528	7
2	2058	966.664198880448	6
2	2062	967.440554216256	7
2	2064	970.079621191807	6
2	2068	971.010197329257	7
2	2070	971.214064113691	6
2	2074	971.682680368698	5
2	2078	972.07005646388	6
2	2080	984.577758678472	5
2	2084	985.841310220457	6
2	2086	988.555748599043	7
2	2088	993.331668327818	6
2	2092	995.956513340058	5
2	2096	998.801632791935	4
3	210	101.925215092473	27.471044344003
3	216	103.346990579908	21.557531849339
3	220	104.529923877616	22.067538934776
3	228	105.789124836562	16.159192589029
3	232	107.009925277405	13.527215620657
3	236	107.695205643073	11.213020952815
3	242	108.365774450364	10.998703531561
3	248	109.342523265371	6.848860097018
3	256	110.866234315685	6.176838890026
3	262	111.18354108404	5.494333428754
3	266	111.789540302914	3.958817758029
3	274	119.846148118637	11.241501459414
3	280	123.893358773792	14.519642197342
3	284	124.733129181364	13.99852287357
3	294	130.778318476119	19.750711289717
3	298	132.111040917789	19.727103258697
3	304	133.515962798253	19.587717400483
3	308	133.551277165556	12.345673444864
3	312	133.723981813606	7.353341430699
3	318	138.543266173145	12.015232037407
3	326	141.662082724261	11.787022326232
3	332	142.142743662295	9.594336296433
3	338	146.446459302866	9.157589906732
3	344	146.891456148845	5.727221436306
3	354	153.925038591712	12.48684345525
3	360	154.887950886403	12.946998202869
3	364	157.787305003738	12.773909271953
3	372	162.672241204841	15.868125716639
3	376	162.758532356954	14.083625189718
3	380	163.307296458535	14.628204871319
3	384	165.395014250082	14.861988528999
3	390	167.122404603338	13.10203448134
3	394	168.718260514025	10.326336696486
3	408	173.91236473816	13.14520369704
3	412	174.264706934397	7.68319109994
3	420	177.20178699723	7.400870106422
3	424	178.382339545093	8.318369688192
3	432	182.433954674344	12.269009833903
3	436	182.440025090868	11.650986889309
3	440	182.79678352223	9.770839723903
3	448	196.21573197212	21.76300479168
3	454	198.845293671089	22.839996607214
3	458	200.255397537925	20.12139644698
3	466	201.234803657084	19.749335222191
3	472	207.463791979374	24.610245751093
3	480	211.546602323784	28.503743116988
3	486	215.35089789431	18.195748203304
3	490	216.575922745512	15.879021390751
3	498	219.893399879079	19.100763885455
3	504	229.392482492838	24.254000245332
3	510	233.027002495637	24.029898527503
3	514	234.216850895075	24.028612524151
3	522	237.764459298244	23.045336126113
3	526	238.289394453276	20.176254439449
3	532	239.426502681124	20.354392783048
3	540	242.855993080669	15.67725226434
3	544	243.136534678162	13.577774405245
3	550	247.261943442446	12.184137316688
3	554	248.43819983904	13.359747795809
3	562	251.039332047783	11.989573282273
3	568	251.700469580679	10.929677184441
3	576	257.510169027289	15.169311108413
3	582	262.086614186618	16.241841233184
3	588	269.016167300542	20.381887666233
3	592	270.244504371804	21.33714220037
3	600	278.002320012374	26.717447174517
3	604	278.27283365053	25.880854029729
3	608	281.134002322409	27.021735534474
3	612	281.430172055052	22.902986676417
3	624	295.65133948618	32.123498432015
3	628	296.187652669047	25.686227007517
3	632	296.731749054454	22.306744193451
3	638	300.186708255	17.837379793846
3	644	306.118921855417	22.958259631535
3	654	308.22272639562	24.860698543902
3	660	311.325134574023	26.517334908558
3	664	311.77896115693	11.721734182719
3	672	313.319581600641	7.534760977586
3	676	315.560600081016	8.670187659613
3	680	316.17370347872	8.773683765656
3	684	316.860621847101	8.907750388579
3	690	317.977013538452	6.757995388617
3	698	319.864382169757	7.912660083586
3	708	326.166296345417	13.102893417682
3	714	332.635367249788	15.315184996318
3	718	336.945484415987	18.923193321575
3	724	342.037106973607	22.297984735246
3	730	345.320269525974	23.776202846421
3	734	345.562883685005	19.858005945404
3	744	348.732695248424	22.858255355642
3	750	354.102996316152	24.202883854518
3	754	354.165661632594	15.70519340632
3	758	354.440553264569	11.562153223003
3	768	357.731248736119	11.874930187605
3	774	358.068739242543	11.265605641645
3	778	359.244730800368	11.979342567861
3	784	360.482933592792	10.620957625762
3	790	361.907421470225	6.534769427934
3	798	369.779595359767	12.98274349882
3	804	376.023734352776	18.84557949026
3	810	378.929841401686	21.023946159329
3	816	395.029538528872	34.700586443772
3	822	395.86340202043	34.172629052976
3	828	398.745479090537	36.662988563479
3	834	403.874921912395	38.573930350417
3	840	410.596829847923	40.727821706326
3	846	417.321131811493	40.892923504309
3	852	424.127310111081	44.882716373262
3	858	428.965777380301	33.405380211689
3	862	429.147042876177	32.792971667228
3	868	429.304049553788	29.434968343123
3	872	429.645534909759	23.309030474361
3	882	432.810239984529	20.930075937711
3	888	435.335266111329	16.724482570866
3	892	436.751888423969	9.771112155629
3	900	442.655061948893	13.470831617667
3	904	443.022976616481	12.597470473959
3	910	443.685236073981	13.168028739442
3	914	445.421279165089	13.543529653657
3	922	446.459663186242	11.41315773244
3	926	446.751589415117	8.970770859058
3	932	446.912774846317	7.450344537816
3	942	448.190753862095	4.932701680527
3	948	459.140891651949	13.69514263812
3	954	466.537621361506	20.391365977474
3	960	467.91186015282	21.019234793685
3	966	471.947364385453	24.7904730644
3	972	473.023752043283	25.502364345729
3	976	473.623756280576	25.438585878237
3	980	473.99324903263	23.803783245568
3	984	474.561880669943	15.233681796893
3	988	475.070729406655	8.40307274223
3	998	476.8830935578	5.671462384121
3	1006	479.163415695211	6.998083552574
3	1014	481.818932842712	6.347966795296
3	1018	482.042384819707	6.316532106828
3	1022	485.157171345155	8.442333617874
3	1032	491.919008030603	14.237328054898
3	1038	504.528557367038	26.807788771217
3	1044	512.237570937077	32.612443390249
3	1050	512.493046776801	32.37419383023
3	1056	515.11459253887	29.055586196265
3	1062	517.129278245125	30.826617229471
3	1066	518.71369491964	31.524387876101
3	1072	522.03713245518	23.965511256738
3	1080	530.616323523339	25.247876948289
3	1084	530.628853378871	18.236368432073
3	1092	532.011856897135	17.312137078958
3	1096	532.912784026229	15.850091700385
3	1100	535.728440349389	15.749152046696
3	1104	536.39491909322	12.408642663943
3	1112	536.717915695058	9.047820953566
3	1120	540.206727343889	9.333626111288
3	1124	540.26074235647	9.294634338892
3	1134	548.88924237201	12.275605712804
3	1138	549.842534987098	13.137075793929
3	1146	552.428715138395	15.338469792107
3	1152	556.495204265221	17.587901443337
3	1158	557.779283812076	17.222600912996
3	1164	564.316435099433	23.68378555156
3	1168	565.085676518798	22.498510550904
3	1176	567.186089370766	17.259982032024
3	1182	567.947310339986	17.397897233742
3	1186	568.628881227129	15.804371403853
3	1190	569.023065232058	12.474791381008
3	1200	573.572438515099	14.202062314527
3	1206	576.112727045491	10.768148180474
3	1212	580.329099003964	14.094073354233
3	1218	581.511024805233	13.595632300377
3	1224	587.298207538089	18.00976107012
3	1230	590.41000846872	19.622641315334
3	1236	593.228069264195	21.027988360671
3	1242	595.159795951672	20.370585297241
3	1246	595.614666456064	18.736504986715
3	1252	597.833500523021	16.368134588964
3	1256	598.262214152378	16.270580908929
3	1260	600.021394758888	9.643870902911
3	1266	600.831580286845	8.17915648831
3	1272	603.360941238126	9.49101792754
3	1284	607.788814453824	11.672381523284
3	1288	609.055380768805	8.241593088021
3	1296	611.150939230276	9.616033535656
3	1300	612.179253736355	8.641812399496
3	1306	613.741088342422	10.160827843727
3	1312	615.596403233528	10.65001144523
3	1316	620.253825378728	13.308300037717
3	1326	624.96333915615	15.152967611997
3	1330	627.367153231265	16.325733113343
3	1336	628.676726573905	16.206517361211
3	1342	630.685520518603	16.819900072955
3	1350	633.447968462411	11.306802203574
3	1356	638.356380036125	15.876945728846
3	1360	638.380994639414	13.575151202297
3	1366	644.125444361936	15.928862356681
3	1370	647.79456330613	18.469381119094
3	1378	649.070884303692	18.319540283605
3	1384	649.826021288162	17.877093609946
3	1388	650.116622377363	12.097323801752
3	1398	654.484474727223	15.678808946297
3	1404	663.17650755848	15.317851894377
3	1410	666.628791744129	18.547132651547
3	1414	666.772636216802	17.129176772666
3	1422	670.950465330302	20.798502131507
3	1426	671.775862139722	21.019719585294
3	1434	673.054445917203	21.662445586179
3	1440	681.140197352954	23.098468698663
3	1444	681.207376814566	16.411108014979
3	1452	684.922270645486	17.795937063575
3	1456	685.118973015532	14.266812278465
3	1462	689.817955695294	17.631667966266
3	1466	690.485627672562	17.699077429833
3	1470	693.24390923867	18.66545946762
3	1482	696.778622873769	14.954455836669
3	1488	703.634679055557	19.700583789866
3	1492	706.008135727043	19.241731419754
3	1496	706.029269405655	12.62797426075
3	1502	706.520711122731	12.263947604873
3	1512	710.431548694184	15.716500454075
3	1518	720.0663541097	24.788612876261
3	1522	720.829577382615	21.288860063294
3	1526	721.976521619937	15.888456807312
3	1532	723.713102294305	16.443920234288
3	1538	724.685663467497	16.800986779607
3	1542	725.074281504864	16.062030697083
3	1546	725.57491683399	8.327227777167
3	1560	736.667691154309	12.975202101381
3	1566	740.596817768	16.576105282451
3	1572	742.664425568497	15.538690404548
3	1578	747.865069357092	20.430302145939
3	1582	748.571305572213	20.06495589591
3	1586	749.486115494321	20.046053061242
3	1590	750.472753433156	20.923527542981
3	1594	750.845768170068	12.905460497589
3	1602	752.197232134269	10.810743193958
3	1614	757.63793079153	14.300347058208
3	1618	758.001112589227	6.849005327913
3	1622	759.822575346506	7.988288254299
3	1628	762.280422300761	9.761699469877
3	1638	766.716186948506	13.602984521547
3	1644	767.492265178216	14.203799222568
3	1650	772.777501452053	19.102116000761
3	1656	774.936524039382	14.293912293012
3	1660	775.813905831978	12.984585882468
3	1664	775.932258952958	13.042024975179
3	1674	781.785218175946	18.075248004867
3	1678	782.924044183136	16.18955798439
3	1686	787.308803781142	19.000788327604
3	1692	789.180681256771	15.843917329035
3	1698	795.233783491213	17.82710063521
3	1704	808.388614571309	29.263606850808
3	1710	812.181813586769	30.678424040627
3	1714	816.617753638387	33.661123603524
3	1720	818.637048093016	35.613928505446
3	1724	820.646449126068	32.383215567843
3	1732	826.479383430534	32.192472850768
3	1738	827.723054737339	31.990283792343
3	1744	828.774571641297	16.602380399598
3	1748	828.796550074513	11.817185251761
3	1756	832.560950213612	11.813586887331
3	1760	832.60860620863	9.1946068991
3	1768	835.60788586021	7.939721456121
3	1772	835.664524797969	7.817541914437
3	1776	835.854435818112	6.74640844643
3	1780	835.866725752188	6.447085862889
3	1788	840.59453144971	7.112979359887
3	1794	841.860104492282	7.600531252622
3	1804	845.315964580448	8.23360811078
3	1812	852.227544399388	14.65971568917
3	1818	852.86758497046	11.647971961605
3	1824	854.545084349008	12.612292125153
3	1828	857.694056497553	15.501905832415
3	1832	859.596441986173	16.022899916762
3	1842	866.416227215173	20.714219633445
3	1846	866.655224257033	20.050577098001
3	1852	867.458105175394	15.159982115461
3	1860	872.482761111129	19.295161460133
3	1866	874.831851011686	14.870547151048
3	1872	881.102757194539	20.063204119787
3	1876	881.994915129938	19.048273325435
3	1880	882.23473941964	15.437816233352
3	1886	883.398111931465	14.208997371382
3	1894	885.427412488425	14.418107713363
3	1898	885.681802454222	12.191346895218
3	1908	886.284037207533	6.676200002792
3	1914	890.09241041345	7.031354101943
3	1918	893.232985223504	9.485418967618
3	1924	893.825027036704	9.983617286726
3	1928	894.446824712502	8.749328164942
3	1934	898.427268615863	12.440953568009
3	1944	907.854420907177	21.747370619252
3	1948	912.245610152168	25.179346076064
3	1956	917.745428136664	24.100389448668
3	1960	922.319355496518	27.647257601285
3	1964	923.254450227335	24.476085533601
3	1974	933.587777596774	33.237784900493
3	1980	935.991749019486	35.512898630851
3	1984	936.247214230874	23.480772811987
3	1990	939.599229099771	25.962509464019
3	1996	944.860936074253	19.582570313877
3	2002	949.369235074955	23.668451324711
3	2008	950.330795485838	21.186548064046
3	2012	950.789029030598	16.768404700198
3	2018	951.859464645901	12.8092580094
3	2024	953.101903037851	11.991347823301
3	2032	957.173470988616	12.252947400818
3	2038	957.604834690956	7.415311165985
3	2046	959.337415348416	8.491019887544
3	2052	964.692173563994	12.050903904772
3	2058	966.664198880448	12.796046101294
3	2064	970.079621191807	14.85666252396
3	2070	971.214064113691	14.020894105932
3	2074	971.682680368698	13.762209283481
3	2080	984.577758678472	25.812559965756
3	2088	993.331668327818	32.340994762636
3	2092	995.956513340058	31.03428412353
3	2096	998.801632791935	31.361078575679
4	210	101.925215092473	0
4	216	103.346990579908	0
4	220	104.529923877616	0
4	228	105.789124836562	0
4	232	107.009925277405	0
4	236	107.695205643073	0
4	242	108.365774450364	0
4	248	109.342523265371	0
4	256	110.866234315685	0
4	262	111.18354108404	0
4	266	111.789540302914	0
4	274	119.846148118637	0
4	280	123.893358773792	0
4	284	124.733129181364	0
4	294	130.778318476119	0
4	298	132.111040917789	0
4	304	133.515962798253	0
4	308	133.551277165556	0
4	312	133.723981813606	0
4	318	138.543266173145	0
4	326	141.662082724261	0
4	332	142.142743662295	0
4	338	146.446459302866	0
4	344	146.891456148845	0
4	354	153.925038591712	0
4	360	154.887950886403	0
4	364	157.787305003738	0
4	372	162.672241204841	0
4	376	162.758532356954	0
4	380	163.307296458535	0
4	384	165.395014250082	0
4	390	167.122404603338	0
4	394	168.718260514025	0
4	408	173.91236473816	0
4	412	174.264706934397	0
4	420	177.20178699723	0
4	424	178.382339545093	0
4	432	182.433954674344	0
4	436	182.440025090868	0
4	440	182.79678352223	0
4	448	196.21573197212	0
4	454	198.845293671089	0
4	458	200.255397537925	0
4	466	201.234803657084	0
4	472	207.463791979374	0
4	480	211.546602323784	0
4	486	215.35089789431	0
4	490	216.575922745512	0
4	498	219.893399879079	0
4	504	229.392482492838	0
4	510	233.027002495637	0
4	514	234.216850895075	0
4	522	237.764459298244	0
4	526	238.289394453276	0
4	532	239.426502681124	0
4	540	242.855993080669	0
4	544	243.136534678162	0
4	550	247.261943442446	0
4	554	248.43819983904	0
4	562	251.039332047783	0
4	568	251.700469580679	0
4	576	257.510169027289	0
4	582	262.086614186618	0
4	588	269.016167300542	0
4	592	270.244504371804	0
4	600	278.002320012374	0
4	604	278.27283365053	0
4	608	281.134002322409	0
4	612	281.430172055052	0
4	624	295.65133948618	0
4	628	296.187652669047	0
4	632	296.731749054454	0
4	638	300.186708255	0
4	644	306.118921855417	0
4	654	308.22272639562	0
4	660	311.325134574023	0
4	664	311.77896115693	0
4	672	313.319581600641	0
4	676	315.560600081016	0
4	680	316.17370347872	0
4	684	316.860621847101	0
4	690	317.977013538452	0
4	698	319.864382169757	0
4	708	326.166296345417	0
4	714	332.635367249788	0
4	718	336.945484415987	0
4	724	342.037106973607	0
4	730	345.320269525974	0
4	734	345.562883685005	0
4	744	348.732695248424	0
4	750	354.102996316152	0
4	754	354.165661632594	0
4	758	354.440553264569	0
4	768	357.731248736119	0
4	774	358.068739242543	0
4	778	359.244730800368	0
4	784	360.482933592792	0
4	790	361.907421470225	0
4	798	369.779595359767	0
4	804	376.023734352776	0
4	810	378.929841401686	0
4	816	395.029538528872	0
4	822	395.86340202043	0
4	828	398.745479090537	0
4	834	403.874921912395	0
4	840	410.596829847923	0
4	846	417.321131811493	0
4	852	424.127310111081	0
4	858	428.965777380301	0
4	862	429.147042876177	0
4	868	429.304049553788	0
4	872	429.645534909759	0
4	882	432.810239984529	0
4	888	435.335266111329	0
4	892	436.751888423969	0
4	900	442.655061948893	0
4	904	443.022976616481	0
4	910	443.685236073981	0
4	914	445.421279165089	0
4	922	446.459663186242	0
4	926	446.751589415117	0
4	932	446.912774846317	0
4	942	448.190753862095	0
4	948	459.140891651949	0
4	954	466.537621361506	0
4	960	467.91186015282	0
4	966	471.947364385453	0
4	972	473.023752043283	0
4	976	473.623756280576	0
4	980	473.99324903263	0
4	984	474.561880669943	0
4	988	475.070729406655	0
4	998	476.8830935578	0
4	1006	479.163415695211	0
4	1014	481.818932842712	0
4	1018	482.042384819707	0
4	1022	485.157171345155	0
4	1032	491.919008030603	0
4	1038	504.528557367038	0
4	1044	512.237570937077	0
4	1050	512.493046776801	0
4	1056	515.11459253887	0
4	1062	517.129278245125	0
4	1066	518.71369491964	0
4	1072	522.03713245518	0
4	1080	530.616323523339	0
4	1084	530.628853378871	0
4	1092	532.011856897135	0
4	1096	532.912784026229	0
4	1100	535.728440349389	0
4	1104	536.39491909322	0
4	1112	536.717915695058	0
4	1120	540.206727343889	0
4	1124	540.26074235647	0
4	1134	548.88924237201	0
4	1138	549.842534987098	0
4	1146	552.428715138395	0
4	1152	556.495204265221	0
4	1158	557.779283812076	0
4	1164	564.316435099433	0
4	1168	565.085676518798	0
4	1176	567.186089370766	0
4	1182	567.947310339986	0
4	1186	568.628881227129	0
4	1190	569.023065232058	0
4	1200	573.572438515099	0
4	1206	576.112727045491	0
4	1212	580.329099003964	0
4	1218	581.511024805233	0
4	1224	587.298207538089	0
4	1230	590.41000846872	0
4	1236	593.228069264195	0
4	1242	595.159795951672	0
4	1246	595.614666456064	0
4	1252	597.833500523021	0
4	1256	598.262214152378	0
4	1260	600.021394758888	0
4	1266	600.831580286845	0
4	1272	603.360941238126	0
4	1284	607.788814453824	0
4	1288	609.055380768805	0
4	1296	611.150939230276	0
4	1300	612.179253736355	0
4	1306	613.741088342422	0
4	1312	615.596403233528	0
4	1316	620.253825378728	0
4	1326	624.96333915615	0
4	1330	627.367153231265	0
4	1336	628.676726573905	0
4	1342	630.685520518603	0
4	1350	633.447968462411	0
4	1356	638.356380036125	0
4	1360	638.380994639414	0
4	1366	644.125444361936	0
4	1370	647.79456330613	0
4	1378	649.070884303692	0
4	1384	649.826021288162	0
4	1388	650.116622377363	0
4	1398	654.484474727223	0
4	1404	663.17650755848	0
4	1410	666.628791744129	0
4	1414	666.772636216802	0
4	1422	670.950465330302	0
4	1426	671.775862139722	0
4	1434	673.054445917203	0
4	1440	681.140197352954	0
4	1444	681.207376814566	0
4	1452	684.922270645486	0
4	1456	685.118973015532	0
4	1462	689.817955695294	0
4	1466	690.485627672562	0
4	1470	693.24390923867	0
4	1482	696.778622873769	0
4	1488	703.634679055557	0
4	1492	706.008135727043	0
4	1496	706.029269405655	0
4	1502	706.520711122731	0
4	1512	710.431548694184	0
4	1518	720.0663541097	0
4	1522	720.829577382615	0
4	1526	721.976521619937	0
4	1532	723.713102294305	0
4	1538	724.685663467497	0
4	1542	725.074281504864	0
4	1546	725.57491683399	0
4	1560	736.667691154309	0
4	1566	740.596817768	0
4	1572	742.664425568497	0
4	1578	747.865069357092	0
4	1582	748.571305572213	0
4	1586	749.486115494321	0
4	1590	750.472753433156	0
4	1594	750.845768170068	0
4	1602	752.197232134269	0
4	1614	757.63793079153	0
4	1618	758.001112589227	0
4	1622	759.822575346506	0
4	1628	762.280422300761	0
4	1638	766.716186948506	0
4	1644	767.492265178216	0
4	1650	772.777501452053	0
4	1656	774.936524039382	0
4	1660	775.813905831978	0
4	1664	775.932258952958	0
4	1674	781.785218175946	0
4	1678	782.924044183136	0
4	1686	787.308803781142	0
4	1692	789.180681256771	0
4	1698	795.233783491213	0
4	1704	808.388614571309	0
4	1710	812.181813586769	0
4	1714	816.617753638387	0
4	1720	818.637048093016	0
4	1724	820.646449126068	0
4	1732	826.479383430534	0
4	1738	827.723054737339	0
4	1744	828.774571641297	0
4	1748	828.796550074513	0
4	1756	832.560950213612	0
4	1760	832.60860620863	0
4	1768	835.60788586021	0
4	1772	835.664524797969	0
4	1776	835.854435818112	0
4	1780	835.866725752188	0
4	1788	840.59453144971	0
4	1794	841.860104492282	0
4	1804	845.315964580448	0
4	1812	852.227544399388	0
4	1818	852.86758497046	0
4	1824	854.545084349008	0
4	1828	857.694056497553	0
4	1832	859.596441986173	0
4	1842	866.416227215173	0
4	1846	866.655224257033	0
4	1852	867.458105175394	0
4	1860	872.482761111129	0
4	1866	874.831851011686	0
4	1872	881.102757194539	0
4	1876	881.994915129938	0
4	1880	882.23473941964	0
4	1886	883.398111931465	0
4	1894	885.427412488425	0
4	1898	885.681802454222	0
4	1908	886.284037207533	0
4	1914	890.09241041345	0
4	1918	893.232985223504	0
4	1924	893.825027036704	0
4	1928	894.446824712502	0
4	1934	898.427268615863	0
4	1944	907.854420907177	0
4	1948	912.245610152168	0
4	1956	917.745428136664	0
4	1960	922.319355496518	0
4	1964	923.254450227335	0
4	1974	933.587777596774	0
4	1980	935.991749019486	0
4	1984	936.247214230874	0
4	1990	939.599229099771	0
4	1996	944.860936074253	0
4	2002	949.369235074955	0
4	2008	950.330795485838	0
4	2012	950.789029030598	0
4	2018	951.859464645901	0
4	2024	953.101903037851	0
4	2032	957.173470988616	0
4	2038	957.604834690956	0
4	2046	959.337415348416	0
4	2052	964.692173563994	0
4	2058	966.664198880448	0
4	2064	970.079621191807	0
4	2070	971.214064113691	0
4	2074	971.682680368698	0
4	2080	984.577758678472	0
4	2088	993.331668327818	0
4	2092	995.956513340058	0
4	2096	998.801632791935	0
5	212	101.925215092473	1
5	213	102.493663168353	0
5	218	103.346990579908	1
5	222	104.529923877616	2
5	223	104.689395425659	1
5	225	105.689207655286	0
5	230	105.789124836562	1
5	234	107.009925277405	2
5	238	107.695205643073	3
5	239	107.830722544885	2
5	244	108.365774450364	3
5	245	108.604646659223	2
5	250	109.342523265371	3
5	251	109.37371657645	2
5	253	110.734606307794	1
5	258	110.866234315685	2
5	259	111.027607186402	1
5	264	111.18354108404	2
5	268	111.789540302914	3
5	269	112.383937659092	2
5	271	113.92824539777	1
5	276	119.846148118637	2
5	277	121.205603720692	1
5	282	123.893358773792	2
5	286	124.733129181364	3
5	287	126.370640382907	2
5	289	126.528034135738	1
5	291	129.875060398029	0
5	296	130.778318476119	1
5	300	132.111040917789	2
5	301	132.548407365862	1
5	306	133.515962798253	2
5	310	133.551277165556	3
5	314	133.723981813606	4
5	315	137.288869396134	3
5	320	138.543266173145	4
5	321	141.164234712539	3
5	323	141.438195136462	2
5	328	141.662082724261	3
5	329	141.940952683534	2
5	334	142.142743662295	3
5	335	145.013395731785	2
5	340	146.446459302866	3
5	341	146.804115488202	2
5	346	146.891456148845	3
5	347	148.674907167236	2
5	349	148.679091587216	1
5	351	150.533025721083	0
5	356	153.925038591712	1
5	357	154.020370121998	0
5	362	154.887950886403	1
5	366	157.787305003738	2
5	367	158.391923817539	1
5	369	160.76716104112	0
5	374	162.672241204841	1
5	378	162.758532356954	2
5	382	163.307296458535	3
5	386	165.395014250082	4
5	387	166.581515834457	3
5	392	167.122404603338	4
5	396	168.718260514025	5
5	397	169.800916890808	4
5	399	170.063969856901	3
5	401	170.164944840441	2
5	403	170.789038201559	1
5	405	173.025943798327	0
5	410	173.91236473816	1
5	414	174.264706934397	2
5	415	174.45272718044	1
5	417	176.005297063875	0
5	422	177.20178699723	1
5	426	178.382339545093	2
5	427	180.134001090945	1
5	429	181.485468434893	0
5	434	182.433954674344	1
5	438	182.440025090868	2
5	442	182.79678352223	3
5	443	182.853546228281	2
5	445	183.042859206796	1
5	450	196.21573197212	2
5	451	197.155149691006	1
5	456	198.845293671089	2
5	460	200.255397537925	3
5	461	200.696901354761	2
5	463	200.792635993624	1
5	468	201.234803657084	2
5	469	205.138482247506	1
5	474	207.463791979374	2
5	475	208.997103968134	1
5	477	210.188238370924	0
5	482	211.546602323784	1
5	483	214.719123172131	0
5	488	215.35089789431	1
5	492	216.575922745512	2
5	493	218.113140013827	1
5	495	219.072109898076	0
5	500	219.893399879079	1
5	501	227.178740816329	0
5	506	229.392482492838	1
5	507	229.558760272917	0
5	512	233.027002495637	1
5	516	234.216850895075	2
5	517	235.077806125758	1
5	519	235.078452043231	0
5	524	237.764459298244	1
5	528	238.289394453276	2
5	529	239.04975876551	1
5	534	239.426502681124	2
5	535	240.770792396238	1
5	537	242.340857918876	0
5	542	242.855993080669	1
5	546	243.136534678162	2
5	547	245.844772953434	1
5	552	247.261943442446	2
5	556	248.43819983904	3
5	557	248.634279634309	2
5	559	248.907362171434	1
5	564	251.039332047783	2
5	565	251.284872837857	1
5	570	251.700469580679	2
5	571	252.391979620801	1
5	573	254.112266787935	0
5	578	257.510169027289	1
5	579	258.527185378635	0
5	584	262.086614186618	1
5	585	263.527841054165	0
5	590	269.016167300542	1
5	594	270.244504371804	2
5	595	270.50142566153	1
5	597	274.425004861003	0
5	602	278.002320012374	1
5	606	278.27283365053	2
5	610	281.134002322409	3
5	614	281.430172055052	4
5	615	282.349328461154	3
5	617	283.160662223882	2
5	619	283.362027851718	1
5	621	284.807799665465	0
5	626	295.65133948618	1
5	630	296.187652669047	2
5	634	296.731749054454	3
5	635	300.057226974211	2
5	640	300.186708255	3
5	641	305.784820623055	2
5	646	306.118921855417	3
5	647	306.890412421403	2
5	649	307.400019713064	1
5	651	307.952871458522	0
5	656	308.22272639562	1
5	657	311.219018149835	0
5	662	311.325134574023	1
5	666	311.77896115693	2
5	667	311.951722086171	1
5	669	313.063402927735	0
5	674	313.319581600641	1
5	678	315.560600081016	2
5	682	316.17370347872	3
5	686	316.860621847101	4
5	687	317.32018225347	3
5	692	317.977013538452	4
5	693	318.022291094412	3
5	695	319.739122238361	2
5	700	319.864382169757	3
5	701	321.544066679553	2
5	703	325.704877739601	1
5	705	325.874439892782	0
5	710	326.166296345417	1
5	711	329.900112461634	0
5	716	332.635367249788	1
5	720	336.945484415987	2
5	721	338.460468226274	1
5	726	342.037106973607	2
5	727	342.878400041566	1
5	732	345.320269525974	2
5	736	345.562883685005	3
5	737	345.856318548514	2
5	739	346.803133600898	1
5	741	347.265388232507	0
5	746	348.732695248424	1
5	747	349.86197596703	0
5	752	354.102996316152	1
5	756	354.165661632594	2
5	760	354.440553264569	3
5	761	355.372652042291	2
5	763	356.796851860947	1
5	765	357.178154862516	0
5	770	357.731248736119	1
5	771	357.905895242357	0
5	776	358.068739242543	1
5	780	359.244730800368	2
5	781	360.3289520851	1
5	786	360.482933592792	2
5	787	361.690772967454	1
5	792	361.907421470225	2
5	793	362.082490527058	1
5	795	365.300991561978	0
5	800	369.779595359767	1
5	801	369.869008141597	0
5	806	376.023734352776	1
5	807	376.428208307184	0
5	812	378.929841401686	1
5	813	379.244593737819	0
5	818	395.029538528872	1
5	819	395.560397168612	0
5	824	395.86340202043	1
5	825	396.354071208949	0
5	830	398.745479090537	1
5	831	399.869081210665	0
5	836	403.874921912395	1
5	837	406.336504435398	0
5	842	410.596829847923	1
5	843	411.880164046818	0
5	848	417.321131811493	1
5	849	418.610783540463	0
5	854	424.127310111081	1
5	855	426.98077626834	0
5	860	428.965777380301	1
5	864	429.147042876177	2
5	865	429.184230331226	1
5	870	429.304049553788	2
5	874	429.645534909759	3
5	875	430.425506142522	2
5	877	430.517207334539	1
5	879	431.877749511432	0
5	884	432.810239984529	1
5	885	435.046505453802	0
5	890	435.335266111329	1
5	894	436.751888423969	2
5	895	437.780818556059	1
5	897	439.462430308501	0
5	902	442.655061948893	1
5	906	443.022976616481	2
5	907	443.258052181568	1
5	912	443.685236073981	2
5	916	445.421279165089	3
5	917	445.445749013829	2
5	919	446.146255384032	1
5	924	446.459663186242	2
5	928	446.751589415117	3
5	929	446.892625359135	2
5	934	446.912774846317	3
5	935	447.156891321053	2
5	937	447.521387697554	1
5	939	448.185170402339	0
5	944	448.190753862095	1
5	945	450.189465787062	0
5	950	459.140891651949	1
5	951	459.32819887305	0
5	956	466.537621361506	1
5	957	466.667656664425	0
5	962	467.91186015282	1
5	963	471.211631173679	0
5	968	471.947364385453	1
5	969	472.165332142637	0
5	974	473.023752043283	1
5	978	473.623756280576	2
5	982	473.99324903263	3
5	986	474.561880669943	4
5	990	475.070729406655	5
5	991	475.470966047416	4
5	993	475.725852712879	3
5	995	476.714837727281	2
5	1000	476.8830935578	3
5	1001	477.681679975705	2
5	1003	477.720768595821	1
5	1008	479.163415695211	2
5	1009	479.625127546828	1
5	1011	480.118852946571	0
5	1016	481.818932842712	1
5	1020	482.042384819707	2
5	1024	485.157171345155	3
5	1025	486.059006342605	2
5	1027	486.302661015654	1
5	1029	487.189307043539	0
5	1034	491.919008030603	1
5	1035	498.071621198442	0
5	1040	504.528557367038	1
5	1041	505.36844657505	0
5	1046	512.237570937077	1
5	1047	512.392484946798	0
5	1052	512.493046776801	1
5	1053	514.699719818177	0
5	1058	515.11459253887	1
5	1059	517.062692325844	0
5	1064	517.129278245125	1
5	1068	518.71369491964	2
5	1069	519.979288302693	1
5	1074	522.03713245518	2
5	1075	523.986276429277	1
5	1077	527.670094741492	0
5	1082	530.616323523339	1
5	1086	530.628853378871	2
5	1087	530.873101232601	1
5	1089	530.966108017578	0
5	1094	532.011856897135	1
5	1098	532.912784026229	2
5	1102	535.728440349389	3
5	1106	536.39491909322	4
5	1107	536.613636659206	3
5	1109	536.705459193169	2
5	1114	536.717915695058	3
5	1115	537.090245346288	2
5	1117	538.907302821884	1
5	1122	540.206727343889	2
5	1126	540.26074235647	3
5	1127	540.55668289908	2
5	1129	540.632649547873	1
5	1131	542.587165967894	0
5	1136	548.88924237201	1
5	1140	549.842534987098	2
5	1141	549.926107338742	1
5	1143	550.549413106244	0
5	1148	552.428715138395	1
5	1149	552.824509823276	0
5	1154	556.495204265221	1
5	1155	556.54827385105	0
5	1160	557.779283812076	1
5	1161	559.370376200572	0
5	1166	564.316435099433	1
5	1170	565.085676518798	2
5	1171	565.344578865017	1
5	1173	566.235025649731	0
5	1178	567.186089370766	1
5	1179	567.915392504856	0
5	1184	567.947310339986	1
5	1188	568.628881227129	2
5	1192	569.023065232058	3
5	1193	569.288446467969	2
5	1195	570.787367153386	1
5	1197	572.200080903524	0
5	1202	573.572438515099	1
5	1203	574.789210654431	0
5	1208	576.112727045491	1
5	1209	576.878161469349	0
5	1214	580.329099003964	1
5	1215	581.465365934057	0
5	1220	581.511024805233	1
5	1221	581.991633243449	0
5	1226	587.298207538089	1
5	1227	590.377523855977	0
5	1232	590.41000846872	1
5	1233	592.652423798535	0
5	1238	593.228069264195	1
5	1239	593.869923310586	0
5	1244	595.159795951672	1
5	1248	595.614666456064	2
5	1249	596.11643293054	1
5	1254	597.833500523021	2
5	1258	598.262214152378	3
5	1262	600.021394758888	4
5	1263	600.813787680784	3
5	1268	600.831580286845	4
5	1269	601.53490569462	3
5	1274	603.360941238126	4
5	1275	603.537441336859	3
5	1277	603.580260498695	2
5	1279	604.946391788298	1
5	1281	606.945525341011	0
5	1286	607.788814453824	1
5	1290	609.055380768805	2
5	1291	609.810371544153	1
5	1293	611.041420117922	0
5	1298	611.150939230276	1
5	1302	612.179253736355	2
5	1303	612.470209212694	1
5	1308	613.741088342422	2
5	1309	613.865620445648	1
5	1314	615.596403233528	2
5	1318	620.253825378728	3
5	1319	622.141166258837	2
5	1321	622.479434307279	1
5	1323	624.805843437117	0
5	1328	624.96333915615	1
5	1332	627.367153231265	2
5	1333	628.196582005255	1
5	1338	628.676726573905	2
5	1339	629.325182187036	1
5	1344	630.685520518603	2
5	1345	630.751344020087	1
5	1347	631.948927678216	0
5	1352	633.447968462411	1
5	1353	638.019298575611	0
5	1358	638.356380036125	1
5	1362	638.380994639414	2
5	1363	638.805665780926	1
5	1368	644.125444361936	2
5	1372	647.79456330613	3
5	1373	647.858655664103	2
5	1375	648.081659092582	1
5	1380	649.070884303692	2
5	1381	649.643459444136	1
5	1386	649.826021288162	2
5	1390	650.116622377363	3
5	1391	650.151963198795	2
5	1393	650.756142554428	1
5	1395	651.392000331024	0
5	1400	654.484474727223	1
5	1401	658.041728654291	0
5	1406	663.17650755848	1
5	1407	664.796268799587	0
5	1412	666.628791744129	1
5	1416	666.772636216802	2
5	1417	667.126333581911	1
5	1419	670.852160737067	0
5	1424	670.950465330302	1
5	1428	671.775862139722	2
5	1429	672.186287729028	1
5	1431	672.786550242729	0
5	1436	673.054445917203	1
5	1437	674.57844977105	0
5	1442	681.140197352954	1
5	1446	681.207376814566	2
5	1447	681.8241670371	1
5	1449	683.934095265691	0
5	1454	684.922270645486	1
5	1458	685.118973015532	2
5	1459	686.766404307289	1
5	1464	689.817955695294	2
5	1468	690.485627672562	3
5	1472	693.24390923867	4
5	1473	693.401295144905	3
5	1475	694.256763517858	2
5	1477	694.715048240109	1
5	1479	695.277741233439	0
5	1484	696.778622873769	1
5	1485	699.540717319321	0
5	1490	703.634679055557	1
5	1494	706.008135727043	2
5	1498	706.029269405655	3
5	1499	706.088064812625	2
5	1504	706.520711122731	3
5	1505	707.269182060017	2
5	1507	707.88467668789	1
5	1509	709.012250807781	0
5	1514	710.431548694184	1
5	1515	717.247689056823	0
5	1520	720.0663541097	1
5	1524	720.829577382615	2
5	1528	721.976521619937	3
5	1529	723.692489052928	2
5	1534	723.713102294305	3
5	1535	724.020712485549	2
5	1540	724.685663467497	3
5	1544	725.074281504864	4
5	1548	725.57491683399	5
5	1549	727.125735163949	4
5	1551	727.434767211153	3
5	1553	728.506349676303	2
5	1555	729.440062433079	1
5	1557	729.549225890175	0
5	1562	736.667691154309	1
5	1563	737.940307672479	0
5	1568	740.596817768	1
5	1569	741.386488940311	0
5	1574	742.664425568497	1
5	1575	743.337583733322	0
5	1580	747.865069357092	1
5	1584	748.571305572213	2
5	1588	749.486115494321	3
5	1592	750.472753433156	4
5	1596	750.845768170068	5
5	1597	751.152107261314	4
5	1599	751.834287092207	3
5	1604	752.197232134269	4
5	1605	752.518722830884	3
5	1607	753.113202426959	2
5	1609	753.288465955648	1
5	1611	753.675385451292	0
5	1616	757.63793079153	1
5	1620	758.001112589227	2
5	1624	759.822575346506	3
5	1625	760.64261174637	2
5	1630	762.280422300761	3
5	1631	762.82931994951	2
5	1633	762.890233977779	1
5	1635	763.709970171079	0
5	1640	766.716186948506	1
5	1641	766.734486198746	0
5	1646	767.492265178216	1
5	1647	768.308015453538	0
5	1652	772.777501452053	1
5	1653	773.336763927736	0
5	1658	774.936524039382	1
5	1662	775.813905831978	2
5	1666	775.932258952958	3
5	1667	777.406682856003	2
5	1669	779.125007720501	1
5	1671	781.503389546142	0
5	1676	781.785218175946	1
5	1680	782.924044183136	2
5	1681	782.956630034863	1
5	1683	783.02311958757	0
5	1688	787.308803781142	1
5	1689	788.263233558225	0
5	1694	789.180681256771	1
5	1695	794.286910579766	0
5	1700	795.233783491213	1
5	1701	795.732770944996	0
5	1706	808.388614571309	1
5	1707	812.172191241699	0
5	1712	812.181813586769	1
5	1716	816.617753638387	2
5	1717	816.979364822752	1
5	1722	818.637048093016	2
5	1726	820.646449126068	3
5	1727	820.747363326281	2
5	1729	823.41399930953	1
5	1734	826.479383430534	2
5	1735	827.668164404089	1
5	1740	827.723054737339	2
5	1741	827.846982883532	1
5	1746	828.774571641297	2
5	1750	828.796550074513	3
5	1751	829.108027371682	2
5	1753	829.419639889299	1
5	1758	832.560950213612	2
5	1762	832.60860620863	3
5	1763	833.481552089823	2
5	1765	834.25957323966	1
5	1770	835.60788586021	2
5	1774	835.664524797969	3
5	1778	835.854435818112	4
5	1782	835.866725752188	5
5	1783	837.082356469668	4
5	1785	837.567828710218	3
5	1790	840.59453144971	4
5	1791	841.219613008855	3
5	1796	841.860104492282	4
5	1797	841.932792223855	3
5	1799	842.192150665138	2
5	1801	843.573542069411	1
5	1806	845.315964580448	2
5	1807	845.702007581728	1
5	1809	846.604647159032	0
5	1814	852.227544399388	1
5	1815	852.298123059933	0
5	1820	852.86758497046	1
5	1821	853.187599650996	0
5	1826	854.545084349008	1
5	1830	857.694056497553	2
5	1834	859.596441986173	3
5	1835	859.961303860638	2
5	1837	861.039553074752	1
5	1839	862.946641804503	0
5	1844	866.416227215173	1
5	1848	866.655224257033	2
5	1849	866.796923186288	1
5	1854	867.458105175394	2
5	1855	869.189114560083	1
5	1857	871.009304775062	0
5	1862	872.482761111129	1
5	1863	873.490455559004	0
5	1868	874.831851011686	1
5	1869	879.607837204741	0
5	1874	881.102757194539	1
5	1878	881.994915129938	2
5	1882	882.23473941964	3
5	1883	883.061056311507	2
5	1888	883.398111931465	3
5	1889	883.747566255886	2
5	1891	883.841409749978	1
5	1896	885.427412488425	2
5	1900	885.681802454222	3
5	1901	885.69749654756	2
5	1903	885.986315047854	1
5	1905	886.107050287925	0
5	1910	886.284037207533	1
5	1911	887.066264076104	0
5	1916	890.09241041345	1
5	1920	893.232985223504	2
5	1921	893.645038687996	1
5	1926	893.825027036704	2
5	1930	894.446824712502	3
5	1931	894.672097895233	2
5	1936	898.427268615863	3
5	1937	898.778364693734	2
5	1939	900.349992696281	1
5	1941	900.478850388635	0
5	1946	907.854420907177	1
5	1950	912.245610152168	2
5	1951	912.766441418887	1
5	1953	913.636719635752	0
5	1958	917.745428136664	1
5	1962	922.319355496518	2
5	1966	923.254450227335	3
5	1967	925.278365760376	2
5	1969	925.700783750244	1
5	1971	929.144247421792	0
5	1976	933.587777596774	1
5	1977	934.0206243304	0
5	1982	935.991749019486	1
5	1986	936.247214230874	2
5	1987	939.050206636501	1
5	1992	939.599229099771	2
5	1993	941.11055521455	1
5	1998	944.860936074253	2
5	1999	944.920523587798	1
5	2004	949.369235074955	2
5	2005	950.189523524971	1
5	2010	950.330795485838	2
5	2014	950.789029030598	3
5	2015	950.846395460872	2
5	2020	951.859464645901	3
5	2021	952.641269659222	2
5	2026	953.101903037851	3
5	2027	953.868152779154	2
5	2029	955.222958667847	1
5	2034	957.173470988616	2
5	2035	957.193170007759	1
5	2040	957.604834690956	2
5	2041	957.920471085217	1
5	2043	958.765198712716	0
5	2048	959.337415348416	1
5	2049	960.990673565182	0
5	2054	964.692173563994	1
5	2055	964.922229216528	0
5	2060	966.664198880448	1
5	2061	967.440554216256	0
5	2066	970.079621191807	1
5	2067	971.010197329257	0
5	2072	971.214064113691	1
5	2076	971.682680368698	2
5	2077	972.07005646388	1
5	2082	984.577758678472	2
5	2083	985.841310220457	1
5	2085	988.555748599043	0
5	2090	993.331668327818	1
5	2094	995.956513340058	2
5	2098	998.801632791935	3

