version 3
run General-39-20221103-10:28:22-6760
attr configname General
attr datetime 20221103-10:28:22
attr datetimef 20221103-102822
attr experiment General
attr inifile block.ini
attr iterationvars "$0=4, $1=20"
attr iterationvarsd 4/20
attr iterationvarsf 4,20-
attr measurement "$0=4, $1=20"
attr network Block
attr processid 6760
attr repetition 4
attr replication #4
attr resultdir results
attr runnumber 39
attr seedset 39
config network Block
config repeat 5
config sim-time-limit 1000s
config warmup-period 100s
config **.alloca.resourceModuleName "\"risorse\""
config **.dealloca.resourceModuleName "\"risorse\""
config **.is.delay exponential(3s)
config **.servente.serviceTime exponential(4s)
config **.dealloca.resourceAmount 2
config **.alloca.resourceAmount 2
config **.risorse.amount 6
config **.sorgente.numJobs (20)
config **.result-recording-modes all

vector 0 Block.servente queueLength:vector ETV
attr interpolationmode sample-hold
attr recordingmode vector
attr title "queue length"
vector 1 Block.servente queueingTime:vector ETV
attr interpolationmode none
attr recordingmode vector
attr title "queueing time at dequeue"
attr unit s
vector 2 Block.alloca queueLength:vector ETV
attr interpolationmode sample-hold
attr recordingmode vector
attr title "queue length"
vector 3 Block.alloca queueingTime:vector ETV
attr interpolationmode none
attr recordingmode vector
attr title "queueing time at dequeue"
attr unit s
vector 4 Block.risorse amount:vector ETV
attr interpolationmode sample-hold
attr recordingmode vector
attr title "available resource"
vector 5 Block.is delayedJobs:vector ETV
attr interpolationmode sample-hold
attr recordingmode vector
attr title "number of delayed jobs"
0	225	102.385435809938	1
0	227	102.385435809938	2
0	233	104.054188516068	1
0	235	104.054188516068	2
0	237	105.388490752663	1
0	239	105.388490752663	2
0	241	106.370033241048	1
0	243	106.370033241048	2
0	251	110.607986405308	1
0	253	110.607986405308	2
0	257	117.574768582177	1
0	259	117.574768582177	2
0	261	120.316553332218	1
0	263	120.316553332218	2
0	267	120.842156880904	1
0	269	120.842156880904	2
0	275	130.174450506671	1
0	277	130.174450506671	2
0	281	131.501908587082	1
0	283	131.501908587082	2
0	287	132.634202865551	1
0	289	132.634202865551	2
0	293	138.778438552881	1
0	295	138.778438552881	2
0	299	141.658672583412	1
0	301	141.658672583412	2
0	305	143.919489621624	1
0	307	143.919489621624	2
0	309	146.304543155887	1
0	311	146.304543155887	2
0	317	151.777223550706	1
0	319	151.777223550706	2
0	321	154.410617668676	1
0	323	154.410617668676	2
0	329	161.872077199365	1
0	331	161.872077199365	2
0	335	164.525604155114	1
0	337	164.525604155114	2
0	341	185.720188954427	1
0	343	185.720188954427	2
0	347	187.404576290839	1
0	349	187.404576290839	2
0	351	187.556318827798	1
0	353	187.556318827798	2
0	357	190.631294949292	1
0	359	190.631294949292	2
0	361	192.888376610742	1
0	363	192.888376610742	2
0	367	193.877769627569	1
0	369	193.877769627569	2
0	371	195.819181443142	1
0	373	195.819181443142	2
0	379	196.496436158692	1
0	381	196.496436158692	2
0	383	198.415463781932	1
0	385	198.415463781932	2
0	387	199.419938341682	1
0	389	199.419938341682	2
0	395	200.352368719038	1
0	397	200.352368719038	2
0	405	206.323613995859	1
0	407	206.323613995859	2
0	411	208.483546366863	1
0	413	208.483546366863	2
0	415	211.034177643623	1
0	417	211.034177643623	2
0	419	212.070097140493	1
0	421	212.070097140493	2
0	425	213.041995185203	1
0	427	213.041995185203	2
0	437	221.406628183472	1
0	439	221.406628183472	2
0	443	225.827190817615	1
0	445	225.827190817615	2
0	447	229.303847399441	1
0	449	229.303847399441	2
0	455	236.20856332265	1
0	457	236.20856332265	2
0	461	237.774507288181	1
0	463	237.774507288181	2
0	465	238.293771989533	1
0	467	238.293771989533	2
0	473	241.617803312572	1
0	475	241.617803312572	2
0	477	243.198683759386	1
0	479	243.198683759386	2
0	483	250.017825720634	1
0	485	250.017825720634	2
0	489	251.542757727575	1
0	491	251.542757727575	2
0	493	252.144622214066	1
0	495	252.144622214066	2
0	503	255.617203472705	1
0	505	255.617203472705	2
0	509	260.47996816477	1
0	511	260.47996816477	2
0	513	262.540401922666	1
0	515	262.540401922666	2
0	521	268.760162766791	1
0	523	268.760162766791	2
0	527	276.042752433255	1
0	529	276.042752433255	2
0	531	277.710523408914	1
0	533	277.710523408914	2
0	537	281.879914869765	1
0	539	281.879914869765	2
0	543	282.985974193164	1
0	545	282.985974193164	2
0	549	286.094832411193	1
0	551	286.094832411193	2
0	555	288.989458697342	1
0	557	288.989458697342	2
0	563	295.223731900182	1
0	565	295.223731900182	2
0	569	298.786772213224	1
0	571	298.786772213224	2
0	575	302.396886769351	1
0	577	302.396886769351	2
0	581	304.895257625593	1
0	583	304.895257625593	2
0	587	314.724495718717	1
0	589	314.724495718717	2
0	591	316.412128260876	1
0	593	316.412128260876	2
0	597	319.676600692393	1
0	599	319.676600692393	2
0	605	321.503361003045	1
0	607	321.503361003045	2
0	611	325.115431568863	1
0	613	325.115431568863	2
0	615	325.280661591262	1
0	617	325.280661591262	2
0	623	332.440703993254	1
0	625	332.440703993254	2
0	627	334.766044707165	1
0	629	334.766044707165	2
0	635	336.233952453488	1
0	637	336.233952453488	2
0	641	337.296654106658	1
0	643	337.296654106658	2
0	647	339.609207460225	1
0	649	339.609207460225	2
0	651	340.317865885513	1
0	653	340.317865885513	2
0	659	343.800874777846	1
0	661	343.800874777846	2
0	663	344.867613503389	1
0	665	344.867613503389	2
0	669	347.671443473253	1
0	671	347.671443473253	2
0	673	347.814116528132	1
0	675	347.814116528132	2
0	679	348.803573001735	1
0	681	348.803573001735	2
0	689	356.087003852736	1
0	691	356.087003852736	2
0	695	359.138390098572	1
0	697	359.138390098572	2
0	699	359.590492695553	1
0	701	359.590492695553	2
0	703	361.027389410215	1
0	705	361.027389410215	2
0	707	361.031782266087	1
0	709	361.031782266087	2
0	719	373.200016668363	1
0	721	373.200016668363	2
0	725	375.878240298937	1
0	727	375.878240298937	2
0	729	376.304684922628	1
0	731	376.304684922628	2
0	737	386.58047531225	1
0	739	386.58047531225	2
0	741	387.490587100784	1
0	743	387.490587100784	2
0	747	388.964180727924	1
0	749	388.964180727924	2
0	753	391.206672410454	1
0	755	391.206672410454	2
0	757	391.523755771234	1
0	759	391.523755771234	2
0	761	392.144094236675	1
0	763	392.144094236675	2
0	771	395.327335171671	1
0	773	395.327335171671	2
0	777	398.693379241209	1
0	779	398.693379241209	2
0	781	403.175094182635	1
0	783	403.175094182635	2
0	791	407.689401215332	1
0	793	407.689401215332	2
0	797	408.783466025788	1
0	799	408.783466025788	2
0	803	411.029007399303	1
0	805	411.029007399303	2
0	809	415.043246242724	1
0	811	415.043246242724	2
0	815	431.350099773185	1
0	817	431.350099773185	2
0	821	436.223284637138	1
0	823	436.223284637138	2
0	827	440.598250323888	1
0	829	440.598250323888	2
0	831	448.248081783499	1
0	833	448.248081783499	2
0	837	449.381909628893	1
0	839	449.381909628893	2
0	845	455.257758470006	1
0	847	455.257758470006	2
0	851	458.535271486536	1
0	853	458.535271486536	2
0	857	462.388733919716	1
0	859	462.388733919716	2
0	863	464.380859636677	1
0	865	464.380859636677	2
0	869	468.095316433475	1
0	871	468.095316433475	2
0	873	469.751087758115	1
0	875	469.751087758115	2
0	879	473.956128653282	1
0	881	473.956128653282	2
0	887	478.018063172883	1
0	889	478.018063172883	2
0	891	478.780710632828	1
0	893	478.780710632828	2
0	899	484.408122549676	1
0	901	484.408122549676	2
0	903	486.216213921219	1
0	905	486.216213921219	2
0	907	491.954840031167	1
0	909	491.954840031167	2
0	913	494.099170996263	1
0	915	494.099170996263	2
0	921	499.331188323018	1
0	923	499.331188323018	2
0	925	499.769572702754	1
0	927	499.769572702754	2
0	931	502.028684657573	1
0	933	502.028684657573	2
0	941	505.245114848072	1
0	943	505.245114848072	2
0	945	505.915957190324	1
0	947	505.915957190324	2
0	953	519.522334914865	1
0	955	519.522334914865	2
0	959	538.80785972793	1
0	961	538.80785972793	2
0	965	543.978912235855	1
0	967	543.978912235855	2
0	971	553.235501998643	1
0	973	553.235501998643	2
0	977	562.906618978327	1
0	979	562.906618978327	2
0	983	565.546617197198	1
0	985	565.546617197198	2
0	987	566.935385813909	1
0	989	566.935385813909	2
0	995	573.874974365386	1
0	997	573.874974365386	2
0	1001	574.710436637314	1
0	1003	574.710436637314	2
0	1007	580.129277666587	1
0	1009	580.129277666587	2
0	1013	582.046164980484	1
0	1015	582.046164980484	2
0	1019	584.032899670319	1
0	1021	584.032899670319	2
0	1025	590.912073926105	1
0	1027	590.912073926105	2
0	1031	595.658312848876	1
0	1033	595.658312848876	2
0	1037	599.210092695422	1
0	1039	599.210092695422	2
0	1043	605.637268201428	1
0	1045	605.637268201428	2
0	1047	607.540627650788	1
0	1049	607.540627650788	2
0	1055	610.514933875504	1
0	1057	610.514933875504	2
0	1059	611.421183897243	1
0	1061	611.421183897243	2
0	1067	622.455528812723	1
0	1069	622.455528812723	2
0	1073	630.631333249439	1
0	1075	630.631333249439	2
0	1079	637.665661300151	1
0	1081	637.665661300151	2
0	1085	638.538336985222	1
0	1087	638.538336985222	2
0	1089	639.207574262942	1
0	1091	639.207574262942	2
0	1095	645.113244719204	1
0	1097	645.113244719204	2
0	1101	646.235396560579	1
0	1103	646.235396560579	2
0	1109	654.420013472906	1
0	1111	654.420013472906	2
0	1115	670.110822409651	1
0	1117	670.110822409651	2
0	1119	670.877598403002	1
0	1121	670.877598403002	2
0	1125	673.105789965094	1
0	1127	673.105789965094	2
0	1133	681.080912604202	1
0	1135	681.080912604202	2
0	1139	688.965577862613	1
0	1141	688.965577862613	2
0	1145	692.849140643522	1
0	1147	692.849140643522	2
0	1149	693.759996732535	1
0	1151	693.759996732535	2
0	1153	694.176605504621	1
0	1155	694.176605504621	2
0	1161	702.552340591212	1
0	1163	702.552340591212	2
0	1169	728.716512869969	1
0	1171	728.716512869969	2
0	1175	735.398757304497	1
0	1177	735.398757304497	2
0	1179	741.241903617956	1
0	1181	741.241903617956	2
0	1183	741.358866709981	1
0	1185	741.358866709981	2
0	1189	745.004627330477	1
0	1191	745.004627330477	2
0	1199	761.199671026277	1
0	1201	761.199671026277	2
0	1205	764.554942468303	1
0	1207	764.554942468303	2
0	1211	771.736342111092	1
0	1213	771.736342111092	2
0	1217	774.019408130196	1
0	1219	774.019408130196	2
0	1223	780.506536651003	1
0	1225	780.506536651003	2
0	1229	782.674445757195	1
0	1231	782.674445757195	2
0	1233	784.048790177838	1
0	1235	784.048790177838	2
0	1237	784.08088868654	1
0	1239	784.08088868654	2
0	1247	794.88041989431	1
0	1249	794.88041989431	2
0	1251	795.909873574962	1
0	1253	795.909873574962	2
0	1259	800.062018766857	1
0	1261	800.062018766857	2
0	1265	809.854937167824	1
0	1267	809.854937167824	2
0	1269	810.456873680059	1
0	1271	810.456873680059	2
0	1277	813.694120075161	1
0	1279	813.694120075161	2
0	1281	817.510002950319	1
0	1283	817.510002950319	2
0	1285	819.280006937669	1
0	1287	819.280006937669	2
0	1291	821.081035977154	1
0	1293	821.081035977154	2
0	1297	821.830088244202	1
0	1299	821.830088244202	2
0	1307	835.556289572664	1
0	1309	835.556289572664	2
0	1313	845.31832715835	1
0	1315	845.31832715835	2
0	1319	855.530786421718	1
0	1321	855.530786421718	2
0	1323	857.719970727048	1
0	1325	857.719970727048	2
0	1329	857.947753373288	1
0	1331	857.947753373288	2
0	1337	867.938431577659	1
0	1339	867.938431577659	2
0	1341	867.944125900867	1
0	1343	867.944125900867	2
0	1345	872.181500911909	1
0	1347	872.181500911909	2
0	1351	874.353247704586	1
0	1353	874.353247704586	2
0	1357	874.576342125987	1
0	1359	874.576342125987	2
0	1367	878.955397785128	1
0	1369	878.955397785128	2
0	1371	879.375584493002	1
0	1373	879.375584493002	2
0	1379	880.408573677235	1
0	1381	880.408573677235	2
0	1383	881.188344042761	1
0	1385	881.188344042761	2
0	1391	888.403468443287	1
0	1393	888.403468443287	2
0	1397	894.574472043425	1
0	1399	894.574472043425	2
0	1401	896.804161807625	1
0	1403	896.804161807625	2
0	1409	899.099409731898	1
0	1411	899.099409731898	2
0	1415	902.997635973725	1
0	1417	902.997635973725	2
0	1421	905.465559732449	1
0	1423	905.465559732449	2
0	1427	908.383691268163	1
0	1429	908.383691268163	2
0	1433	910.083872148136	1
0	1435	910.083872148136	2
0	1439	915.660283612834	1
0	1441	915.660283612834	2
0	1445	919.945551201178	1
0	1447	919.945551201178	2
0	1451	924.52572118828	1
0	1453	924.52572118828	2
0	1455	924.586395080566	1
0	1457	924.586395080566	2
0	1461	926.859998716146	1
0	1463	926.859998716146	2
0	1467	927.941727655277	1
0	1469	927.941727655277	2
0	1473	930.271633378789	1
0	1475	930.271633378789	2
0	1481	934.340305541479	1
0	1483	934.340305541479	2
0	1487	938.264956308098	1
0	1489	938.264956308098	2
0	1493	943.681902118557	1
0	1495	943.681902118557	2
0	1497	943.865154863518	1
0	1499	943.865154863518	2
0	1503	944.495133624722	1
0	1505	944.495133624722	2
0	1509	945.762078174861	1
0	1511	945.762078174861	2
0	1515	951.358698635348	1
0	1517	951.358698635348	2
0	1523	956.41730807867	1
0	1525	956.41730807867	2
0	1527	957.665615365994	1
0	1529	957.665615365994	2
0	1533	961.464317189578	1
0	1535	961.464317189578	2
0	1541	964.230590092557	1
0	1543	964.230590092557	2
0	1545	966.281726529449	1
0	1547	966.281726529449	2
0	1549	968.39075479062	1
0	1551	968.39075479062	2
0	1555	975.067141803316	1
0	1557	975.067141803316	2
0	1563	977.933834629187	1
0	1565	977.933834629187	2
0	1569	980.943236306977	1
0	1571	980.943236306977	2
0	1573	982.159983255752	1
0	1575	982.159983255752	2
0	1583	987.477243774426	1
0	1585	987.477243774426	2
1	225	102.385435809938	10.01205941699
1	233	104.054188516068	6.21000108961
1	237	105.388490752663	3.003054942725
1	241	106.370033241048	2.31584472498
1	251	110.607986405308	5.219495652645
1	257	117.574768582177	11.204735341129
1	261	120.316553332218	9.70856692691
1	267	120.842156880904	3.267388298727
1	275	130.174450506671	9.857897174453
1	281	131.501908587082	10.659751706178
1	287	132.634202865551	2.45975235888
1	293	138.778438552881	7.276529965799
1	299	141.658672583412	9.024469717861
1	305	143.919489621624	5.141051068743
1	309	146.304543155887	4.645870572475
1	317	151.777223550706	7.857733929082
1	321	154.410617668676	8.106074512789
1	329	161.872077199365	10.094853648659
1	335	164.525604155114	10.114986486438
1	341	185.720188954427	23.848111755062
1	347	187.404576290839	22.878972135725
1	351	187.556318827798	1.836129873371
1	357	190.631294949292	3.226718658453
1	361	192.888376610742	5.332057782944
1	367	193.877769627569	3.246474678277
1	371	195.819181443142	2.9308048324
1	379	196.496436158692	2.618666531123
1	383	198.415463781932	2.59628233879
1	387	199.419938341682	2.92350218299
1	395	200.352368719038	1.936904937106
1	405	206.323613995859	6.903675654177
1	411	208.483546366863	8.131177647825
1	415	211.034177643623	4.710563647764
1	419	212.070097140493	3.58655077363
1	425	213.041995185203	2.00781754158
1	437	221.406628183472	9.336531042979
1	443	225.827190817615	12.785195632412
1	447	229.303847399441	7.897219215969
1	455	236.20856332265	10.381372505035
1	461	237.774507288181	8.47065988874
1	465	238.293771989533	2.085208666883
1	473	241.617803312572	3.843296024391
1	477	243.198683759386	4.904911769853
1	483	250.017825720634	8.400022408062
1	489	251.542757727575	8.344073968189
1	493	252.144622214066	2.126796493432
1	503	255.617203472705	4.07444574513
1	509	260.47996816477	8.335345950704
1	513	262.540401922666	6.923198449961
1	521	268.760162766791	8.280194602021
1	527	276.042752433255	13.502350510589
1	531	277.710523408914	8.950360642123
1	537	281.879914869765	5.83716243651
1	543	282.985974193164	5.27545078425
1	549	286.094832411193	4.214917541428
1	555	288.989458697342	6.003484504178
1	563	295.223731900182	9.128899488989
1	569	298.786772213224	9.797313515882
1	575	302.396886769351	7.173154869169
1	581	304.895257625593	6.108485412369
1	587	314.724495718717	12.327608949366
1	591	316.412128260876	11.516870635283
1	597	319.676600692393	4.952104973676
1	605	321.503361003045	5.091232742169
1	611	325.115431568863	5.43883087647
1	615	325.280661591262	3.777300588217
1	623	332.440703993254	7.325272424391
1	627	334.766044707165	9.485383115903
1	635	336.233952453488	3.793248460234
1	641	337.296654106658	2.530609399493
1	647	339.609207460225	3.375255006737
1	651	340.317865885513	3.021211778855
1	659	343.800874777846	4.191667317621
1	663	344.867613503389	4.549747617876
1	669	347.671443473253	3.870568695407
1	673	347.814116528132	2.946503024743
1	679	348.803573001735	1.132129528482
1	689	356.087003852736	8.272887324604
1	695	359.138390098572	10.334817096837
1	699	359.590492695553	3.503488842817
1	703	361.027389410215	1.888999311643
1	707	361.031782266087	1.441289570534
1	719	373.200016668363	12.172627258148
1	725	375.878240298937	14.84645803285
1	729	376.304684922628	3.104668254265
1	737	386.58047531225	10.702235013313
1	741	387.490587100784	11.185902178156
1	747	388.964180727924	2.383705415674
1	753	391.206672410454	3.71608530967
1	757	391.523755771234	2.55957504331
1	761	392.144094236675	0.937421826221
1	771	395.327335171671	3.803579400437
1	777	398.693379241209	6.549285004534
1	781	403.175094182635	7.847759010964
1	791	407.689401215332	8.996021974123
1	797	408.783466025788	5.608371843153
1	803	411.029007399303	3.339606183971
1	809	415.043246242724	6.259780216936
1	815	431.350099773185	20.321092373882
1	821	436.223284637138	21.180038394414
1	827	440.598250323888	9.248150550703
1	831	448.248081783499	12.024797146361
1	837	449.381909628893	8.783659305005
1	845	455.257758470006	7.009676686507
1	851	458.535271486536	9.153361857643
1	857	462.388733919716	7.13097544971
1	863	464.380859636677	5.845588150141
1	869	468.095316433475	5.706582513759
1	873	469.751087758115	5.370228121438
1	879	473.956128653282	5.860812219807
1	887	478.018063172883	8.266975414768
1	891	478.780710632828	4.824581979546
1	899	484.408122549676	6.390059376793
1	903	486.216213921219	7.435503288391
1	907	491.954840031167	7.546717481491
1	913	494.099170996263	7.882957075044
1	921	499.331188323018	7.376348291851
1	925	499.769572702754	5.670401706491
1	931	502.028684657573	2.697496334555
1	941	505.245114848072	5.475542145318
1	945	505.915957190324	3.887272532751
1	953	519.522334914865	14.277220066793
1	959	538.80785972793	32.891902537606
1	965	543.978912235855	24.45657732099
1	971	553.235501998643	14.427642270713
1	977	562.906618978327	18.927706742472
1	983	565.546617197198	12.311115198555
1	987	566.935385813909	4.028766835582
1	995	573.874974365386	8.328357168188
1	1001	574.710436637314	7.775050823405
1	1007	580.129277666587	6.254303301201
1	1013	582.046164980484	7.33572834317
1	1019	584.032899670319	3.903622003732
1	1025	590.912073926105	8.865908945621
1	1031	595.658312848876	11.625413178557
1	1037	599.210092695422	8.298018769317
1	1043	605.637268201428	9.978955352552
1	1047	607.540627650788	8.330534955366
1	1055	610.514933875504	4.877665674076
1	1059	611.421183897243	3.880556246455
1	1067	622.455528812723	11.940594937219
1	1073	630.631333249439	19.210149352196
1	1079	637.665661300151	15.210132487428
1	1085	638.538336985222	7.907003735783
1	1089	639.207574262942	1.541912962791
1	1095	645.113244719204	6.574907733982
1	1101	646.235396560579	7.027822297637
1	1109	654.420013472906	9.306768753702
1	1115	670.110822409651	23.875425849072
1	1119	670.877598403002	16.457584930096
1	1125	673.105789965094	2.994967555443
1	1133	681.080912604202	10.2033142012
1	1139	688.965577862613	15.859787897519
1	1145	692.849140643522	11.76822803932
1	1149	693.759996732535	4.794418869922
1	1153	694.176605504621	1.327464861099
1	1161	702.552340591212	8.792343858677
1	1169	728.716512869969	34.539907365348
1	1175	735.398757304497	32.846416713285
1	1179	741.241903617956	12.525390747987
1	1183	741.358866709981	5.960109405484
1	1189	745.004627330477	3.762723712521
1	1199	761.199671026277	19.840804316296
1	1205	764.554942468303	19.550315137826
1	1211	771.736342111092	10.536671084815
1	1217	774.019408130196	9.464465661893
1	1223	780.506536651003	8.770194539911
1	1229	782.674445757195	8.655037626999
1	1233	784.048790177838	3.542253526835
1	1237	784.08088868654	1.406442929345
1	1247	794.88041989431	10.831629716472
1	1251	795.909873574962	11.828984888422
1	1259	800.062018766857	5.181598872547
1	1265	809.854937167824	13.945063592862
1	1269	810.456873680059	10.394854913202
1	1277	813.694120075161	3.839182907337
1	1281	817.510002950319	7.05312927026
1	1285	819.280006937669	5.585886862508
1	1291	821.081035977154	3.571033026835
1	1297	821.830088244202	2.550081306533
1	1307	835.556289572664	14.47525359551
1	1313	845.31832715835	23.488238914148
1	1319	855.530786421718	19.974496849054
1	1323	857.719970727048	12.401643568698
1	1329	857.947753373288	2.41696695157
1	1337	867.938431577659	10.218460850611
1	1341	867.944125900867	9.996372527579
1	1345	872.181500911909	4.24306933425
1	1351	874.353247704586	6.409121803719
1	1357	874.576342125987	2.394841214078
1	1367	878.955397785128	4.602150080542
1	1371	879.375584493002	4.799242367015
1	1379	880.408573677235	1.453175892107
1	1383	881.188344042761	1.812759549759
1	1391	888.403468443287	7.994894766052
1	1397	894.574472043425	13.386128000664
1	1401	896.804161807625	8.400693364338
1	1409	899.099409731898	4.524937688473
1	1415	902.997635973725	6.1934741661
1	1421	905.465559732449	6.366150000551
1	1427	908.383691268163	5.386055294438
1	1433	910.083872148136	4.618312415687
1	1439	915.660283612834	7.276592344671
1	1445	919.945551201178	9.861679053042
1	1451	924.52572118828	8.865437575446
1	1455	924.586395080566	4.640843879388
1	1461	926.859998716146	2.334277527866
1	1467	927.941727655277	3.355332574711
1	1473	930.271633378789	3.411634662643
1	1481	934.340305541479	6.398577886202
1	1487	938.264956308098	7.993322929309
1	1493	943.681902118557	9.341596577078
1	1497	943.865154863518	5.60019855542
1	1503	944.495133624722	0.813231506165
1	1509	945.762078174861	1.896923311343
1	1515	951.358698635348	6.863565010626
1	1523	956.41730807867	10.655229903809
1	1527	957.665615365994	6.306916730646
1	1533	961.464317189578	5.047009110908
1	1541	964.230590092557	6.564974726563
1	1545	966.281726529449	4.817409339871
1	1549	968.39075479062	4.160164698063
1	1555	975.067141803316	8.785415273867
1	1563	977.933834629187	9.543079838567
1	1569	980.943236306977	5.876094503661
1	1573	982.159983255752	4.226148626565
1	1583	987.477243774426	6.534007467449
2	226	102.385435809938	15
2	230	102.426390279813	16
2	232	102.971054462609	17
2	234	104.054188516068	16
2	238	105.388490752663	15
2	242	106.370033241048	14
2	246	107.1016610755	15
2	248	108.317177023123	16
2	250	109.702750795569	17
2	252	110.607986405308	16
2	256	114.376564713455	17
2	258	117.574768582177	16
2	262	120.316553332218	15
2	266	120.677139991819	16
2	268	120.842156880904	15
2	272	123.076103008945	16
2	274	123.685208538071	17
2	276	130.174450506671	16
2	280	130.925059783645	17
2	282	131.501908587082	16
2	286	131.623509448817	17
2	288	132.634202865551	16
2	292	133.622453329352	17
2	294	138.778438552881	16
2	298	139.821384226442	17
2	300	141.658672583412	16
2	304	142.088519337695	17
2	306	143.919489621624	16
2	310	146.304543155887	15
2	314	146.986742506801	16
2	316	147.77028353877	17
2	318	151.777223550706	16
2	322	154.410617668676	15
2	326	156.4713555743	16
2	328	158.260714187825	17
2	330	161.872077199365	16
2	334	163.148991111417	17
2	336	164.525604155114	16
2	340	165.268016960751	17
2	342	185.720188954427	16
2	346	186.522767102985	17
2	348	187.404576290839	16
2	352	187.556318827798	15
2	356	187.751963522428	16
2	358	190.631294949292	15
2	362	192.888376610742	14
2	366	192.968586975751	15
2	368	193.877769627569	14
2	372	195.819181443142	13
2	376	195.860373533578	14
2	378	195.990480497532	15
2	380	196.496436158692	14
2	384	198.415463781932	13
2	388	199.419938341682	12
2	392	199.491733579293	13
2	394	199.673418768664	14
2	396	200.352368719038	13
2	400	200.400991282813	14
2	402	200.40766583417	15
2	404	202.591122250267	16
2	406	206.323613995859	15
2	410	208.286528328889	16
2	412	208.483546366863	15
2	416	211.034177643623	14
2	420	212.070097140493	13
2	424	212.183038126742	14
2	426	213.041995185203	13
2	430	213.133464740592	14
2	432	213.53601235899	15
2	434	214.631468878395	16
2	436	217.549531669126	17
2	438	221.406628183472	16
2	442	222.653174117809	17
2	444	225.827190817615	16
2	448	229.303847399441	15
2	452	231.034812909395	16
2	454	234.844583154243	17
2	456	236.20856332265	16
2	460	237.312023983797	17
2	462	237.774507288181	16
2	466	238.293771989533	15
2	470	238.579423599231	16
2	472	241.295479208122	17
2	474	241.617803312572	16
2	478	243.198683759386	15
2	482	248.588019090134	16
2	484	250.017825720634	15
2	488	250.643454753327	16
2	490	251.542757727575	15
2	494	252.144622214066	14
2	498	252.508944915846	15
2	500	253.82742936301	16
2	502	255.387919161484	17
2	504	255.617203472705	16
2	508	257.584348291903	17
2	510	260.47996816477	16
2	514	262.540401922666	15
2	518	262.994862184707	16
2	520	263.647835049996	17
2	522	268.760162766791	16
2	526	273.537889132974	17
2	528	276.042752433255	16
2	532	277.710523408914	15
2	536	281.361209018933	16
2	538	281.879914869765	15
2	542	282.448863162442	16
2	544	282.985974193164	15
2	548	284.527371093456	16
2	550	286.094832411193	15
2	554	288.304562066344	16
2	556	288.989458697342	15
2	560	291.10592516673	16
2	562	293.499849196339	17
2	564	295.223731900182	16
2	568	295.258490132064	17
2	570	298.786772213224	16
2	574	301.272333888064	17
2	576	302.396886769351	16
2	580	304.434458702941	17
2	582	304.895257625593	16
2	586	308.021208932646	17
2	588	314.724495718717	16
2	592	316.412128260876	15
2	596	319.131338762234	16
2	598	319.676600692393	15
2	602	320.854329273338	16
2	604	320.934916899965	17
2	606	321.503361003045	16
2	610	322.694877080494	17
2	612	325.115431568863	16
2	616	325.280661591262	15
2	620	330.054067049173	16
2	622	332.355881399484	17
2	624	332.440703993254	16
2	628	334.766044707165	15
2	632	335.586241788857	16
2	634	335.710155612955	17
2	636	336.233952453488	16
2	640	336.334280112036	17
2	642	337.296654106658	16
2	646	337.447764512226	17
2	648	339.609207460225	16
2	652	340.317865885513	15
2	656	340.871214926136	16
2	658	341.472223824856	17
2	660	343.800874777846	16
2	664	344.867613503389	15
2	668	347.349069830427	16
2	670	347.671443473253	15
2	674	347.814116528132	14
2	678	348.191486722919	15
2	680	348.803573001735	14
2	684	348.947197888892	15
2	686	349.149332912038	16
2	688	351.499910541596	17
2	690	356.087003852736	16
2	694	357.613300404285	17
2	696	359.138390098572	16
2	700	359.590492695553	15
2	704	361.027389410215	14
2	708	361.031782266087	13
2	712	362.529154512362	14
2	714	363.891104969327	15
2	716	365.657225977143	16
2	718	367.634554761843	17
2	720	373.200016668363	16
2	724	374.420725134098	17
2	726	375.878240298937	16
2	730	376.304684922628	15
2	734	376.434407140609	16
2	736	379.702531206688	17
2	738	386.58047531225	16
2	742	387.490587100784	15
2	746	388.959706560047	16
2	748	388.964180727924	15
2	752	389.538798724525	16
2	754	391.206672410454	15
2	758	391.523755771234	14
2	762	392.144094236675	13
2	766	392.187557574353	14
2	768	393.719790085659	15
2	770	394.403719300593	16
2	772	395.327335171671	15
2	776	397.057143155234	16
2	778	398.693379241209	15
2	782	403.175094182635	14
2	786	403.932427692383	15
2	788	406.044701211945	16
2	790	407.130909864384	17
2	792	407.689401215332	16
2	796	408.163524958808	17
2	798	408.783466025788	16
2	802	409.455176110675	17
2	804	411.029007399303	16
2	808	412.674061581247	17
2	810	415.043246242724	16
2	814	415.369233978464	17
2	816	431.350099773185	16
2	820	434.114283952355	17
2	822	436.223284637138	16
2	826	437.067688576804	17
2	828	440.598250323888	16
2	832	448.248081783499	15
2	836	448.500629275443	16
2	838	449.381909628893	15
2	842	452.412104843866	16
2	844	452.629002687901	17
2	846	455.257758470006	16
2	850	455.618375937557	17
2	852	458.535271486536	16
2	856	459.423107815481	17
2	858	462.388733919716	16
2	862	463.562503289612	17
2	864	464.380859636677	16
2	868	467.679375899922	17
2	870	468.095316433475	16
2	874	469.751087758115	15
2	878	473.125581569977	16
2	880	473.956128653282	15
2	884	475.137540919971	16
2	886	475.174097811846	17
2	888	478.018063172883	16
2	892	478.780710632828	15
2	896	483.678346743305	16
2	898	483.704525572744	17
2	900	484.408122549676	16
2	904	486.216213921219	15
2	908	491.954840031167	14
2	912	492.819640122066	15
2	914	494.099170996263	14
2	918	496.125896786404	15
2	920	499.154301716627	16
2	922	499.331188323018	15
2	926	499.769572702754	14
2	930	500.43598803854	15
2	932	502.028684657573	14
2	936	502.709501492345	15
2	938	503.214131154842	16
2	940	503.896626924392	17
2	942	505.245114848072	16
2	946	505.915957190324	15
2	950	506.102096375298	16
2	952	509.747982340551	17
2	954	519.522334914865	16
2	958	521.223276703859	17
2	960	538.80785972793	16
2	964	539.362786086859	17
2	966	543.978912235855	16
2	970	544.926413937956	17
2	972	553.235501998643	16
2	976	562.457897643025	17
2	978	562.906618978327	16
2	982	564.647204262684	17
2	984	565.546617197198	16
2	988	566.935385813909	15
2	992	567.070111186917	16
2	994	568.461461236571	17
2	996	573.874974365386	16
2	1000	574.658649375054	17
2	1002	574.710436637314	16
2	1006	577.177044396269	17
2	1008	580.129277666587	16
2	1012	581.997436234896	17
2	1014	582.046164980484	16
2	1018	583.233134246713	17
2	1020	584.032899670319	16
2	1024	589.610978091667	17
2	1026	590.912073926105	16
2	1030	594.337569309925	17
2	1032	595.658312848876	16
2	1036	597.655025715382	17
2	1038	599.210092695422	16
2	1042	601.760692398952	17
2	1044	605.637268201428	16
2	1048	607.540627650788	15
2	1052	609.451623148772	16
2	1054	610.485075174368	17
2	1056	610.514933875504	16
2	1060	611.421183897243	15
2	1064	613.249644141648	16
2	1066	613.940173338931	17
2	1068	622.455528812723	16
2	1072	623.311739940961	17
2	1074	630.631333249439	16
2	1078	634.665227882267	17
2	1080	637.665661300151	16
2	1084	638.104418070871	17
2	1086	638.538336985222	16
2	1090	639.207574262942	15
2	1094	640.046922307766	16
2	1096	645.113244719204	15
2	1100	645.308457279858	16
2	1102	646.235396560579	15
2	1106	647.280043248346	16
2	1108	648.573140281059	17
2	1110	654.420013472906	16
2	1114	657.202111206667	17
2	1116	670.110822409651	16
2	1120	670.877598403002	15
2	1124	671.03639450505	16
2	1126	673.105789965094	15
2	1130	673.903620985052	16
2	1132	675.841579819203	17
2	1134	681.080912604202	16
2	1138	682.047314529501	17
2	1140	688.965577862613	16
2	1144	692.326884847469	17
2	1146	692.849140643522	16
2	1150	693.759996732535	15
2	1154	694.176605504621	14
2	1158	696.787828649023	15
2	1160	697.667507436996	16
2	1162	702.552340591212	15
2	1166	702.71683492372	16
2	1168	703.331032161092	17
2	1170	728.716512869969	16
2	1174	729.705034430675	17
2	1176	735.398757304497	16
2	1180	741.241903617956	15
2	1184	741.358866709981	14
2	1188	743.524822905272	15
2	1190	745.004627330477	14
2	1194	745.817915170088	15
2	1196	747.425864803841	16
2	1198	754.340364689803	17
2	1200	761.199671026277	16
2	1204	764.350905473675	17
2	1206	764.554942468303	16
2	1210	768.349088661423	17
2	1212	771.736342111092	16
2	1216	772.885509057502	17
2	1218	774.019408130196	16
2	1222	775.447506824144	17
2	1224	780.506536651003	16
2	1228	781.173237987177	17
2	1230	782.674445757195	16
2	1234	784.048790177838	15
2	1238	784.08088868654	14
2	1242	784.541969189212	15
2	1244	785.736869293558	16
2	1246	786.057261922895	17
2	1248	794.88041989431	16
2	1252	795.909873574962	15
2	1256	797.078148905114	16
2	1258	798.732747459426	17
2	1260	800.062018766857	16
2	1264	802.553266206252	17
2	1266	809.854937167824	16
2	1270	810.456873680059	15
2	1274	811.104969815416	16
2	1276	811.564526974473	17
2	1278	813.694120075161	16
2	1282	817.510002950319	15
2	1286	819.280006937669	14
2	1290	820.104898862694	15
2	1292	821.081035977154	14
2	1296	821.202307542215	15
2	1298	821.830088244202	14
2	1302	822.274185828431	15
2	1304	822.3068115976	16
2	1306	823.010475876483	17
2	1308	835.556289572664	16
2	1312	837.093665120704	17
2	1314	845.31832715835	16
2	1318	849.972025167959	17
2	1320	855.530786421718	16
2	1324	857.719970727048	15
2	1328	857.751976751226	16
2	1330	857.947753373288	15
2	1334	858.119716085335	16
2	1336	865.151049359659	17
2	1338	867.938431577659	16
2	1342	867.944125900867	15
2	1346	872.181500911909	14
2	1350	873.985847889596	15
2	1352	874.353247704586	14
2	1356	874.573968521123	15
2	1358	874.576342125987	14
2	1362	875.647915936297	15
2	1364	876.45700526123	16
2	1366	878.00024538355	17
2	1368	878.955397785128	16
2	1372	879.375584493002	15
2	1376	879.385674808383	16
2	1378	879.446213129384	17
2	1380	880.408573677235	16
2	1384	881.188344042761	15
2	1388	881.353564763607	16
2	1390	885.357864313544	17
2	1392	888.403468443287	16
2	1396	888.979421291686	17
2	1398	894.574472043425	16
2	1402	896.804161807625	15
2	1406	896.986796794518	16
2	1408	899.082024019872	17
2	1410	899.099409731898	16
2	1414	901.509187840569	17
2	1416	902.997635973725	16
2	1420	903.362011836368	17
2	1422	905.465559732449	16
2	1426	906.164091465134	17
2	1428	908.383691268163	16
2	1432	908.475063852925	17
2	1434	910.083872148136	16
2	1438	913.036356092438	17
2	1440	915.660283612834	16
2	1444	916.496173673843	17
2	1446	919.945551201178	16
2	1450	922.616243408521	17
2	1452	924.52572118828	16
2	1456	924.586395080566	15
2	1460	926.175240504605	16
2	1462	926.859998716146	15
2	1466	927.434972927832	16
2	1468	927.941727655277	15
2	1472	930.181938224581	16
2	1474	930.271633378789	15
2	1478	932.529059419692	16
2	1480	933.929155139091	17
2	1482	934.340305541479	16
2	1486	937.228077791082	17
2	1488	938.264956308098	16
2	1492	941.403225282533	17
2	1494	943.681902118557	16
2	1498	943.865154863518	15
2	1502	944.025467129066	16
2	1504	944.495133624722	15
2	1508	945.623798562464	16
2	1510	945.762078174861	15
2	1514	950.379246950127	16
2	1516	951.358698635348	15
2	1520	951.648440095979	16
2	1522	952.402671295305	17
2	1524	956.41730807867	16
2	1528	957.665615365994	15
2	1532	959.633295760567	16
2	1534	961.464317189578	15
2	1538	962.833426538924	16
2	1540	963.332067228225	17
2	1542	964.230590092557	16
2	1546	966.281726529449	15
2	1550	968.39075479062	14
2	1554	972.406462603764	15
2	1556	975.067141803316	14
2	1560	975.266433651903	15
2	1562	976.504418788722	16
2	1564	977.933834629187	15
2	1568	980.058469219863	16
2	1570	980.943236306977	15
2	1574	982.159983255752	14
2	1578	982.492195420881	15
2	1580	982.733378229893	16
2	1582	982.954025676692	17
2	1584	987.477243774426	16
2	1588	993.819848062166	17
3	226	102.385435809938	52.393021775847
3	234	104.054188516068	53.462478951559
3	238	105.388490752663	48.165526537428
3	242	106.370033241048	47.754845443131
3	252	110.607986405308	47.291766305234
3	258	117.574768582177	51.027190043829
3	262	120.316553332218	52.158083386584
3	268	120.842156880904	49.875423889339
3	276	130.174450506671	52.384291353399
3	282	131.501908587082	49.419684431375
3	288	132.634202865551	49.975791868999
3	294	138.778438552881	53.096989296772
3	300	141.658672583412	50.730192398204
3	306	143.919489621624	49.585944357784
3	310	146.304543155887	51.640136184291
3	318	151.777223550706	56.06558397117
3	322	154.410617668676	51.984227388863
3	330	161.872077199365	58.901022736756
3	336	164.525604155114	57.423943079614
3	342	185.720188954427	77.403011931304
3	348	187.404576290839	77.70182549527
3	352	187.556318827798	73.179754114343
3	358	190.631294949292	69.954154957473
3	362	192.888376610742	69.812273601797
3	368	193.877769627569	70.192561089498
3	372	195.819181443142	64.894121659497
3	380	196.496436158692	64.872926709875
3	384	198.415463781932	64.79301045258
3	388	199.419938341682	59.59855411524
3	396	200.352368719038	58.263849381343
3	406	206.323613995859	59.336871489058
3	412	208.483546366863	60.713262828093
3	416	211.034177643623	54.562822069323
3	420	212.070097140493	53.809382952668
3	426	213.041995185203	49.893004073786
3	438	221.406628183472	56.138611222721
3	444	225.827190817615	39.30442371463
3	448	229.303847399441	41.551883877013
3	456	236.20856332265	43.239976346899
3	462	237.774507288181	41.914133754603
3	466	238.293771989533	42.303291492001
3	474	241.617803312572	42.126069733279
3	478	243.198683759386	43.525264990722
3	484	250.017825720634	49.616834437821
3	490	251.542757727575	51.135091893405
3	494	252.144622214066	49.553499963799
3	504	255.617203472705	47.330675143816
3	510	260.47996816477	48.296930038028
3	514	262.540401922666	49.406937182074
3	522	268.760162766791	55.224150407801
3	528	276.042752433255	61.41128355486
3	532	277.710523408914	60.160991739788
3	538	281.879914869765	59.226740751956
3	544	282.985974193164	51.951161283769
3	550	286.094832411193	51.25024925695
3	556	288.989458697342	51.677434713545
3	564	295.223731900182	56.644308300951
3	570	298.786772213224	57.491293005102
3	576	302.396886769351	53.808867679217
3	582	304.895257625593	54.251802872266
3	588	314.724495718717	62.215550802871
3	592	316.412128260876	62.584698897866
3	598	319.676600692393	64.288681530909
3	606	321.503361003045	63.919012711142
3	612	325.115431568863	62.120569384156
3	616	325.280661591262	61.632826541266
3	624	332.440703993254	58.90281486028
3	628	334.766044707165	53.404835688232
3	636	336.233952453488	53.785089291046
3	642	337.296654106658	52.769283013202
3	648	339.609207460225	51.304645393881
3	652	340.317865885513	49.211940718783
3	660	343.800874777846	50.301025581507
3	664	344.867613503389	49.609123371325
3	670	347.671443473253	46.399109585189
3	674	347.814116528132	43.379657825191
3	680	348.803573001735	40.782364069089
3	690	356.087003852736	36.955665090502
3	696	359.138390098572	38.284060825234
3	700	359.590492695553	38.655575795588
3	704	361.027389410215	38.332512329721
3	708	361.031782266087	30.977715216914
3	720	373.200016668363	40.844135268879
3	726	375.878240298937	40.29199851008
3	730	376.304684922628	40.594529309673
3	738	386.58047531225	50.246195200214
3	742	387.490587100784	50.042822588558
3	748	388.964180727924	48.092965801788
3	754	391.206672410454	49.734448585598
3	758	391.523755771234	44.174685940807
3	762	392.144094236675	43.952607513756
3	772	395.327335171671	46.380137282779
3	778	398.693379241209	49.544046329171
3	782	403.175094182635	51.675183641039
3	792	407.689401215332	50.076100811047
3	798	408.783466025788	46.254311513426
3	804	411.029007399303	47.137902429976
3	810	415.043246242724	49.386020265581
3	816	431.350099773185	63.715545011342
3	822	436.223284637138	61.80255950304
3	828	440.598250323888	64.163843183279
3	832	448.248081783499	68.545550576811
3	838	449.381909628893	60.422203068846
3	846	455.257758470006	65.718959745481
3	852	458.535271486536	66.347713912183
3	858	462.388733919716	68.668943834057
3	864	464.380859636677	69.977140336084
3	870	468.095316433475	71.038173278241
3	874	469.751087758115	65.818660065732
3	880	473.956128653282	67.911427441337
3	888	478.018063172883	70.887153308499
3	892	478.780710632828	70.61718567402
3	900	484.408122549676	74.952946439001
3	904	486.216213921219	73.542152339972
3	908	491.954840031167	76.585606052703
3	914	494.099170996263	59.984887043908
3	922	499.331188323018	62.263499746214
3	926	499.769572702754	51.268943427311
3	932	502.028684657573	49.616579813707
3	942	505.245114848072	52.616112160171
3	946	505.915957190324	50.297581252767
3	954	519.522334914865	60.099227099384
3	960	538.80785972793	75.245356438318
3	966	543.978912235855	76.299536335933
3	972	553.235501998643	80.109920428666
3	978	562.906618978327	87.769078058356
3	984	565.546617197198	90.372519385352
3	988	566.935385813909	83.257039070604
3	996	573.874974365386	90.170448792642
3	1002	574.710436637314	81.890796515248
3	1008	580.129277666587	84.003380880183
3	1014	582.046164980484	82.891863263857
3	1020	584.032899670319	83.596911631779
3	1026	590.912073926105	88.20257243376
3	1032	595.658312848876	92.444181694034
3	1038	599.210092695422	95.31346577103
3	1044	605.637268201428	99.53517182613
3	1048	607.540627650788	97.792645310237
3	1056	610.514933875504	89.291657171645
3	1060	611.421183897243	72.058397810384
3	1068	622.455528812723	77.529114874767
3	1074	630.631333249439	68.173435606414
3	1080	637.665661300151	73.018457037467
3	1086	638.538336985222	71.468225798305
3	1090	639.207574262942	70.746113026371
3	1096	645.113244719204	70.45459534415
3	1102	646.235396560579	69.05835216431
3	1110	654.420013472906	72.42257723801
3	1116	670.110822409651	86.877688162938
3	1120	670.877598403002	81.266620311335
3	1126	673.105789965094	78.768220655169
3	1134	681.080912604202	83.42588688882
3	1140	688.965577862613	87.204885463661
3	1146	692.849140643522	83.39751749475
3	1150	693.759996732535	83.274921558167
3	1154	694.176605504621	80.926961362973
3	1162	702.552340591212	88.612167252281
3	1170	728.716512869969	105.40477292901
3	1176	735.398757304497	100.73352942223
3	1180	741.241903617956	103.13748554708
3	1184	741.358866709981	101.31194440222
3	1190	745.004627330477	99.696170050619
3	1200	761.199671026277	113.91962777793
3	1206	764.554942468303	115.98180218724
3	1212	771.736342111092	114.53423090443
3	1218	774.019408130196	102.98301362515
3	1224	780.506536651003	106.60291566595
3	1230	782.674445757195	106.83286593799
3	1234	784.048790177838	102.00147564834
3	1238	784.08088868654	91.754003839071
3	1248	794.88041989431	98.092591245287
3	1252	795.909873574962	98.242366137966
3	1260	800.062018766857	97.345183843137
3	1266	809.854937167824	106.52390500673
3	1270	810.456873680059	80.751839249384
3	1278	813.694120075161	70.169297169889
3	1282	817.510002950319	71.692087780231
3	1286	819.280006937669	71.854142133828
3	1292	821.081035977154	66.740671287351
3	1298	821.830088244202	57.479182770527
3	1308	835.556289572664	67.207200911241
3	1314	845.31832715835	72.432818100848
3	1320	855.530786421718	80.083279597574
3	1324	857.719970727048	76.546732739871
3	1330	857.947753373288	73.405784184076
3	1338	867.938431577659	82.201562284101
3	1342	867.944125900867	81.886863977972
3	1346	872.181500911909	75.103352006795
3	1352	874.353247704586	75.62050024516
3	1358	874.576342125987	72.023075919735
3	1368	878.955397785128	67.850427969712
3	1372	879.375584493002	67.811057518529
3	1380	880.408573677235	60.303674814541
3	1384	881.188344042761	59.986036500546
3	1392	888.403468443287	66.129282614856
3	1398	894.574472043425	72.267660445825
3	1402	896.804161807625	73.793685931142
3	1410	899.099409731898	62.005744611194
3	1416	902.997635973725	53.025610805766
3	1422	905.465559732449	47.713582981223
3	1428	908.383691268163	50.263975182828
3	1434	910.083872148136	44.932822788477
3	1440	915.660283612834	41.674435723238
3	1446	919.945551201178	45.371582680055
3	1452	924.52572118828	48.877805251983
3	1456	924.586395080566	48.129389819336
3	1462	926.859998716146	48.859753332596
3	1468	927.941727655277	48.556052846894
3	1474	930.271633378789	50.825420249405
3	1482	934.340305541479	52.986740777872
3	1488	938.264956308098	52.907091994554
3	1494	943.681902118557	54.702480826871
3	1498	943.865154863518	46.878358069
3	1504	944.495133624722	45.41310960485
3	1510	945.762078174861	44.252890334292
3	1516	951.358698635348	47.99668679898
3	1524	956.41730807867	50.253216613536
3	1528	957.665615365994	49.190551513069
3	1534	961.464317189578	48.42796109714
3	1542	964.230590092557	47.734416418714
3	1546	966.281726529449	43.665483120928
3	1550	968.39075479062	42.215514286015
3	1556	975.067141803316	47.632168875484
3	1564	977.933834629187	47.751896404606
3	1570	980.943236306977	48.414176887285
3	1574	982.159983255752	48.230828116661
3	1584	987.477243774426	50.249165983344
4	226	102.385435809938	0
4	234	104.054188516068	0
4	238	105.388490752663	0
4	242	106.370033241048	0
4	252	110.607986405308	0
4	258	117.574768582177	0
4	262	120.316553332218	0
4	268	120.842156880904	0
4	276	130.174450506671	0
4	282	131.501908587082	0
4	288	132.634202865551	0
4	294	138.778438552881	0
4	300	141.658672583412	0
4	306	143.919489621624	0
4	310	146.304543155887	0
4	318	151.777223550706	0
4	322	154.410617668676	0
4	330	161.872077199365	0
4	336	164.525604155114	0
4	342	185.720188954427	0
4	348	187.404576290839	0
4	352	187.556318827798	0
4	358	190.631294949292	0
4	362	192.888376610742	0
4	368	193.877769627569	0
4	372	195.819181443142	0
4	380	196.496436158692	0
4	384	198.415463781932	0
4	388	199.419938341682	0
4	396	200.352368719038	0
4	406	206.323613995859	0
4	412	208.483546366863	0
4	416	211.034177643623	0
4	420	212.070097140493	0
4	426	213.041995185203	0
4	438	221.406628183472	0
4	444	225.827190817615	0
4	448	229.303847399441	0
4	456	236.20856332265	0
4	462	237.774507288181	0
4	466	238.293771989533	0
4	474	241.617803312572	0
4	478	243.198683759386	0
4	484	250.017825720634	0
4	490	251.542757727575	0
4	494	252.144622214066	0
4	504	255.617203472705	0
4	510	260.47996816477	0
4	514	262.540401922666	0
4	522	268.760162766791	0
4	528	276.042752433255	0
4	532	277.710523408914	0
4	538	281.879914869765	0
4	544	282.985974193164	0
4	550	286.094832411193	0
4	556	288.989458697342	0
4	564	295.223731900182	0
4	570	298.786772213224	0
4	576	302.396886769351	0
4	582	304.895257625593	0
4	588	314.724495718717	0
4	592	316.412128260876	0
4	598	319.676600692393	0
4	606	321.503361003045	0
4	612	325.115431568863	0
4	616	325.280661591262	0
4	624	332.440703993254	0
4	628	334.766044707165	0
4	636	336.233952453488	0
4	642	337.296654106658	0
4	648	339.609207460225	0
4	652	340.317865885513	0
4	660	343.800874777846	0
4	664	344.867613503389	0
4	670	347.671443473253	0
4	674	347.814116528132	0
4	680	348.803573001735	0
4	690	356.087003852736	0
4	696	359.138390098572	0
4	700	359.590492695553	0
4	704	361.027389410215	0
4	708	361.031782266087	0
4	720	373.200016668363	0
4	726	375.878240298937	0
4	730	376.304684922628	0
4	738	386.58047531225	0
4	742	387.490587100784	0
4	748	388.964180727924	0
4	754	391.206672410454	0
4	758	391.523755771234	0
4	762	392.144094236675	0
4	772	395.327335171671	0
4	778	398.693379241209	0
4	782	403.175094182635	0
4	792	407.689401215332	0
4	798	408.783466025788	0
4	804	411.029007399303	0
4	810	415.043246242724	0
4	816	431.350099773185	0
4	822	436.223284637138	0
4	828	440.598250323888	0
4	832	448.248081783499	0
4	838	449.381909628893	0
4	846	455.257758470006	0
4	852	458.535271486536	0
4	858	462.388733919716	0
4	864	464.380859636677	0
4	870	468.095316433475	0
4	874	469.751087758115	0
4	880	473.956128653282	0
4	888	478.018063172883	0
4	892	478.780710632828	0
4	900	484.408122549676	0
4	904	486.216213921219	0
4	908	491.954840031167	0
4	914	494.099170996263	0
4	922	499.331188323018	0
4	926	499.769572702754	0
4	932	502.028684657573	0
4	942	505.245114848072	0
4	946	505.915957190324	0
4	954	519.522334914865	0
4	960	538.80785972793	0
4	966	543.978912235855	0
4	972	553.235501998643	0
4	978	562.906618978327	0
4	984	565.546617197198	0
4	988	566.935385813909	0
4	996	573.874974365386	0
4	1002	574.710436637314	0
4	1008	580.129277666587	0
4	1014	582.046164980484	0
4	1020	584.032899670319	0
4	1026	590.912073926105	0
4	1032	595.658312848876	0
4	1038	599.210092695422	0
4	1044	605.637268201428	0
4	1048	607.540627650788	0
4	1056	610.514933875504	0
4	1060	611.421183897243	0
4	1068	622.455528812723	0
4	1074	630.631333249439	0
4	1080	637.665661300151	0
4	1086	638.538336985222	0
4	1090	639.207574262942	0
4	1096	645.113244719204	0
4	1102	646.235396560579	0
4	1110	654.420013472906	0
4	1116	670.110822409651	0
4	1120	670.877598403002	0
4	1126	673.105789965094	0
4	1134	681.080912604202	0
4	1140	688.965577862613	0
4	1146	692.849140643522	0
4	1150	693.759996732535	0
4	1154	694.176605504621	0
4	1162	702.552340591212	0
4	1170	728.716512869969	0
4	1176	735.398757304497	0
4	1180	741.241903617956	0
4	1184	741.358866709981	0
4	1190	745.004627330477	0
4	1200	761.199671026277	0
4	1206	764.554942468303	0
4	1212	771.736342111092	0
4	1218	774.019408130196	0
4	1224	780.506536651003	0
4	1230	782.674445757195	0
4	1234	784.048790177838	0
4	1238	784.08088868654	0
4	1248	794.88041989431	0
4	1252	795.909873574962	0
4	1260	800.062018766857	0
4	1266	809.854937167824	0
4	1270	810.456873680059	0
4	1278	813.694120075161	0
4	1282	817.510002950319	0
4	1286	819.280006937669	0
4	1292	821.081035977154	0
4	1298	821.830088244202	0
4	1308	835.556289572664	0
4	1314	845.31832715835	0
4	1320	855.530786421718	0
4	1324	857.719970727048	0
4	1330	857.947753373288	0
4	1338	867.938431577659	0
4	1342	867.944125900867	0
4	1346	872.181500911909	0
4	1352	874.353247704586	0
4	1358	874.576342125987	0
4	1368	878.955397785128	0
4	1372	879.375584493002	0
4	1380	880.408573677235	0
4	1384	881.188344042761	0
4	1392	888.403468443287	0
4	1398	894.574472043425	0
4	1402	896.804161807625	0
4	1410	899.099409731898	0
4	1416	902.997635973725	0
4	1422	905.465559732449	0
4	1428	908.383691268163	0
4	1434	910.083872148136	0
4	1440	915.660283612834	0
4	1446	919.945551201178	0
4	1452	924.52572118828	0
4	1456	924.586395080566	0
4	1462	926.859998716146	0
4	1468	927.941727655277	0
4	1474	930.271633378789	0
4	1482	934.340305541479	0
4	1488	938.264956308098	0
4	1494	943.681902118557	0
4	1498	943.865154863518	0
4	1504	944.495133624722	0
4	1510	945.762078174861	0
4	1516	951.358698635348	0
4	1524	956.41730807867	0
4	1528	957.665615365994	0
4	1534	961.464317189578	0
4	1542	964.230590092557	0
4	1546	966.281726529449	0
4	1550	968.39075479062	0
4	1556	975.067141803316	0
4	1564	977.933834629187	0
4	1570	980.943236306977	0
4	1574	982.159983255752	0
4	1584	987.477243774426	0
5	228	102.385435809938	2
5	229	102.426390279813	1
5	231	102.971054462609	0
5	236	104.054188516068	1
5	240	105.388490752663	2
5	244	106.370033241048	3
5	245	107.1016610755	2
5	247	108.317177023123	1
5	249	109.702750795569	0
5	254	110.607986405308	1
5	255	114.376564713455	0
5	260	117.574768582177	1
5	264	120.316553332218	2
5	265	120.677139991819	1
5	270	120.842156880904	2
5	271	123.076103008945	1
5	273	123.685208538071	0
5	278	130.174450506671	1
5	279	130.925059783645	0
5	284	131.501908587082	1
5	285	131.623509448817	0
5	290	132.634202865551	1
5	291	133.622453329352	0
5	296	138.778438552881	1
5	297	139.821384226442	0
5	302	141.658672583412	1
5	303	142.088519337695	0
5	308	143.919489621624	1
5	312	146.304543155887	2
5	313	146.986742506801	1
5	315	147.77028353877	0
5	320	151.777223550706	1
5	324	154.410617668676	2
5	325	156.4713555743	1
5	327	158.260714187825	0
5	332	161.872077199365	1
5	333	163.148991111417	0
5	338	164.525604155114	1
5	339	165.268016960751	0
5	344	185.720188954427	1
5	345	186.522767102985	0
5	350	187.404576290839	1
5	354	187.556318827798	2
5	355	187.751963522428	1
5	360	190.631294949292	2
5	364	192.888376610742	3
5	365	192.968586975751	2
5	370	193.877769627569	3
5	374	195.819181443142	4
5	375	195.860373533578	3
5	377	195.990480497532	2
5	382	196.496436158692	3
5	386	198.415463781932	4
5	390	199.419938341682	5
5	391	199.491733579293	4
5	393	199.673418768664	3
5	398	200.352368719038	4
5	399	200.400991282813	3
5	401	200.40766583417	2
5	403	202.591122250267	1
5	408	206.323613995859	2
5	409	208.286528328889	1
5	414	208.483546366863	2
5	418	211.034177643623	3
5	422	212.070097140493	4
5	423	212.183038126742	3
5	428	213.041995185203	4
5	429	213.133464740592	3
5	431	213.53601235899	2
5	433	214.631468878395	1
5	435	217.549531669126	0
5	440	221.406628183472	1
5	441	222.653174117809	0
5	446	225.827190817615	1
5	450	229.303847399441	2
5	451	231.034812909395	1
5	453	234.844583154243	0
5	458	236.20856332265	1
5	459	237.312023983797	0
5	464	237.774507288181	1
5	468	238.293771989533	2
5	469	238.579423599231	1
5	471	241.295479208122	0
5	476	241.617803312572	1
5	480	243.198683759386	2
5	481	248.588019090134	1
5	486	250.017825720634	2
5	487	250.643454753327	1
5	492	251.542757727575	2
5	496	252.144622214066	3
5	497	252.508944915846	2
5	499	253.82742936301	1
5	501	255.387919161484	0
5	506	255.617203472705	1
5	507	257.584348291903	0
5	512	260.47996816477	1
5	516	262.540401922666	2
5	517	262.994862184707	1
5	519	263.647835049996	0
5	524	268.760162766791	1
5	525	273.537889132974	0
5	530	276.042752433255	1
5	534	277.710523408914	2
5	535	281.361209018933	1
5	540	281.879914869765	2
5	541	282.448863162442	1
5	546	282.985974193164	2
5	547	284.527371093456	1
5	552	286.094832411193	2
5	553	288.304562066344	1
5	558	288.989458697342	2
5	559	291.10592516673	1
5	561	293.499849196339	0
5	566	295.223731900182	1
5	567	295.258490132064	0
5	572	298.786772213224	1
5	573	301.272333888064	0
5	578	302.396886769351	1
5	579	304.434458702941	0
5	584	304.895257625593	1
5	585	308.021208932646	0
5	590	314.724495718717	1
5	594	316.412128260876	2
5	595	319.131338762234	1
5	600	319.676600692393	2
5	601	320.854329273338	1
5	603	320.934916899965	0
5	608	321.503361003045	1
5	609	322.694877080494	0
5	614	325.115431568863	1
5	618	325.280661591262	2
5	619	330.054067049173	1
5	621	332.355881399484	0
5	626	332.440703993254	1
5	630	334.766044707165	2
5	631	335.586241788857	1
5	633	335.710155612955	0
5	638	336.233952453488	1
5	639	336.334280112036	0
5	644	337.296654106658	1
5	645	337.447764512226	0
5	650	339.609207460225	1
5	654	340.317865885513	2
5	655	340.871214926136	1
5	657	341.472223824856	0
5	662	343.800874777846	1
5	666	344.867613503389	2
5	667	347.349069830427	1
5	672	347.671443473253	2
5	676	347.814116528132	3
5	677	348.191486722919	2
5	682	348.803573001735	3
5	683	348.947197888892	2
5	685	349.149332912038	1
5	687	351.499910541596	0
5	692	356.087003852736	1
5	693	357.613300404285	0
5	698	359.138390098572	1
5	702	359.590492695553	2
5	706	361.027389410215	3
5	710	361.031782266087	4
5	711	362.529154512362	3
5	713	363.891104969327	2
5	715	365.657225977143	1
5	717	367.634554761843	0
5	722	373.200016668363	1
5	723	374.420725134098	0
5	728	375.878240298937	1
5	732	376.304684922628	2
5	733	376.434407140609	1
5	735	379.702531206688	0
5	740	386.58047531225	1
5	744	387.490587100784	2
5	745	388.959706560047	1
5	750	388.964180727924	2
5	751	389.538798724525	1
5	756	391.206672410454	2
5	760	391.523755771234	3
5	764	392.144094236675	4
5	765	392.187557574353	3
5	767	393.719790085659	2
5	769	394.403719300593	1
5	774	395.327335171671	2
5	775	397.057143155234	1
5	780	398.693379241209	2
5	784	403.175094182635	3
5	785	403.932427692383	2
5	787	406.044701211945	1
5	789	407.130909864384	0
5	794	407.689401215332	1
5	795	408.163524958808	0
5	800	408.783466025788	1
5	801	409.455176110675	0
5	806	411.029007399303	1
5	807	412.674061581247	0
5	812	415.043246242724	1
5	813	415.369233978464	0
5	818	431.350099773185	1
5	819	434.114283952355	0
5	824	436.223284637138	1
5	825	437.067688576804	0
5	830	440.598250323888	1
5	834	448.248081783499	2
5	835	448.500629275443	1
5	840	449.381909628893	2
5	841	452.412104843866	1
5	843	452.629002687901	0
5	848	455.257758470006	1
5	849	455.618375937557	0
5	854	458.535271486536	1
5	855	459.423107815481	0
5	860	462.388733919716	1
5	861	463.562503289612	0
5	866	464.380859636677	1
5	867	467.679375899922	0
5	872	468.095316433475	1
5	876	469.751087758115	2
5	877	473.125581569977	1
5	882	473.956128653282	2
5	883	475.137540919971	1
5	885	475.174097811846	0
5	890	478.018063172883	1
5	894	478.780710632828	2
5	895	483.678346743305	1
5	897	483.704525572744	0
5	902	484.408122549676	1
5	906	486.216213921219	2
5	910	491.954840031167	3
5	911	492.819640122066	2
5	916	494.099170996263	3
5	917	496.125896786404	2
5	919	499.154301716627	1
5	924	499.331188323018	2
5	928	499.769572702754	3
5	929	500.43598803854	2
5	934	502.028684657573	3
5	935	502.709501492345	2
5	937	503.214131154842	1
5	939	503.896626924392	0
5	944	505.245114848072	1
5	948	505.915957190324	2
5	949	506.102096375298	1
5	951	509.747982340551	0
5	956	519.522334914865	1
5	957	521.223276703859	0
5	962	538.80785972793	1
5	963	539.362786086859	0
5	968	543.978912235855	1
5	969	544.926413937956	0
5	974	553.235501998643	1
5	975	562.457897643025	0
5	980	562.906618978327	1
5	981	564.647204262684	0
5	986	565.546617197198	1
5	990	566.935385813909	2
5	991	567.070111186917	1
5	993	568.461461236571	0
5	998	573.874974365386	1
5	999	574.658649375054	0
5	1004	574.710436637314	1
5	1005	577.177044396269	0
5	1010	580.129277666587	1
5	1011	581.997436234896	0
5	1016	582.046164980484	1
5	1017	583.233134246713	0
5	1022	584.032899670319	1
5	1023	589.610978091667	0
5	1028	590.912073926105	1
5	1029	594.337569309925	0
5	1034	595.658312848876	1
5	1035	597.655025715382	0
5	1040	599.210092695422	1
5	1041	601.760692398952	0
5	1046	605.637268201428	1
5	1050	607.540627650788	2
5	1051	609.451623148772	1
5	1053	610.485075174368	0
5	1058	610.514933875504	1
5	1062	611.421183897243	2
5	1063	613.249644141648	1
5	1065	613.940173338931	0
5	1070	622.455528812723	1
5	1071	623.311739940961	0
5	1076	630.631333249439	1
5	1077	634.665227882267	0
5	1082	637.665661300151	1
5	1083	638.104418070871	0
5	1088	638.538336985222	1
5	1092	639.207574262942	2
5	1093	640.046922307766	1
5	1098	645.113244719204	2
5	1099	645.308457279858	1
5	1104	646.235396560579	2
5	1105	647.280043248346	1
5	1107	648.573140281059	0
5	1112	654.420013472906	1
5	1113	657.202111206667	0
5	1118	670.110822409651	1
5	1122	670.877598403002	2
5	1123	671.03639450505	1
5	1128	673.105789965094	2
5	1129	673.903620985052	1
5	1131	675.841579819203	0
5	1136	681.080912604202	1
5	1137	682.047314529501	0
5	1142	688.965577862613	1
5	1143	692.326884847469	0
5	1148	692.849140643522	1
5	1152	693.759996732535	2
5	1156	694.176605504621	3
5	1157	696.787828649023	2
5	1159	697.667507436996	1
5	1164	702.552340591212	2
5	1165	702.71683492372	1
5	1167	703.331032161092	0
5	1172	728.716512869969	1
5	1173	729.705034430675	0
5	1178	735.398757304497	1
5	1182	741.241903617956	2
5	1186	741.358866709981	3
5	1187	743.524822905272	2
5	1192	745.004627330477	3
5	1193	745.817915170088	2
5	1195	747.425864803841	1
5	1197	754.340364689803	0
5	1202	761.199671026277	1
5	1203	764.350905473675	0
5	1208	764.554942468303	1
5	1209	768.349088661423	0
5	1214	771.736342111092	1
5	1215	772.885509057502	0
5	1220	774.019408130196	1
5	1221	775.447506824144	0
5	1226	780.506536651003	1
5	1227	781.173237987177	0
5	1232	782.674445757195	1
5	1236	784.048790177838	2
5	1240	784.08088868654	3
5	1241	784.541969189212	2
5	1243	785.736869293558	1
5	1245	786.057261922895	0
5	1250	794.88041989431	1
5	1254	795.909873574962	2
5	1255	797.078148905114	1
5	1257	798.732747459426	0
5	1262	800.062018766857	1
5	1263	802.553266206252	0
5	1268	809.854937167824	1
5	1272	810.456873680059	2
5	1273	811.104969815416	1
5	1275	811.564526974473	0
5	1280	813.694120075161	1
5	1284	817.510002950319	2
5	1288	819.280006937669	3
5	1289	820.104898862694	2
5	1294	821.081035977154	3
5	1295	821.202307542215	2
5	1300	821.830088244202	3
5	1301	822.274185828431	2
5	1303	822.3068115976	1
5	1305	823.010475876483	0
5	1310	835.556289572664	1
5	1311	837.093665120704	0
5	1316	845.31832715835	1
5	1317	849.972025167959	0
5	1322	855.530786421718	1
5	1326	857.719970727048	2
5	1327	857.751976751226	1
5	1332	857.947753373288	2
5	1333	858.119716085335	1
5	1335	865.151049359659	0
5	1340	867.938431577659	1
5	1344	867.944125900867	2
5	1348	872.181500911909	3
5	1349	873.985847889596	2
5	1354	874.353247704586	3
5	1355	874.573968521123	2
5	1360	874.576342125987	3
5	1361	875.647915936297	2
5	1363	876.45700526123	1
5	1365	878.00024538355	0
5	1370	878.955397785128	1
5	1374	879.375584493002	2
5	1375	879.385674808383	1
5	1377	879.446213129384	0
5	1382	880.408573677235	1
5	1386	881.188344042761	2
5	1387	881.353564763607	1
5	1389	885.357864313544	0
5	1394	888.403468443287	1
5	1395	888.979421291686	0
5	1400	894.574472043425	1
5	1404	896.804161807625	2
5	1405	896.986796794518	1
5	1407	899.082024019872	0
5	1412	899.099409731898	1
5	1413	901.509187840569	0
5	1418	902.997635973725	1
5	1419	903.362011836368	0
5	1424	905.465559732449	1
5	1425	906.164091465134	0
5	1430	908.383691268163	1
5	1431	908.475063852925	0
5	1436	910.083872148136	1
5	1437	913.036356092438	0
5	1442	915.660283612834	1
5	1443	916.496173673843	0
5	1448	919.945551201178	1
5	1449	922.616243408521	0
5	1454	924.52572118828	1
5	1458	924.586395080566	2
5	1459	926.175240504605	1
5	1464	926.859998716146	2
5	1465	927.434972927832	1
5	1470	927.941727655277	2
5	1471	930.181938224581	1
5	1476	930.271633378789	2
5	1477	932.529059419692	1
5	1479	933.929155139091	0
5	1484	934.340305541479	1
5	1485	937.228077791082	0
5	1490	938.264956308098	1
5	1491	941.403225282533	0
5	1496	943.681902118557	1
5	1500	943.865154863518	2
5	1501	944.025467129066	1
5	1506	944.495133624722	2
5	1507	945.623798562464	1
5	1512	945.762078174861	2
5	1513	950.379246950127	1
5	1518	951.358698635348	2
5	1519	951.648440095979	1
5	1521	952.402671295305	0
5	1526	956.41730807867	1
5	1530	957.665615365994	2
5	1531	959.633295760567	1
5	1536	961.464317189578	2
5	1537	962.833426538924	1
5	1539	963.332067228225	0
5	1544	964.230590092557	1
5	1548	966.281726529449	2
5	1552	968.39075479062	3
5	1553	972.406462603764	2
5	1558	975.067141803316	3
5	1559	975.266433651903	2
5	1561	976.504418788722	1
5	1566	977.933834629187	2
5	1567	980.058469219863	1
5	1572	980.943236306977	2
5	1576	982.159983255752	3
5	1577	982.492195420881	2
5	1579	982.733378229893	1
5	1581	982.954025676692	0
5	1586	987.477243774426	1
5	1587	993.819848062166	0

