version 3
run General-26-20221103-10:28:22-6760
attr configname General
attr datetime 20221103-10:28:22
attr datetimef 20221103-102822
attr experiment General
attr inifile block.ini
attr iterationvars "$0=3, $1=30"
attr iterationvarsd 3/30
attr iterationvarsf 3,30-
attr measurement "$0=3, $1=30"
attr network Block
attr processid 6760
attr repetition 1
attr replication #1
attr resultdir results
attr runnumber 26
attr seedset 26
config network Block
config repeat 5
config sim-time-limit 1000s
config warmup-period 100s
config **.alloca.resourceModuleName "\"risorse\""
config **.dealloca.resourceModuleName "\"risorse\""
config **.is.delay exponential(3s)
config **.servente.serviceTime exponential(3s)
config **.dealloca.resourceAmount 2
config **.alloca.resourceAmount 2
config **.risorse.amount 6
config **.sorgente.numJobs (30)
config **.result-recording-modes all

vector 0 Block.is delayedJobs:vector ETV
attr interpolationmode sample-hold
attr recordingmode vector
attr title "number of delayed jobs"
vector 1 Block.alloca queueLength:vector ETV
attr interpolationmode sample-hold
attr recordingmode vector
attr title "queue length"
vector 2 Block.servente queueLength:vector ETV
attr interpolationmode sample-hold
attr recordingmode vector
attr title "queue length"
vector 3 Block.servente queueingTime:vector ETV
attr interpolationmode none
attr recordingmode vector
attr title "queueing time at dequeue"
attr unit s
vector 4 Block.alloca queueingTime:vector ETV
attr interpolationmode none
attr recordingmode vector
attr title "queueing time at dequeue"
attr unit s
vector 5 Block.risorse amount:vector ETV
attr interpolationmode sample-hold
attr recordingmode vector
attr title "available resource"
0	275	103.876222452319	2
0	280	104.502449570999	3
0	281	104.659351133348	2
0	286	105.425613485099	3
0	287	105.766128024319	2
0	292	106.142235769004	3
0	293	106.831518006253	2
0	295	110.550933566005	1
0	300	110.878841379833	2
0	304	111.088654081991	3
0	305	111.417478470208	2
0	307	111.700634269248	1
0	309	111.876644705498	0
0	314	113.598935591147	1
0	315	114.217416312166	0
0	320	121.075079383908	1
0	324	121.741179427587	2
0	325	125.266784547416	1
0	330	127.701741566711	2
0	331	130.907449665979	1
0	336	131.115321163692	2
0	340	131.307637245861	3
0	341	131.734952146017	2
0	346	132.172336954908	3
0	347	132.392011060681	2
0	349	132.427210802919	1
0	351	133.46024543709	0
0	356	135.611631396869	1
0	357	137.833856126067	0
0	362	137.835001808898	1
0	363	138.266124975582	0
0	368	141.487568341615	1
0	369	142.151845328024	0
0	374	142.746464424682	1
0	375	143.089988793104	0
0	380	149.431374018395	1
0	381	152.436309078689	0
0	386	152.593928190556	1
0	390	153.367059061982	2
0	391	155.608981186404	1
0	396	157.124157602511	2
0	397	158.356271619242	1
0	399	161.698489100537	0
0	404	163.903363768851	1
0	405	166.033071699269	0
0	410	166.042601313248	1
0	414	170.501259700831	2
0	418	170.933158346712	3
0	419	172.294224975736	2
0	421	173.510596744223	1
0	426	174.206131713128	2
0	430	176.012133327313	3
0	434	177.461553132777	4
0	435	177.580255120733	3
0	437	180.002510960031	2
0	439	180.588129219613	1
0	444	180.749406297711	2
0	448	183.323043478194	3
0	452	184.371250332748	4
0	453	184.624972000047	3
0	458	185.133658587373	4
0	459	185.347826985268	3
0	461	185.36106807794	2
0	463	186.263102577014	1
0	468	189.719701844602	2
0	472	190.471413679817	3
0	476	191.71265091619	4
0	480	192.396424928997	5
0	481	192.473254380646	4
0	483	192.662750895816	3
0	485	192.786103785431	2
0	490	192.908481158257	3
0	491	193.43079668065	2
0	496	193.903624973547	3
0	497	194.490267870257	2
0	499	194.838533431308	1
0	504	197.329382441915	2
0	508	198.44190398364	3
0	509	200.297867807042	2
0	511	201.147741587862	1
0	513	203.300453649752	0
0	518	204.030007926115	1
0	522	205.023443791282	2
0	523	206.838355817096	1
0	525	207.647900395871	0
0	530	208.363176793155	1
0	534	209.211491796925	2
0	535	209.401961502859	1
0	537	212.466157528142	0
0	542	216.56008695089	1
0	543	216.767331680826	0
0	548	217.589129428004	1
0	549	218.643725631645	0
0	554	220.190413134171	1
0	555	223.032554050506	0
0	560	223.698400895005	1
0	561	223.738971526681	0
0	566	232.954835139188	1
0	567	234.399907979855	0
0	572	234.795992043732	1
0	576	235.702677634339	2
0	580	237.723300466868	3
0	581	238.210736801066	2
0	583	238.614592358746	1
0	588	241.071697227087	2
0	589	241.400168635418	1
0	594	242.286872886361	2
0	595	243.046384918161	1
0	600	243.340345026375	2
0	601	245.772977267173	1
0	606	246.914337867864	2
0	607	246.929509093962	1
0	609	247.671591096886	0
0	614	247.833921681052	1
0	618	248.427203352139	2
0	619	249.194811572557	1
0	624	249.644143021143	2
0	628	250.5284499658	3
0	629	250.611491221112	2
0	634	250.829638215607	3
0	635	251.097044150955	2
0	637	251.566410652401	1
0	642	252.160335186125	2
0	643	252.783843429643	1
0	645	252.829248250944	0
0	650	253.509837036336	1
0	651	254.423470437386	0
0	656	258.019025330171	1
0	657	261.126330790245	0
0	662	274.997816769387	1
0	663	275.770696722834	0
0	668	279.294652900368	1
0	669	281.458998297364	0
0	674	281.935579488721	1
0	678	283.524257702332	2
0	682	284.944924799156	3
0	683	285.49892121908	2
0	688	286.826000286533	3
0	692	288.550919137927	4
0	693	289.827669389654	3
0	695	289.880417729039	2
0	697	293.75034774843	1
0	699	294.39282614725	0
0	704	302.116430432736	1
0	708	303.521562715713	2
0	709	303.843991423342	1
0	714	305.946033929169	2
0	715	306.190418828035	1
0	720	306.571123087376	2
0	721	308.992867838535	1
0	726	309.929742872584	2
0	727	310.560885626014	1
0	729	312.839633797569	0
0	734	314.023900359354	1
0	735	316.580809168595	0
0	740	318.776460709737	1
0	741	322.774830544629	0
0	746	325.416914032805	1
0	750	329.444690921746	2
0	751	329.872369359332	1
0	756	335.570195225936	2
0	757	335.931455516028	1
0	762	336.221088877498	2
0	763	338.705183176669	1
0	765	339.849074772423	0
0	770	344.754860741135	1
0	771	344.935443329331	0
0	776	345.445580609759	1
0	777	347.905366340161	0
0	782	349.044969266299	1
0	786	349.362660897716	2
0	787	349.664863660108	1
0	792	349.823692836589	2
0	793	351.039176686095	1
0	798	352.517619632878	2
0	799	352.704223546683	1
0	804	354.610819897029	2
0	805	354.659007164382	1
0	810	355.573064653967	2
0	811	357.075133467293	1
0	813	357.258599552521	0
0	818	358.086309724126	1
0	819	359.010631367129	0
0	824	360.12165241335	1
0	828	360.385118856283	2
0	829	360.604152640652	1
0	834	360.666630970527	2
0	835	360.936813888179	1
0	837	362.157846914236	0
0	842	363.646663145558	1
0	846	363.984188883971	2
0	847	364.482076876712	1
0	852	369.67215163755	2
0	856	370.549597715423	3
0	857	371.058875865559	2
0	859	371.177755166183	1
0	861	372.35667250049	0
0	866	377.641961258108	1
0	870	380.218966801723	2
0	871	380.688966604294	1
0	873	382.514908938592	0
0	878	382.526450788009	1
0	879	388.612783122178	0
0	884	393.696553248761	1
0	885	394.736320811834	0
0	890	397.924488880098	1
0	891	398.088340576355	0
0	896	398.214178197349	1
0	897	400.737255639767	0
0	902	402.344323891611	1
0	906	402.373432748947	2
0	907	402.947263927848	1
0	909	403.074074293349	0
0	914	403.854576586028	1
0	915	404.893770093752	0
0	920	409.460359997536	1
0	924	412.550422299883	2
0	928	413.113011201201	3
0	929	413.148686243306	2
0	931	413.372271430432	1
0	936	415.762260445148	2
0	940	419.074430120185	3
0	941	419.758913466719	2
0	943	421.659594643448	1
0	948	423.370965676614	2
0	952	426.393892378516	3
0	953	427.281618435401	2
0	955	430.092474466012	1
0	960	431.461168596549	2
0	964	432.108922015054	3
0	965	434.966002405703	2
0	967	437.087288596466	1
0	972	437.858078494734	2
0	973	438.264914346556	1
0	978	438.717501585198	2
0	979	439.933780010965	1
0	984	447.006232980721	2
0	988	447.812656720496	3
0	989	448.150594697594	2
0	994	448.503101928863	3
0	998	449.720772689046	4
0	999	450.406624020164	3
0	1001	450.9682081936	2
0	1006	451.167849183575	3
0	1010	451.930080606363	4
0	1014	453.491542273703	5
0	1015	453.599325088561	4
0	1017	453.953615314155	3
0	1019	454.005572648021	2
0	1021	455.866259579015	1
0	1026	456.539570504692	2
0	1027	456.812722959186	1
0	1032	457.177985799551	2
0	1033	458.741643947247	1
0	1038	459.684162811943	2
0	1039	461.241764093538	1
0	1044	463.290639302162	2
0	1045	466.347060796617	1
0	1047	467.592687627261	0
0	1052	475.513926523126	1
0	1056	477.524321411813	2
0	1060	478.092441782463	3
0	1061	481.200937467286	2
0	1063	481.230412838002	1
0	1068	483.396625092549	2
0	1069	484.485574059119	1
0	1074	485.355913590579	2
0	1075	485.950906064241	1
0	1077	490.233901692676	0
0	1082	496.159058748007	1
0	1083	497.789068012124	0
0	1088	500.133986825674	1
0	1092	502.177415393661	2
0	1093	503.370720437762	1
0	1098	504.616659105103	2
0	1102	505.018083579872	3
0	1103	505.587088621066	2
0	1105	505.992634872177	1
0	1107	507.190267718907	0
0	1112	507.476957845992	1
0	1113	507.783742680379	0
0	1118	509.664443552706	1
0	1119	510.136668558376	0
0	1124	512.603373653864	1
0	1125	514.465822284471	0
0	1130	522.902527118944	1
0	1134	524.315651417758	2
0	1138	524.827113508633	3
0	1139	525.207820156709	2
0	1144	525.449716772853	3
0	1145	525.876281011717	2
0	1147	527.026411133183	1
0	1149	529.889596148057	0
0	1154	531.052270590501	1
0	1158	531.170007945744	2
0	1159	531.723642769296	1
0	1164	533.776499627757	2
0	1168	534.02624055703	3
0	1172	534.048054068604	4
0	1173	534.15171782905	3
0	1178	534.536028844557	4
0	1179	535.36860690816	3
0	1181	535.900356498369	2
0	1183	536.614196204082	1
0	1185	539.197117674854	0
0	1190	541.703240558741	1
0	1194	541.71588649024	2
0	1195	541.734047415509	1
0	1197	542.187950839337	0
0	1202	550.325088949926	1
0	1203	550.641667411373	0
0	1208	550.971424760558	1
0	1212	552.801177171855	2
0	1216	552.81284599526	3
0	1217	553.146106849629	2
0	1219	555.203527314391	1
0	1224	555.670903212376	2
0	1225	555.9422561111	1
0	1227	556.232662787623	0
0	1232	560.127828023039	1
0	1236	561.217774874836	2
0	1237	561.446446357634	1
0	1242	562.625656242224	2
0	1243	564.081622463331	1
0	1245	566.878733140831	0
0	1250	568.48222582883	1
0	1251	569.689151422151	0
0	1256	577.257582025181	1
0	1260	577.891897818827	2
0	1264	578.730738917076	3
0	1265	578.892230457433	2
0	1267	579.204244612763	1
0	1269	581.994503553423	0
0	1274	583.909696374055	1
0	1278	585.145410724091	2
0	1279	585.162442945465	1
0	1281	586.609117549105	0
0	1286	591.566093087086	1
0	1290	592.091645866541	2
0	1291	592.818895690304	1
0	1296	598.244038947916	2
0	1297	599.450780585405	1
0	1299	599.703032457018	0
0	1304	602.780984142939	1
0	1308	603.376741432557	2
0	1309	606.794251051421	1
0	1314	606.85793234297	2
0	1318	607.437674917157	3
0	1319	607.466170008413	2
0	1321	607.633285423495	1
0	1323	607.945799871436	0
0	1328	613.988452708212	1
0	1332	615.393822435569	2
0	1333	618.637478142826	1
0	1335	619.115294548498	0
0	1340	619.233987981906	1
0	1344	619.608061325823	2
0	1348	620.044756202305	3
0	1349	620.7269899607	2
0	1351	621.10323749862	1
0	1356	621.689406474266	2
0	1360	625.18716552006	3
0	1364	625.609530496815	4
0	1365	625.745648588904	3
0	1367	626.265929625442	2
0	1372	626.473569092595	3
0	1373	626.674757428643	2
0	1378	626.878439524338	3
0	1379	632.206731127131	2
0	1381	633.977186391942	1
0	1386	639.567934694542	2
0	1387	639.707256912167	1
0	1392	640.375109162317	2
0	1393	642.632938097551	1
0	1395	645.72840388072	0
0	1400	648.839439663788	1
0	1401	649.434663258941	0
0	1406	652.170025861661	1
0	1410	652.571822950461	2
0	1411	652.701135347506	1
0	1416	655.855340023309	2
0	1420	656.027121496609	3
0	1421	656.128314310118	2
0	1423	656.266636115004	1
0	1428	657.90508038372	2
0	1429	657.971253553877	1
0	1431	659.022390606415	0
0	1436	660.794540511491	1
0	1440	662.637271436606	2
0	1441	665.130886283638	1
0	1443	665.608818623915	0
0	1448	666.648388087402	1
0	1452	670.612829496651	2
0	1453	671.506814414072	1
0	1458	672.405170867014	2
0	1459	673.515088856459	1
0	1461	673.652774548894	0
0	1466	676.789298467627	1
0	1467	677.553460543672	0
0	1472	678.583619131037	1
0	1473	678.643318445304	0
0	1478	679.580502733203	1
0	1482	680.021607231081	2
0	1486	680.696830495004	3
0	1487	680.872251249398	2
0	1492	682.475492525137	3
0	1496	683.619498584668	4
0	1497	683.675329532457	3
0	1499	684.618724499001	2
0	1504	686.746236343778	3
0	1505	687.13819658316	2
0	1507	687.889159665181	1
0	1509	688.155369934997	0
0	1514	689.933530716894	1
0	1515	691.853397623884	0
0	1520	694.420847128425	1
0	1524	698.227321093135	2
0	1525	698.30908331077	1
0	1530	699.191056799407	2
0	1531	699.560504195413	1
0	1536	702.02043260703	2
0	1537	703.021130149808	1
0	1539	703.589964321457	0
0	1544	708.055439031234	1
0	1545	708.217610272616	0
0	1550	714.13319236853	1
0	1554	716.045467460244	2
0	1558	716.814266541283	3
0	1562	716.888952626716	4
0	1563	717.386783910251	3
0	1565	717.971801349284	2
0	1570	719.624734211905	3
0	1571	721.271310526436	2
0	1573	721.472109130553	1
0	1578	722.430531711491	2
0	1582	722.730664193636	3
0	1586	723.491090901403	4
0	1590	723.656315194239	5
0	1594	723.737321892071	6
0	1595	723.879921410877	5
0	1597	724.51728492969	4
0	1599	724.544346289528	3
0	1604	725.508201270021	4
0	1605	725.520914630878	3
0	1607	725.764109464612	2
0	1609	726.398588560753	1
0	1614	726.437062406175	2
0	1615	726.668349263113	1
0	1617	727.774276734204	0
0	1622	732.056859974575	1
0	1623	732.144542937528	0
0	1628	732.251683918295	1
0	1632	736.732666620672	2
0	1633	737.917997410135	1
0	1638	738.422964134178	2
0	1639	738.602382488779	1
0	1644	739.092101324803	2
0	1648	740.444787046087	3
0	1649	741.262179582761	2
0	1654	747.136459264964	3
0	1658	748.35479485674	4
0	1659	748.88457904789	3
0	1664	748.913465980014	4
0	1665	751.369876762263	3
0	1667	751.526471633936	2
0	1672	751.588357070949	3
0	1673	753.381118805343	2
0	1678	754.523986852824	3
0	1679	755.023618420858	2
0	1681	756.469081952077	1
0	1683	759.16077214516	0
0	1688	760.929396352204	1
0	1689	761.377675770188	0
0	1694	767.174596411316	1
0	1698	768.427680504513	2
0	1702	768.492196798663	3
0	1706	768.970874242775	4
0	1707	769.831985543654	3
0	1709	769.899346713796	2
0	1711	770.681521777007	1
0	1713	771.110916495332	0
0	1718	774.146514180117	1
0	1722	774.358242518564	2
0	1723	774.629116360025	1
0	1728	777.013749694228	2
0	1729	777.300681206614	1
0	1734	778.768451064484	2
0	1735	778.984432841052	1
0	1740	779.378804040693	2
0	1741	779.546257629934	1
0	1746	781.289815124375	2
0	1747	783.700894696019	1
0	1752	784.492670632606	2
0	1753	785.113891977207	1
0	1755	785.275692626594	0
0	1760	788.008121715597	1
0	1761	789.061854965524	0
0	1766	790.351738059459	1
0	1767	791.700815077357	0
0	1772	792.4091927898	1
0	1776	795.419379589633	2
0	1780	796.141497828926	3
0	1781	796.564041066606	2
0	1783	799.262888834378	1
0	1788	802.522351356841	2
0	1792	803.162654042909	3
0	1793	804.332667627581	2
0	1795	804.812413668238	1
0	1800	806.951226583836	2
0	1801	814.246488431378	1
0	1806	816.426174874433	2
0	1810	816.455947794527	3
0	1811	816.611042911843	2
0	1813	817.185413030683	1
0	1818	818.066777349225	2
0	1819	819.151816448927	1
0	1824	821.483230572497	2
0	1828	822.093984768914	3
0	1832	822.902931427541	4
0	1833	823.067550860371	3
0	1835	823.251415486418	2
0	1837	824.323396990862	1
0	1839	824.822615287205	0
0	1844	825.190120869304	1
0	1845	826.020939022592	0
0	1850	826.80805813167	1
0	1854	830.890562304787	2
0	1858	831.231249102591	3
0	1859	831.784080175907	2
0	1864	832.768264000785	3
0	1865	834.80302918113	2
0	1867	835.352407393498	1
0	1872	836.163381300815	2
0	1873	836.220974225883	1
0	1875	838.727110159868	0
0	1880	841.468792481279	1
0	1881	841.907749799698	0
0	1886	842.544053402033	1
0	1887	845.982946385291	0
0	1892	848.745629946662	1
0	1893	848.922022304025	0
0	1898	850.545273537922	1
0	1899	854.288970823376	0
0	1904	861.124365716294	1
0	1905	863.543890076816	0
0	1910	880.211850219717	1
0	1914	881.731172253501	2
0	1918	881.985013921898	3
0	1919	882.017551940357	2
0	1921	882.119908319638	1
0	1926	882.626219144764	2
0	1927	882.876626056685	1
0	1929	884.39099806016	0
0	1934	884.800508669927	1
0	1938	886.709000863799	2
0	1942	887.792807692052	3
0	1943	888.34154707423	2
0	1945	889.699288147641	1
0	1950	890.502770613605	2
0	1954	891.298722810782	3
0	1955	891.453225452652	2
0	1960	893.098307237646	3
0	1964	893.12593593322	4
0	1965	894.220337864467	3
0	1967	894.961667874485	2
0	1972	895.824348941975	3
0	1973	896.37300835634	2
0	1978	897.639397864169	3
0	1979	897.705402028675	2
0	1981	897.930783117174	1
0	1983	899.965701248594	0
0	1988	900.795046456575	1
0	1992	900.856417353185	2
0	1993	903.666448580582	1
0	1998	903.668018441265	2
0	1999	904.770769700934	1
0	2001	905.611797620904	0
0	2006	907.649818699987	1
0	2010	908.729924723327	2
0	2014	910.070058643921	3
0	2015	911.220106463891	2
0	2020	911.614335140107	3
0	2021	912.234472845028	2
0	2026	916.469820503353	3
0	2027	916.509005107777	2
0	2029	916.948966924631	1
0	2034	917.83972713282	2
0	2038	918.020681029803	3
0	2039	918.184235632696	2
0	2044	918.76421830738	3
0	2048	919.424178994277	4
0	2052	920.56987836211	5
0	2053	921.980302033763	4
0	2055	922.141969781211	3
0	2057	922.370617258892	2
0	2059	922.963837721052	1
0	2061	925.004832154593	0
0	2066	925.532680105182	1
0	2070	927.295143642474	2
0	2074	927.418424851524	3
0	2075	927.629124358653	2
0	2080	927.906454601203	3
0	2081	928.465356083353	2
0	2083	928.494834548647	1
0	2085	929.303917422932	0
0	2090	929.458689008582	1
0	2091	932.163456031446	0
0	2096	933.08986318843	1
0	2100	933.358282702678	2
0	2101	933.385574536207	1
0	2103	934.627206539336	0
0	2108	935.431461222098	1
0	2109	935.892623486442	0
0	2114	938.9673131777	1
0	2115	939.820583297226	0
0	2120	940.27529222997	1
0	2121	941.60155686759	0
0	2126	946.637417613145	1
0	2130	950.68683643572	2
0	2131	951.543089873661	1
0	2136	953.601418298355	2
0	2137	954.982314730065	1
0	2139	956.287763351394	0
0	2144	956.900277631871	1
0	2145	957.424757626694	0
0	2150	965.731292016125	1
0	2154	966.48337753752	2
0	2158	966.492703745418	3
0	2159	966.956393188983	2
0	2161	968.4639690979	1
0	2166	970.581532255106	2
0	2170	971.051491183809	3
0	2171	971.220047306623	2
0	2173	971.421277787145	1
0	2175	975.873780587675	0
0	2180	976.74519472292	1
0	2181	976.877845915831	0
0	2186	977.941152553464	1
0	2187	979.406123853174	0
0	2192	983.136165757094	1
0	2196	983.397002828118	2
0	2200	984.589732693081	3
0	2201	985.145426623838	2
0	2203	986.26477380257	1
0	2205	986.707589924048	0
0	2210	988.787581690241	1
0	2211	991.289292090833	0
0	2216	992.917536411485	1
0	2220	993.943518634289	2
0	2221	994.700002303622	1
0	2226	996.839446271421	2
0	2230	997.368652115495	3
0	2231	998.030403254866	2
0	2236	999.132176877238	3
0	2237	999.621459065933	2
0	2239	999.815297130007	1
1	276	103.876222452319	25
1	278	104.502449570999	24
1	282	104.659351133348	25
1	284	105.425613485099	24
1	288	105.766128024319	25
1	290	106.142235769004	24
1	294	106.831518006253	25
1	296	110.550933566005	26
1	298	110.878841379833	25
1	302	111.088654081991	24
1	306	111.417478470208	25
1	308	111.700634269248	26
1	310	111.876644705498	27
1	312	113.598935591147	26
1	316	114.217416312166	27
1	318	121.075079383908	26
1	322	121.741179427587	25
1	326	125.266784547416	26
1	328	127.701741566711	25
1	332	130.907449665979	26
1	334	131.115321163692	25
1	338	131.307637245861	24
1	342	131.734952146017	25
1	344	132.172336954908	24
1	348	132.392011060681	25
1	350	132.427210802919	26
1	352	133.46024543709	27
1	354	135.611631396869	26
1	358	137.833856126067	27
1	360	137.835001808898	26
1	364	138.266124975582	27
1	366	141.487568341615	26
1	370	142.151845328024	27
1	372	142.746464424682	26
1	376	143.089988793104	27
1	378	149.431374018395	26
1	382	152.436309078689	27
1	384	152.593928190556	26
1	388	153.367059061982	25
1	392	155.608981186404	26
1	394	157.124157602511	25
1	398	158.356271619242	26
1	400	161.698489100537	27
1	402	163.903363768851	26
1	406	166.033071699269	27
1	408	166.042601313248	26
1	412	170.501259700831	25
1	416	170.933158346712	24
1	420	172.294224975736	25
1	422	173.510596744223	26
1	424	174.206131713128	25
1	428	176.012133327313	24
1	432	177.461553132777	23
1	436	177.580255120733	24
1	438	180.002510960031	25
1	440	180.588129219613	26
1	442	180.749406297711	25
1	446	183.323043478194	24
1	450	184.371250332748	23
1	454	184.624972000047	24
1	456	185.133658587373	23
1	460	185.347826985268	24
1	462	185.36106807794	25
1	464	186.263102577014	26
1	466	189.719701844602	25
1	470	190.471413679817	24
1	474	191.71265091619	23
1	478	192.396424928997	22
1	482	192.473254380646	23
1	484	192.662750895816	24
1	486	192.786103785431	25
1	488	192.908481158257	24
1	492	193.43079668065	25
1	494	193.903624973547	24
1	498	194.490267870257	25
1	500	194.838533431308	26
1	502	197.329382441915	25
1	506	198.44190398364	24
1	510	200.297867807042	25
1	512	201.147741587862	26
1	514	203.300453649752	27
1	516	204.030007926115	26
1	520	205.023443791282	25
1	524	206.838355817096	26
1	526	207.647900395871	27
1	528	208.363176793155	26
1	532	209.211491796925	25
1	536	209.401961502859	26
1	538	212.466157528142	27
1	540	216.56008695089	26
1	544	216.767331680826	27
1	546	217.589129428004	26
1	550	218.643725631645	27
1	552	220.190413134171	26
1	556	223.032554050506	27
1	558	223.698400895005	26
1	562	223.738971526681	27
1	564	232.954835139188	26
1	568	234.399907979855	27
1	570	234.795992043732	26
1	574	235.702677634339	25
1	578	237.723300466868	24
1	582	238.210736801066	25
1	584	238.614592358746	26
1	586	241.071697227087	25
1	590	241.400168635418	26
1	592	242.286872886361	25
1	596	243.046384918161	26
1	598	243.340345026375	25
1	602	245.772977267173	26
1	604	246.914337867864	25
1	608	246.929509093962	26
1	610	247.671591096886	27
1	612	247.833921681052	26
1	616	248.427203352139	25
1	620	249.194811572557	26
1	622	249.644143021143	25
1	626	250.5284499658	24
1	630	250.611491221112	25
1	632	250.829638215607	24
1	636	251.097044150955	25
1	638	251.566410652401	26
1	640	252.160335186125	25
1	644	252.783843429643	26
1	646	252.829248250944	27
1	648	253.509837036336	26
1	652	254.423470437386	27
1	654	258.019025330171	26
1	658	261.126330790245	27
1	660	274.997816769387	26
1	664	275.770696722834	27
1	666	279.294652900368	26
1	670	281.458998297364	27
1	672	281.935579488721	26
1	676	283.524257702332	25
1	680	284.944924799156	24
1	684	285.49892121908	25
1	686	286.826000286533	24
1	690	288.550919137927	23
1	694	289.827669389654	24
1	696	289.880417729039	25
1	698	293.75034774843	26
1	700	294.39282614725	27
1	702	302.116430432736	26
1	706	303.521562715713	25
1	710	303.843991423342	26
1	712	305.946033929169	25
1	716	306.190418828035	26
1	718	306.571123087376	25
1	722	308.992867838535	26
1	724	309.929742872584	25
1	728	310.560885626014	26
1	730	312.839633797569	27
1	732	314.023900359354	26
1	736	316.580809168595	27
1	738	318.776460709737	26
1	742	322.774830544629	27
1	744	325.416914032805	26
1	748	329.444690921746	25
1	752	329.872369359332	26
1	754	335.570195225936	25
1	758	335.931455516028	26
1	760	336.221088877498	25
1	764	338.705183176669	26
1	766	339.849074772423	27
1	768	344.754860741135	26
1	772	344.935443329331	27
1	774	345.445580609759	26
1	778	347.905366340161	27
1	780	349.044969266299	26
1	784	349.362660897716	25
1	788	349.664863660108	26
1	790	349.823692836589	25
1	794	351.039176686095	26
1	796	352.517619632878	25
1	800	352.704223546683	26
1	802	354.610819897029	25
1	806	354.659007164382	26
1	808	355.573064653967	25
1	812	357.075133467293	26
1	814	357.258599552521	27
1	816	358.086309724126	26
1	820	359.010631367129	27
1	822	360.12165241335	26
1	826	360.385118856283	25
1	830	360.604152640652	26
1	832	360.666630970527	25
1	836	360.936813888179	26
1	838	362.157846914236	27
1	840	363.646663145558	26
1	844	363.984188883971	25
1	848	364.482076876712	26
1	850	369.67215163755	25
1	854	370.549597715423	24
1	858	371.058875865559	25
1	860	371.177755166183	26
1	862	372.35667250049	27
1	864	377.641961258108	26
1	868	380.218966801723	25
1	872	380.688966604294	26
1	874	382.514908938592	27
1	876	382.526450788009	26
1	880	388.612783122178	27
1	882	393.696553248761	26
1	886	394.736320811834	27
1	888	397.924488880098	26
1	892	398.088340576355	27
1	894	398.214178197349	26
1	898	400.737255639767	27
1	900	402.344323891611	26
1	904	402.373432748947	25
1	908	402.947263927848	26
1	910	403.074074293349	27
1	912	403.854576586028	26
1	916	404.893770093752	27
1	918	409.460359997536	26
1	922	412.550422299883	25
1	926	413.113011201201	24
1	930	413.148686243306	25
1	932	413.372271430432	26
1	934	415.762260445148	25
1	938	419.074430120185	24
1	942	419.758913466719	25
1	944	421.659594643448	26
1	946	423.370965676614	25
1	950	426.393892378516	24
1	954	427.281618435401	25
1	956	430.092474466012	26
1	958	431.461168596549	25
1	962	432.108922015054	24
1	966	434.966002405703	25
1	968	437.087288596466	26
1	970	437.858078494734	25
1	974	438.264914346556	26
1	976	438.717501585198	25
1	980	439.933780010965	26
1	982	447.006232980721	25
1	986	447.812656720496	24
1	990	448.150594697594	25
1	992	448.503101928863	24
1	996	449.720772689046	23
1	1000	450.406624020164	24
1	1002	450.9682081936	25
1	1004	451.167849183575	24
1	1008	451.930080606363	23
1	1012	453.491542273703	22
1	1016	453.599325088561	23
1	1018	453.953615314155	24
1	1020	454.005572648021	25
1	1022	455.866259579015	26
1	1024	456.539570504692	25
1	1028	456.812722959186	26
1	1030	457.177985799551	25
1	1034	458.741643947247	26
1	1036	459.684162811943	25
1	1040	461.241764093538	26
1	1042	463.290639302162	25
1	1046	466.347060796617	26
1	1048	467.592687627261	27
1	1050	475.513926523126	26
1	1054	477.524321411813	25
1	1058	478.092441782463	24
1	1062	481.200937467286	25
1	1064	481.230412838002	26
1	1066	483.396625092549	25
1	1070	484.485574059119	26
1	1072	485.355913590579	25
1	1076	485.950906064241	26
1	1078	490.233901692676	27
1	1080	496.159058748007	26
1	1084	497.789068012124	27
1	1086	500.133986825674	26
1	1090	502.177415393661	25
1	1094	503.370720437762	26
1	1096	504.616659105103	25
1	1100	505.018083579872	24
1	1104	505.587088621066	25
1	1106	505.992634872177	26
1	1108	507.190267718907	27
1	1110	507.476957845992	26
1	1114	507.783742680379	27
1	1116	509.664443552706	26
1	1120	510.136668558376	27
1	1122	512.603373653864	26
1	1126	514.465822284471	27
1	1128	522.902527118944	26
1	1132	524.315651417758	25
1	1136	524.827113508633	24
1	1140	525.207820156709	25
1	1142	525.449716772853	24
1	1146	525.876281011717	25
1	1148	527.026411133183	26
1	1150	529.889596148057	27
1	1152	531.052270590501	26
1	1156	531.170007945744	25
1	1160	531.723642769296	26
1	1162	533.776499627757	25
1	1166	534.02624055703	24
1	1170	534.048054068604	23
1	1174	534.15171782905	24
1	1176	534.536028844557	23
1	1180	535.36860690816	24
1	1182	535.900356498369	25
1	1184	536.614196204082	26
1	1186	539.197117674854	27
1	1188	541.703240558741	26
1	1192	541.71588649024	25
1	1196	541.734047415509	26
1	1198	542.187950839337	27
1	1200	550.325088949926	26
1	1204	550.641667411373	27
1	1206	550.971424760558	26
1	1210	552.801177171855	25
1	1214	552.81284599526	24
1	1218	553.146106849629	25
1	1220	555.203527314391	26
1	1222	555.670903212376	25
1	1226	555.9422561111	26
1	1228	556.232662787623	27
1	1230	560.127828023039	26
1	1234	561.217774874836	25
1	1238	561.446446357634	26
1	1240	562.625656242224	25
1	1244	564.081622463331	26
1	1246	566.878733140831	27
1	1248	568.48222582883	26
1	1252	569.689151422151	27
1	1254	577.257582025181	26
1	1258	577.891897818827	25
1	1262	578.730738917076	24
1	1266	578.892230457433	25
1	1268	579.204244612763	26
1	1270	581.994503553423	27
1	1272	583.909696374055	26
1	1276	585.145410724091	25
1	1280	585.162442945465	26
1	1282	586.609117549105	27
1	1284	591.566093087086	26
1	1288	592.091645866541	25
1	1292	592.818895690304	26
1	1294	598.244038947916	25
1	1298	599.450780585405	26
1	1300	599.703032457018	27
1	1302	602.780984142939	26
1	1306	603.376741432557	25
1	1310	606.794251051421	26
1	1312	606.85793234297	25
1	1316	607.437674917157	24
1	1320	607.466170008413	25
1	1322	607.633285423495	26
1	1324	607.945799871436	27
1	1326	613.988452708212	26
1	1330	615.393822435569	25
1	1334	618.637478142826	26
1	1336	619.115294548498	27
1	1338	619.233987981906	26
1	1342	619.608061325823	25
1	1346	620.044756202305	24
1	1350	620.7269899607	25
1	1352	621.10323749862	26
1	1354	621.689406474266	25
1	1358	625.18716552006	24
1	1362	625.609530496815	23
1	1366	625.745648588904	24
1	1368	626.265929625442	25
1	1370	626.473569092595	24
1	1374	626.674757428643	25
1	1376	626.878439524338	24
1	1380	632.206731127131	25
1	1382	633.977186391942	26
1	1384	639.567934694542	25
1	1388	639.707256912167	26
1	1390	640.375109162317	25
1	1394	642.632938097551	26
1	1396	645.72840388072	27
1	1398	648.839439663788	26
1	1402	649.434663258941	27
1	1404	652.170025861661	26
1	1408	652.571822950461	25
1	1412	652.701135347506	26
1	1414	655.855340023309	25
1	1418	656.027121496609	24
1	1422	656.128314310118	25
1	1424	656.266636115004	26
1	1426	657.90508038372	25
1	1430	657.971253553877	26
1	1432	659.022390606415	27
1	1434	660.794540511491	26
1	1438	662.637271436606	25
1	1442	665.130886283638	26
1	1444	665.608818623915	27
1	1446	666.648388087402	26
1	1450	670.612829496651	25
1	1454	671.506814414072	26
1	1456	672.405170867014	25
1	1460	673.515088856459	26
1	1462	673.652774548894	27
1	1464	676.789298467627	26
1	1468	677.553460543672	27
1	1470	678.583619131037	26
1	1474	678.643318445304	27
1	1476	679.580502733203	26
1	1480	680.021607231081	25
1	1484	680.696830495004	24
1	1488	680.872251249398	25
1	1490	682.475492525137	24
1	1494	683.619498584668	23
1	1498	683.675329532457	24
1	1500	684.618724499001	25
1	1502	686.746236343778	24
1	1506	687.13819658316	25
1	1508	687.889159665181	26
1	1510	688.155369934997	27
1	1512	689.933530716894	26
1	1516	691.853397623884	27
1	1518	694.420847128425	26
1	1522	698.227321093135	25
1	1526	698.30908331077	26
1	1528	699.191056799407	25
1	1532	699.560504195413	26
1	1534	702.02043260703	25
1	1538	703.021130149808	26
1	1540	703.589964321457	27
1	1542	708.055439031234	26
1	1546	708.217610272616	27
1	1548	714.13319236853	26
1	1552	716.045467460244	25
1	1556	716.814266541283	24
1	1560	716.888952626716	23
1	1564	717.386783910251	24
1	1566	717.971801349284	25
1	1568	719.624734211905	24
1	1572	721.271310526436	25
1	1574	721.472109130553	26
1	1576	722.430531711491	25
1	1580	722.730664193636	24
1	1584	723.491090901403	23
1	1588	723.656315194239	22
1	1592	723.737321892071	21
1	1596	723.879921410877	22
1	1598	724.51728492969	23
1	1600	724.544346289528	24
1	1602	725.508201270021	23
1	1606	725.520914630878	24
1	1608	725.764109464612	25
1	1610	726.398588560753	26
1	1612	726.437062406175	25
1	1616	726.668349263113	26
1	1618	727.774276734204	27
1	1620	732.056859974575	26
1	1624	732.144542937528	27
1	1626	732.251683918295	26
1	1630	736.732666620672	25
1	1634	737.917997410135	26
1	1636	738.422964134178	25
1	1640	738.602382488779	26
1	1642	739.092101324803	25
1	1646	740.444787046087	24
1	1650	741.262179582761	25
1	1652	747.136459264964	24
1	1656	748.35479485674	23
1	1660	748.88457904789	24
1	1662	748.913465980014	23
1	1666	751.369876762263	24
1	1668	751.526471633936	25
1	1670	751.588357070949	24
1	1674	753.381118805343	25
1	1676	754.523986852824	24
1	1680	755.023618420858	25
1	1682	756.469081952077	26
1	1684	759.16077214516	27
1	1686	760.929396352204	26
1	1690	761.377675770188	27
1	1692	767.174596411316	26
1	1696	768.427680504513	25
1	1700	768.492196798663	24
1	1704	768.970874242775	23
1	1708	769.831985543654	24
1	1710	769.899346713796	25
1	1712	770.681521777007	26
1	1714	771.110916495332	27
1	1716	774.146514180117	26
1	1720	774.358242518564	25
1	1724	774.629116360025	26
1	1726	777.013749694228	25
1	1730	777.300681206614	26
1	1732	778.768451064484	25
1	1736	778.984432841052	26
1	1738	779.378804040693	25
1	1742	779.546257629934	26
1	1744	781.289815124375	25
1	1748	783.700894696019	26
1	1750	784.492670632606	25
1	1754	785.113891977207	26
1	1756	785.275692626594	27
1	1758	788.008121715597	26
1	1762	789.061854965524	27
1	1764	790.351738059459	26
1	1768	791.700815077357	27
1	1770	792.4091927898	26
1	1774	795.419379589633	25
1	1778	796.141497828926	24
1	1782	796.564041066606	25
1	1784	799.262888834378	26
1	1786	802.522351356841	25
1	1790	803.162654042909	24
1	1794	804.332667627581	25
1	1796	804.812413668238	26
1	1798	806.951226583836	25
1	1802	814.246488431378	26
1	1804	816.426174874433	25
1	1808	816.455947794527	24
1	1812	816.611042911843	25
1	1814	817.185413030683	26
1	1816	818.066777349225	25
1	1820	819.151816448927	26
1	1822	821.483230572497	25
1	1826	822.093984768914	24
1	1830	822.902931427541	23
1	1834	823.067550860371	24
1	1836	823.251415486418	25
1	1838	824.323396990862	26
1	1840	824.822615287205	27
1	1842	825.190120869304	26
1	1846	826.020939022592	27
1	1848	826.80805813167	26
1	1852	830.890562304787	25
1	1856	831.231249102591	24
1	1860	831.784080175907	25
1	1862	832.768264000785	24
1	1866	834.80302918113	25
1	1868	835.352407393498	26
1	1870	836.163381300815	25
1	1874	836.220974225883	26
1	1876	838.727110159868	27
1	1878	841.468792481279	26
1	1882	841.907749799698	27
1	1884	842.544053402033	26
1	1888	845.982946385291	27
1	1890	848.745629946662	26
1	1894	848.922022304025	27
1	1896	850.545273537922	26
1	1900	854.288970823376	27
1	1902	861.124365716294	26
1	1906	863.543890076816	27
1	1908	880.211850219717	26
1	1912	881.731172253501	25
1	1916	881.985013921898	24
1	1920	882.017551940357	25
1	1922	882.119908319638	26
1	1924	882.626219144764	25
1	1928	882.876626056685	26
1	1930	884.39099806016	27
1	1932	884.800508669927	26
1	1936	886.709000863799	25
1	1940	887.792807692052	24
1	1944	888.34154707423	25
1	1946	889.699288147641	26
1	1948	890.502770613605	25
1	1952	891.298722810782	24
1	1956	891.453225452652	25
1	1958	893.098307237646	24
1	1962	893.12593593322	23
1	1966	894.220337864467	24
1	1968	894.961667874485	25
1	1970	895.824348941975	24
1	1974	896.37300835634	25
1	1976	897.639397864169	24
1	1980	897.705402028675	25
1	1982	897.930783117174	26
1	1984	899.965701248594	27
1	1986	900.795046456575	26
1	1990	900.856417353185	25
1	1994	903.666448580582	26
1	1996	903.668018441265	25
1	2000	904.770769700934	26
1	2002	905.611797620904	27
1	2004	907.649818699987	26
1	2008	908.729924723327	25
1	2012	910.070058643921	24
1	2016	911.220106463891	25
1	2018	911.614335140107	24
1	2022	912.234472845028	25
1	2024	916.469820503353	24
1	2028	916.509005107777	25
1	2030	916.948966924631	26
1	2032	917.83972713282	25
1	2036	918.020681029803	24
1	2040	918.184235632696	25
1	2042	918.76421830738	24
1	2046	919.424178994277	23
1	2050	920.56987836211	22
1	2054	921.980302033763	23
1	2056	922.141969781211	24
1	2058	922.370617258892	25
1	2060	922.963837721052	26
1	2062	925.004832154593	27
1	2064	925.532680105182	26
1	2068	927.295143642474	25
1	2072	927.418424851524	24
1	2076	927.629124358653	25
1	2078	927.906454601203	24
1	2082	928.465356083353	25
1	2084	928.494834548647	26
1	2086	929.303917422932	27
1	2088	929.458689008582	26
1	2092	932.163456031446	27
1	2094	933.08986318843	26
1	2098	933.358282702678	25
1	2102	933.385574536207	26
1	2104	934.627206539336	27
1	2106	935.431461222098	26
1	2110	935.892623486442	27
1	2112	938.9673131777	26
1	2116	939.820583297226	27
1	2118	940.27529222997	26
1	2122	941.60155686759	27
1	2124	946.637417613145	26
1	2128	950.68683643572	25
1	2132	951.543089873661	26
1	2134	953.601418298355	25
1	2138	954.982314730065	26
1	2140	956.287763351394	27
1	2142	956.900277631871	26
1	2146	957.424757626694	27
1	2148	965.731292016125	26
1	2152	966.48337753752	25
1	2156	966.492703745418	24
1	2160	966.956393188983	25
1	2162	968.4639690979	26
1	2164	970.581532255106	25
1	2168	971.051491183809	24
1	2172	971.220047306623	25
1	2174	971.421277787145	26
1	2176	975.873780587675	27
1	2178	976.74519472292	26
1	2182	976.877845915831	27
1	2184	977.941152553464	26
1	2188	979.406123853174	27
1	2190	983.136165757094	26
1	2194	983.397002828118	25
1	2198	984.589732693081	24
1	2202	985.145426623838	25
1	2204	986.26477380257	26
1	2206	986.707589924048	27
1	2208	988.787581690241	26
1	2212	991.289292090833	27
1	2214	992.917536411485	26
1	2218	993.943518634289	25
1	2222	994.700002303622	26
1	2224	996.839446271421	25
1	2228	997.368652115495	24
1	2232	998.030403254866	25
1	2234	999.132176877238	24
1	2238	999.621459065933	25
1	2240	999.815297130007	26
2	277	104.502449570999	1
2	279	104.502449570999	2
2	283	105.425613485099	1
2	285	105.425613485099	2
2	289	106.142235769004	1
2	291	106.142235769004	2
2	297	110.878841379833	1
2	299	110.878841379833	2
2	301	111.088654081991	1
2	303	111.088654081991	2
2	311	113.598935591147	1
2	313	113.598935591147	2
2	317	121.075079383908	1
2	319	121.075079383908	2
2	321	121.741179427587	1
2	323	121.741179427587	2
2	327	127.701741566711	1
2	329	127.701741566711	2
2	333	131.115321163692	1
2	335	131.115321163692	2
2	337	131.307637245861	1
2	339	131.307637245861	2
2	343	132.172336954908	1
2	345	132.172336954908	2
2	353	135.611631396869	1
2	355	135.611631396869	2
2	359	137.835001808898	1
2	361	137.835001808898	2
2	365	141.487568341615	1
2	367	141.487568341615	2
2	371	142.746464424682	1
2	373	142.746464424682	2
2	377	149.431374018395	1
2	379	149.431374018395	2
2	383	152.593928190556	1
2	385	152.593928190556	2
2	387	153.367059061982	1
2	389	153.367059061982	2
2	393	157.124157602511	1
2	395	157.124157602511	2
2	401	163.903363768851	1
2	403	163.903363768851	2
2	407	166.042601313248	1
2	409	166.042601313248	2
2	411	170.501259700831	1
2	413	170.501259700831	2
2	415	170.933158346712	1
2	417	170.933158346712	2
2	423	174.206131713128	1
2	425	174.206131713128	2
2	427	176.012133327313	1
2	429	176.012133327313	2
2	431	177.461553132777	1
2	433	177.461553132777	2
2	441	180.749406297711	1
2	443	180.749406297711	2
2	445	183.323043478194	1
2	447	183.323043478194	2
2	449	184.371250332748	1
2	451	184.371250332748	2
2	455	185.133658587373	1
2	457	185.133658587373	2
2	465	189.719701844602	1
2	467	189.719701844602	2
2	469	190.471413679817	1
2	471	190.471413679817	2
2	473	191.71265091619	1
2	475	191.71265091619	2
2	477	192.396424928997	1
2	479	192.396424928997	2
2	487	192.908481158257	1
2	489	192.908481158257	2
2	493	193.903624973547	1
2	495	193.903624973547	2
2	501	197.329382441915	1
2	503	197.329382441915	2
2	505	198.44190398364	1
2	507	198.44190398364	2
2	515	204.030007926115	1
2	517	204.030007926115	2
2	519	205.023443791282	1
2	521	205.023443791282	2
2	527	208.363176793155	1
2	529	208.363176793155	2
2	531	209.211491796925	1
2	533	209.211491796925	2
2	539	216.56008695089	1
2	541	216.56008695089	2
2	545	217.589129428004	1
2	547	217.589129428004	2
2	551	220.190413134171	1
2	553	220.190413134171	2
2	557	223.698400895005	1
2	559	223.698400895005	2
2	563	232.954835139188	1
2	565	232.954835139188	2
2	569	234.795992043732	1
2	571	234.795992043732	2
2	573	235.702677634339	1
2	575	235.702677634339	2
2	577	237.723300466868	1
2	579	237.723300466868	2
2	585	241.071697227087	1
2	587	241.071697227087	2
2	591	242.286872886361	1
2	593	242.286872886361	2
2	597	243.340345026375	1
2	599	243.340345026375	2
2	603	246.914337867864	1
2	605	246.914337867864	2
2	611	247.833921681052	1
2	613	247.833921681052	2
2	615	248.427203352139	1
2	617	248.427203352139	2
2	621	249.644143021143	1
2	623	249.644143021143	2
2	625	250.5284499658	1
2	627	250.5284499658	2
2	631	250.829638215607	1
2	633	250.829638215607	2
2	639	252.160335186125	1
2	641	252.160335186125	2
2	647	253.509837036336	1
2	649	253.509837036336	2
2	653	258.019025330171	1
2	655	258.019025330171	2
2	659	274.997816769387	1
2	661	274.997816769387	2
2	665	279.294652900368	1
2	667	279.294652900368	2
2	671	281.935579488721	1
2	673	281.935579488721	2
2	675	283.524257702332	1
2	677	283.524257702332	2
2	679	284.944924799156	1
2	681	284.944924799156	2
2	685	286.826000286533	1
2	687	286.826000286533	2
2	689	288.550919137927	1
2	691	288.550919137927	2
2	701	302.116430432736	1
2	703	302.116430432736	2
2	705	303.521562715713	1
2	707	303.521562715713	2
2	711	305.946033929169	1
2	713	305.946033929169	2
2	717	306.571123087376	1
2	719	306.571123087376	2
2	723	309.929742872584	1
2	725	309.929742872584	2
2	731	314.023900359354	1
2	733	314.023900359354	2
2	737	318.776460709737	1
2	739	318.776460709737	2
2	743	325.416914032805	1
2	745	325.416914032805	2
2	747	329.444690921746	1
2	749	329.444690921746	2
2	753	335.570195225936	1
2	755	335.570195225936	2
2	759	336.221088877498	1
2	761	336.221088877498	2
2	767	344.754860741135	1
2	769	344.754860741135	2
2	773	345.445580609759	1
2	775	345.445580609759	2
2	779	349.044969266299	1
2	781	349.044969266299	2
2	783	349.362660897716	1
2	785	349.362660897716	2
2	789	349.823692836589	1
2	791	349.823692836589	2
2	795	352.517619632878	1
2	797	352.517619632878	2
2	801	354.610819897029	1
2	803	354.610819897029	2
2	807	355.573064653967	1
2	809	355.573064653967	2
2	815	358.086309724126	1
2	817	358.086309724126	2
2	821	360.12165241335	1
2	823	360.12165241335	2
2	825	360.385118856283	1
2	827	360.385118856283	2
2	831	360.666630970527	1
2	833	360.666630970527	2
2	839	363.646663145558	1
2	841	363.646663145558	2
2	843	363.984188883971	1
2	845	363.984188883971	2
2	849	369.67215163755	1
2	851	369.67215163755	2
2	853	370.549597715423	1
2	855	370.549597715423	2
2	863	377.641961258108	1
2	865	377.641961258108	2
2	867	380.218966801723	1
2	869	380.218966801723	2
2	875	382.526450788009	1
2	877	382.526450788009	2
2	881	393.696553248761	1
2	883	393.696553248761	2
2	887	397.924488880098	1
2	889	397.924488880098	2
2	893	398.214178197349	1
2	895	398.214178197349	2
2	899	402.344323891611	1
2	901	402.344323891611	2
2	903	402.373432748947	1
2	905	402.373432748947	2
2	911	403.854576586028	1
2	913	403.854576586028	2
2	917	409.460359997536	1
2	919	409.460359997536	2
2	921	412.550422299883	1
2	923	412.550422299883	2
2	925	413.113011201201	1
2	927	413.113011201201	2
2	933	415.762260445148	1
2	935	415.762260445148	2
2	937	419.074430120185	1
2	939	419.074430120185	2
2	945	423.370965676614	1
2	947	423.370965676614	2
2	949	426.393892378516	1
2	951	426.393892378516	2
2	957	431.461168596549	1
2	959	431.461168596549	2
2	961	432.108922015054	1
2	963	432.108922015054	2
2	969	437.858078494734	1
2	971	437.858078494734	2
2	975	438.717501585198	1
2	977	438.717501585198	2
2	981	447.006232980721	1
2	983	447.006232980721	2
2	985	447.812656720496	1
2	987	447.812656720496	2
2	991	448.503101928863	1
2	993	448.503101928863	2
2	995	449.720772689046	1
2	997	449.720772689046	2
2	1003	451.167849183575	1
2	1005	451.167849183575	2
2	1007	451.930080606363	1
2	1009	451.930080606363	2
2	1011	453.491542273703	1
2	1013	453.491542273703	2
2	1023	456.539570504692	1
2	1025	456.539570504692	2
2	1029	457.177985799551	1
2	1031	457.177985799551	2
2	1035	459.684162811943	1
2	1037	459.684162811943	2
2	1041	463.290639302162	1
2	1043	463.290639302162	2
2	1049	475.513926523126	1
2	1051	475.513926523126	2
2	1053	477.524321411813	1
2	1055	477.524321411813	2
2	1057	478.092441782463	1
2	1059	478.092441782463	2
2	1065	483.396625092549	1
2	1067	483.396625092549	2
2	1071	485.355913590579	1
2	1073	485.355913590579	2
2	1079	496.159058748007	1
2	1081	496.159058748007	2
2	1085	500.133986825674	1
2	1087	500.133986825674	2
2	1089	502.177415393661	1
2	1091	502.177415393661	2
2	1095	504.616659105103	1
2	1097	504.616659105103	2
2	1099	505.018083579872	1
2	1101	505.018083579872	2
2	1109	507.476957845992	1
2	1111	507.476957845992	2
2	1115	509.664443552706	1
2	1117	509.664443552706	2
2	1121	512.603373653864	1
2	1123	512.603373653864	2
2	1127	522.902527118944	1
2	1129	522.902527118944	2
2	1131	524.315651417758	1
2	1133	524.315651417758	2
2	1135	524.827113508633	1
2	1137	524.827113508633	2
2	1141	525.449716772853	1
2	1143	525.449716772853	2
2	1151	531.052270590501	1
2	1153	531.052270590501	2
2	1155	531.170007945744	1
2	1157	531.170007945744	2
2	1161	533.776499627757	1
2	1163	533.776499627757	2
2	1165	534.02624055703	1
2	1167	534.02624055703	2
2	1169	534.048054068604	1
2	1171	534.048054068604	2
2	1175	534.536028844557	1
2	1177	534.536028844557	2
2	1187	541.703240558741	1
2	1189	541.703240558741	2
2	1191	541.71588649024	1
2	1193	541.71588649024	2
2	1199	550.325088949926	1
2	1201	550.325088949926	2
2	1205	550.971424760558	1
2	1207	550.971424760558	2
2	1209	552.801177171855	1
2	1211	552.801177171855	2
2	1213	552.81284599526	1
2	1215	552.81284599526	2
2	1221	555.670903212376	1
2	1223	555.670903212376	2
2	1229	560.127828023039	1
2	1231	560.127828023039	2
2	1233	561.217774874836	1
2	1235	561.217774874836	2
2	1239	562.625656242224	1
2	1241	562.625656242224	2
2	1247	568.48222582883	1
2	1249	568.48222582883	2
2	1253	577.257582025181	1
2	1255	577.257582025181	2
2	1257	577.891897818827	1
2	1259	577.891897818827	2
2	1261	578.730738917076	1
2	1263	578.730738917076	2
2	1271	583.909696374055	1
2	1273	583.909696374055	2
2	1275	585.145410724091	1
2	1277	585.145410724091	2
2	1283	591.566093087086	1
2	1285	591.566093087086	2
2	1287	592.091645866541	1
2	1289	592.091645866541	2
2	1293	598.244038947916	1
2	1295	598.244038947916	2
2	1301	602.780984142939	1
2	1303	602.780984142939	2
2	1305	603.376741432557	1
2	1307	603.376741432557	2
2	1311	606.85793234297	1
2	1313	606.85793234297	2
2	1315	607.437674917157	1
2	1317	607.437674917157	2
2	1325	613.988452708212	1
2	1327	613.988452708212	2
2	1329	615.393822435569	1
2	1331	615.393822435569	2
2	1337	619.233987981906	1
2	1339	619.233987981906	2
2	1341	619.608061325823	1
2	1343	619.608061325823	2
2	1345	620.044756202305	1
2	1347	620.044756202305	2
2	1353	621.689406474266	1
2	1355	621.689406474266	2
2	1357	625.18716552006	1
2	1359	625.18716552006	2
2	1361	625.609530496815	1
2	1363	625.609530496815	2
2	1369	626.473569092595	1
2	1371	626.473569092595	2
2	1375	626.878439524338	1
2	1377	626.878439524338	2
2	1383	639.567934694542	1
2	1385	639.567934694542	2
2	1389	640.375109162317	1
2	1391	640.375109162317	2
2	1397	648.839439663788	1
2	1399	648.839439663788	2
2	1403	652.170025861661	1
2	1405	652.170025861661	2
2	1407	652.571822950461	1
2	1409	652.571822950461	2
2	1413	655.855340023309	1
2	1415	655.855340023309	2
2	1417	656.027121496609	1
2	1419	656.027121496609	2
2	1425	657.90508038372	1
2	1427	657.90508038372	2
2	1433	660.794540511491	1
2	1435	660.794540511491	2
2	1437	662.637271436606	1
2	1439	662.637271436606	2
2	1445	666.648388087402	1
2	1447	666.648388087402	2
2	1449	670.612829496651	1
2	1451	670.612829496651	2
2	1455	672.405170867014	1
2	1457	672.405170867014	2
2	1463	676.789298467627	1
2	1465	676.789298467627	2
2	1469	678.583619131037	1
2	1471	678.583619131037	2
2	1475	679.580502733203	1
2	1477	679.580502733203	2
2	1479	680.021607231081	1
2	1481	680.021607231081	2
2	1483	680.696830495004	1
2	1485	680.696830495004	2
2	1489	682.475492525137	1
2	1491	682.475492525137	2
2	1493	683.619498584668	1
2	1495	683.619498584668	2
2	1501	686.746236343778	1
2	1503	686.746236343778	2
2	1511	689.933530716894	1
2	1513	689.933530716894	2
2	1517	694.420847128425	1
2	1519	694.420847128425	2
2	1521	698.227321093135	1
2	1523	698.227321093135	2
2	1527	699.191056799407	1
2	1529	699.191056799407	2
2	1533	702.02043260703	1
2	1535	702.02043260703	2
2	1541	708.055439031234	1
2	1543	708.055439031234	2
2	1547	714.13319236853	1
2	1549	714.13319236853	2
2	1551	716.045467460244	1
2	1553	716.045467460244	2
2	1555	716.814266541283	1
2	1557	716.814266541283	2
2	1559	716.888952626716	1
2	1561	716.888952626716	2
2	1567	719.624734211905	1
2	1569	719.624734211905	2
2	1575	722.430531711491	1
2	1577	722.430531711491	2
2	1579	722.730664193636	1
2	1581	722.730664193636	2
2	1583	723.491090901403	1
2	1585	723.491090901403	2
2	1587	723.656315194239	1
2	1589	723.656315194239	2
2	1591	723.737321892071	1
2	1593	723.737321892071	2
2	1601	725.508201270021	1
2	1603	725.508201270021	2
2	1611	726.437062406175	1
2	1613	726.437062406175	2
2	1619	732.056859974575	1
2	1621	732.056859974575	2
2	1625	732.251683918295	1
2	1627	732.251683918295	2
2	1629	736.732666620672	1
2	1631	736.732666620672	2
2	1635	738.422964134178	1
2	1637	738.422964134178	2
2	1641	739.092101324803	1
2	1643	739.092101324803	2
2	1645	740.444787046087	1
2	1647	740.444787046087	2
2	1651	747.136459264964	1
2	1653	747.136459264964	2
2	1655	748.35479485674	1
2	1657	748.35479485674	2
2	1661	748.913465980014	1
2	1663	748.913465980014	2
2	1669	751.588357070949	1
2	1671	751.588357070949	2
2	1675	754.523986852824	1
2	1677	754.523986852824	2
2	1685	760.929396352204	1
2	1687	760.929396352204	2
2	1691	767.174596411316	1
2	1693	767.174596411316	2
2	1695	768.427680504513	1
2	1697	768.427680504513	2
2	1699	768.492196798663	1
2	1701	768.492196798663	2
2	1703	768.970874242775	1
2	1705	768.970874242775	2
2	1715	774.146514180117	1
2	1717	774.146514180117	2
2	1719	774.358242518564	1
2	1721	774.358242518564	2
2	1725	777.013749694228	1
2	1727	777.013749694228	2
2	1731	778.768451064484	1
2	1733	778.768451064484	2
2	1737	779.378804040693	1
2	1739	779.378804040693	2
2	1743	781.289815124375	1
2	1745	781.289815124375	2
2	1749	784.492670632606	1
2	1751	784.492670632606	2
2	1757	788.008121715597	1
2	1759	788.008121715597	2
2	1763	790.351738059459	1
2	1765	790.351738059459	2
2	1769	792.4091927898	1
2	1771	792.4091927898	2
2	1773	795.419379589633	1
2	1775	795.419379589633	2
2	1777	796.141497828926	1
2	1779	796.141497828926	2
2	1785	802.522351356841	1
2	1787	802.522351356841	2
2	1789	803.162654042909	1
2	1791	803.162654042909	2
2	1797	806.951226583836	1
2	1799	806.951226583836	2
2	1803	816.426174874433	1
2	1805	816.426174874433	2
2	1807	816.455947794527	1
2	1809	816.455947794527	2
2	1815	818.066777349225	1
2	1817	818.066777349225	2
2	1821	821.483230572497	1
2	1823	821.483230572497	2
2	1825	822.093984768914	1
2	1827	822.093984768914	2
2	1829	822.902931427541	1
2	1831	822.902931427541	2
2	1841	825.190120869304	1
2	1843	825.190120869304	2
2	1847	826.80805813167	1
2	1849	826.80805813167	2
2	1851	830.890562304787	1
2	1853	830.890562304787	2
2	1855	831.231249102591	1
2	1857	831.231249102591	2
2	1861	832.768264000785	1
2	1863	832.768264000785	2
2	1869	836.163381300815	1
2	1871	836.163381300815	2
2	1877	841.468792481279	1
2	1879	841.468792481279	2
2	1883	842.544053402033	1
2	1885	842.544053402033	2
2	1889	848.745629946662	1
2	1891	848.745629946662	2
2	1895	850.545273537922	1
2	1897	850.545273537922	2
2	1901	861.124365716294	1
2	1903	861.124365716294	2
2	1907	880.211850219717	1
2	1909	880.211850219717	2
2	1911	881.731172253501	1
2	1913	881.731172253501	2
2	1915	881.985013921898	1
2	1917	881.985013921898	2
2	1923	882.626219144764	1
2	1925	882.626219144764	2
2	1931	884.800508669927	1
2	1933	884.800508669927	2
2	1935	886.709000863799	1
2	1937	886.709000863799	2
2	1939	887.792807692052	1
2	1941	887.792807692052	2
2	1947	890.502770613605	1
2	1949	890.502770613605	2
2	1951	891.298722810782	1
2	1953	891.298722810782	2
2	1957	893.098307237646	1
2	1959	893.098307237646	2
2	1961	893.12593593322	1
2	1963	893.12593593322	2
2	1969	895.824348941975	1
2	1971	895.824348941975	2
2	1975	897.639397864169	1
2	1977	897.639397864169	2
2	1985	900.795046456575	1
2	1987	900.795046456575	2
2	1989	900.856417353185	1
2	1991	900.856417353185	2
2	1995	903.668018441265	1
2	1997	903.668018441265	2
2	2003	907.649818699987	1
2	2005	907.649818699987	2
2	2007	908.729924723327	1
2	2009	908.729924723327	2
2	2011	910.070058643921	1
2	2013	910.070058643921	2
2	2017	911.614335140107	1
2	2019	911.614335140107	2
2	2023	916.469820503353	1
2	2025	916.469820503353	2
2	2031	917.83972713282	1
2	2033	917.83972713282	2
2	2035	918.020681029803	1
2	2037	918.020681029803	2
2	2041	918.76421830738	1
2	2043	918.76421830738	2
2	2045	919.424178994277	1
2	2047	919.424178994277	2
2	2049	920.56987836211	1
2	2051	920.56987836211	2
2	2063	925.532680105182	1
2	2065	925.532680105182	2
2	2067	927.295143642474	1
2	2069	927.295143642474	2
2	2071	927.418424851524	1
2	2073	927.418424851524	2
2	2077	927.906454601203	1
2	2079	927.906454601203	2
2	2087	929.458689008582	1
2	2089	929.458689008582	2
2	2093	933.08986318843	1
2	2095	933.08986318843	2
2	2097	933.358282702678	1
2	2099	933.358282702678	2
2	2105	935.431461222098	1
2	2107	935.431461222098	2
2	2111	938.9673131777	1
2	2113	938.9673131777	2
2	2117	940.27529222997	1
2	2119	940.27529222997	2
2	2123	946.637417613145	1
2	2125	946.637417613145	2
2	2127	950.68683643572	1
2	2129	950.68683643572	2
2	2133	953.601418298355	1
2	2135	953.601418298355	2
2	2141	956.900277631871	1
2	2143	956.900277631871	2
2	2147	965.731292016125	1
2	2149	965.731292016125	2
2	2151	966.48337753752	1
2	2153	966.48337753752	2
2	2155	966.492703745418	1
2	2157	966.492703745418	2
2	2163	970.581532255106	1
2	2165	970.581532255106	2
2	2167	971.051491183809	1
2	2169	971.051491183809	2
2	2177	976.74519472292	1
2	2179	976.74519472292	2
2	2183	977.941152553464	1
2	2185	977.941152553464	2
2	2189	983.136165757094	1
2	2191	983.136165757094	2
2	2193	983.397002828118	1
2	2195	983.397002828118	2
2	2197	984.589732693081	1
2	2199	984.589732693081	2
2	2207	988.787581690241	1
2	2209	988.787581690241	2
2	2213	992.917536411485	1
2	2215	992.917536411485	2
2	2217	993.943518634289	1
2	2219	993.943518634289	2
2	2223	996.839446271421	1
2	2225	996.839446271421	2
2	2227	997.368652115495	1
2	2229	997.368652115495	2
2	2233	999.132176877238	1
2	2235	999.132176877238	2
3	277	104.502449570999	8.278063713599
3	283	105.425613485099	8.983296713245
3	289	106.142235769004	1.639786198005
3	297	110.878841379833	5.453227894734
3	301	111.088654081991	4.946418312987
3	311	113.598935591147	2.720094211314
3	317	121.075079383908	9.986425301917
3	321	121.741179427587	8.14224383644
3	327	127.701741566711	6.626662182803
3	333	131.115321163692	9.374141736105
3	337	131.307637245861	3.60589567915
3	343	132.172336954908	1.057015791216
3	353	135.611631396869	4.303994151008
3	359	137.835001808898	5.66266485399
3	365	141.487568341615	5.875936944746
3	371	142.746464424682	4.911462615784
3	377	149.431374018395	7.94380567678
3	383	152.593928190556	9.847463765874
3	387	153.367059061982	3.935685043587
3	393	157.124157602511	4.530229411955
3	401	163.903363768851	10.536304706869
3	407	166.042601313248	8.918443710737
3	411	170.501259700831	6.59789593198
3	415	170.933158346712	4.890557033464
3	423	174.206131713128	3.704872012297
3	427	176.012133327313	5.078974980601
3	431	177.461553132777	3.255421419649
3	441	180.749406297711	4.737272970398
3	445	183.323043478194	5.861490345417
3	449	184.371250332748	3.621844035037
3	455	185.133658587373	1.810615109179
3	465	189.719701844602	5.348451511854
3	469	190.471413679817	5.337755092444
3	473	191.71265091619	1.992949071588
3	477	192.396424928997	1.92501124918
3	487	192.908481158257	1.195830242067
3	493	193.903624973547	1.50720004455
3	501	197.329382441915	4.420901283658
3	505	198.44190398364	4.538279010093
3	515	204.030007926115	6.7006254842
3	519	205.023443791282	6.581539807642
3	527	208.363176793155	4.33316886704
3	531	209.211491796925	4.188048005643
3	539	216.56008695089	8.196910157735
3	545	217.589129428004	8.377637631079
3	551	220.190413134171	3.630326183281
3	557	223.698400895005	6.109271467001
3	563	232.954835139188	12.764422005017
3	569	234.795992043732	11.097591148727
3	573	235.702677634339	2.747842495151
3	577	237.723300466868	2.927308423136
3	585	241.071697227087	5.369019592748
3	591	242.286872886361	4.563572419493
3	597	243.340345026375	2.268647799288
3	603	246.914337867864	4.627464981503
3	611	247.833921681052	4.493576654677
3	615	248.427203352139	1.512865484275
3	621	249.644143021143	1.810221340091
3	625	250.5284499658	2.101246613661
3	631	250.829638215607	1.185495194464
3	639	252.160335186125	1.631885220325
3	647	253.509837036336	2.680198820729
3	653	258.019025330171	5.858690144046
3	659	274.997816769387	21.487979733051
3	665	279.294652900368	21.275627570197
3	671	281.935579488721	6.937762719334
3	675	283.524257702332	4.229604801964
3	679	284.944924799156	3.009345310435
3	685	286.826000286533	3.301742584201
3	689	288.550919137927	3.605994338771
3	701	302.116430432736	15.290430146203
3	705	303.521562715713	14.970643577786
3	711	305.946033929169	3.829603496433
3	717	306.571123087376	3.049560371663
3	723	309.929742872584	3.983708943415
3	731	314.023900359354	7.452777271978
3	737	318.776460709737	8.846717837153
3	743	325.416914032805	11.393013673451
3	747	329.444690921746	10.668230212009
3	753	335.570195225936	10.153281193131
3	759	336.221088877498	6.776397955752
3	767	344.754860741135	9.184665515199
3	773	345.445580609759	9.224491732261
3	779	349.044969266299	4.290108525164
3	783	349.362660897716	3.917080287957
3	789	349.823692836589	0.77872357029
3	795	352.517619632878	3.154958735162
3	801	354.610819897029	4.78712706044
3	807	355.573064653967	3.055445021089
3	815	358.086309724126	3.475489827097
3	821	360.12165241335	4.548587759383
3	825	360.385118856283	2.298809132157
3	831	360.666630970527	0.544978557177
3	839	363.646663145558	3.261544289275
3	843	363.984188883971	3.317557913444
3	849	369.67215163755	6.025488491992
3	853	370.549597715423	6.565408831452
3	863	377.641961258108	7.969809620558
3	867	380.218966801723	9.6693690863
3	875	382.526450788009	4.884489529901
3	881	393.696553248761	13.477586447038
3	887	397.924488880098	15.398038092089
3	893	398.214178197349	4.517624948588
3	899	402.344323891611	4.419835011513
3	903	402.373432748947	4.159254551598
3	911	403.854576586028	1.510252694417
3	917	409.460359997536	7.086927248589
3	921	412.550422299883	8.695845713855
3	925	413.113011201201	3.652651203665
3	933	415.762260445148	3.211838145265
3	937	419.074430120185	5.961418918984
3	945	423.370965676614	7.608705231466
3	949	426.393892378516	7.319462258331
3	957	431.461168596549	8.090202919935
3	961	432.108922015054	5.715029636538
3	969	437.858078494734	6.396909898185
3	975	438.717501585198	6.608579570144
3	981	447.006232980721	9.148154485987
3	985	447.812656720496	9.095155135298
3	991	448.503101928863	1.496868948142
3	995	449.720772689046	1.90811596855
3	1003	451.167849183575	2.664747254712
3	1007	451.930080606363	2.209307917317
3	1011	453.491542273703	2.323693090128
3	1023	456.539570504692	4.609489898329
3	1029	457.177985799551	3.686443525848
3	1035	459.684162811943	3.144592307251
3	1041	463.290639302162	6.112653502611
3	1049	475.513926523126	15.829763711183
3	1053	477.524321411813	14.233682109651
3	1057	478.092441782463	2.578515259337
3	1065	483.396625092549	5.872303680736
3	1071	485.355913590579	7.263471808116
3	1079	496.159058748007	12.762433655458
3	1085	500.133986825674	14.778073235095
3	1089	502.177415393661	6.018356645654
3	1095	504.616659105103	4.482672279429
3	1099	505.018083579872	2.840668186211
3	1109	507.476957845992	2.860298740889
3	1115	509.664443552706	4.646359972834
3	1121	512.603373653864	5.126415807872
3	1127	522.902527118944	13.238083566238
3	1131	524.315651417758	11.712277763894
3	1135	524.827113508633	1.924586389689
3	1141	525.449716772853	1.134065355095
3	1151	531.052270590501	6.225157081868
3	1155	531.170007945744	5.720291172891
3	1161	533.776499627757	2.724229037256
3	1165	534.02624055703	2.856232611286
3	1169	534.048054068604	0.271554440847
3	1175	534.536028844557	0.509788287527
3	1187	541.703240558741	7.655186490137
3	1191	541.71588649024	7.179857645683
3	1199	550.325088949926	8.621848391185
3	1205	550.971424760558	9.255538270318
3	1209	552.801177171855	2.476088221929
3	1213	552.81284599526	1.841421234702
3	1221	555.670903212376	2.869726040521
3	1229	560.127828023039	7.314982027779
3	1233	561.217774874836	5.54687166246
3	1239	562.625656242224	2.497828219185
3	1247	568.48222582883	7.264450953994
3	1253	577.257582025181	14.631925782957
3	1257	577.891897818827	9.409671989997
3	1261	578.730738917076	1.473156891895
3	1271	583.909696374055	6.017798555228
3	1275	585.145410724091	6.414671807015
3	1283	591.566093087086	7.656396713031
3	1287	592.091645866541	6.94623514245
3	1293	598.244038947916	6.67794586083
3	1301	602.780984142939	10.689338276398
3	1305	603.376741432557	5.132702484641
3	1311	606.85793234297	4.076948200031
3	1315	607.437674917157	4.0609334846
3	1325	613.988452708212	7.130520365242
3	1329	615.393822435569	7.956147518412
3	1337	619.233987981906	5.245535273694
3	1341	619.608061325823	4.214238890254
3	1345	620.044756202305	0.810768220399
3	1353	621.689406474266	2.081345148443
3	1357	625.18716552006	5.142409317755
3	1361	625.609530496815	3.920124022549
3	1369	626.473569092595	1.286403572535
3	1375	626.878439524338	1.268909027523
3	1383	639.567934694542	13.094365601947
3	1389	640.375109162317	13.496669637979
3	1397	648.839439663788	9.271504969246
3	1403	652.170025861661	11.794916699344
3	1407	652.571822950461	3.732383286673
3	1413	655.855340023309	3.685314161648
3	1417	656.027121496609	3.455298546148
3	1425	657.90508038372	2.049740360411
3	1433	660.794540511491	4.767419014882
3	1437	662.637271436606	4.732191052886
3	1445	666.648388087402	5.853847575911
3	1449	670.612829496651	7.975558060045
3	1455	672.405170867014	5.756782779612
3	1463	676.789298467627	6.176468970976
3	1469	678.583619131037	6.178448264023
3	1475	679.580502733203	2.791204265576
3	1479	680.021607231081	1.437988100044
3	1483	680.696830495004	1.116327761801
3	1489	682.475492525137	2.453885294056
3	1493	683.619498584668	2.922668089664
3	1501	686.746236343778	4.270743818641
3	1511	689.933530716894	6.314032132226
3	1517	694.420847128425	7.674610784647
3	1521	698.227321093135	8.293790376241
3	1527	699.191056799407	4.770209670982
3	1533	702.02043260703	3.793111513895
3	1541	708.055439031234	8.864382231827
3	1547	714.13319236853	12.1127597615
3	1551	716.045467460244	7.99002842901
3	1555	716.814266541283	2.681074172753
3	1559	716.888952626716	0.843485166472
3	1567	719.624734211905	2.810467670622
3	1575	722.430531711491	5.541579084775
3	1579	722.730664193636	3.105929981731
3	1583	723.491090901403	1.060559189912
3	1587	723.656315194239	0.925651000603
3	1591	723.737321892071	0.246230990668
3	1601	725.508201270021	1.851886075782
3	1611	726.437062406175	2.699740514104
3	1619	732.056859974575	6.548658704554
3	1625	732.251683918295	5.81462151212
3	1629	736.732666620672	4.675806646097
3	1635	738.422964134178	6.171280215883
3	1641	739.092101324803	2.359434704131
3	1645	740.444787046087	2.021822911909
3	1651	747.136459264964	8.044357940161
3	1655	748.35479485674	7.910007810653
3	1661	748.913465980014	1.77700671505
3	1669	751.588357070949	3.233562214209
3	1675	754.523986852824	5.61052087281
3	1685	760.929396352204	9.341039281255
3	1691	767.174596411316	12.650609558492
3	1695	768.427680504513	7.498284152309
3	1699	768.492196798663	1.317600387347
3	1703	768.970874242775	0.543193738262
3	1715	774.146514180117	5.654317381454
3	1719	774.358242518564	5.387368275789
3	1725	777.013749694228	2.867235514111
3	1731	778.768451064484	4.41020854592
3	1737	779.378804040693	2.365054346465
3	1743	781.289815124375	2.521364059891
3	1749	784.492670632606	5.113866591913
3	1757	788.008121715597	6.718306591222
3	1763	790.351738059459	5.859067426853
3	1769	792.4091927898	4.401071074203
3	1773	795.419379589633	5.067641530174
3	1777	796.141497828926	3.732305039126
3	1785	802.522351356841	7.102971767208
3	1789	803.162654042909	7.021156213983
3	1797	806.951226583836	4.428875226995
3	1803	816.426174874433	13.263520831524
3	1807	816.455947794527	9.504721210691
3	1815	818.066777349225	1.640602474792
3	1821	821.483230572497	5.02728277797
3	1825	822.093984768914	4.027207419689
3	1829	822.902931427541	1.419700855044
3	1841	825.190120869304	3.09613610039
3	1847	826.80805813167	3.905126704129
3	1851	830.890562304787	5.700441435483
3	1855	831.231249102591	4.423190970921
3	1861	832.768264000785	1.877701695998
3	1869	836.163381300815	4.932132198224
3	1877	841.468792481279	8.700528480494
3	1883	842.544053402033	6.380672101218
3	1889	848.745629946662	7.276837465383
3	1895	850.545273537922	8.001220135889
3	1901	861.124365716294	12.378735769632
3	1907	880.211850219717	29.666576681795
3	1911	881.731172253501	20.606806537207
3	1915	881.985013921898	1.773163702181
3	1923	882.626219144764	0.895046891263
3	1931	884.800508669927	2.815494748029
3	1935	886.709000863799	4.082781719035
3	1939	887.792807692052	2.992299022125
3	1947	890.502770613605	3.793769749806
3	1951	891.298722810782	3.50591511873
3	1957	893.098307237646	2.595536624041
3	1961	893.12593593322	1.827213122438
3	1969	895.824348941975	2.726041704329
3	1975	897.639397864169	4.513461930949
3	1985	900.795046456575	4.9706975146
3	1989	900.856417353185	3.217019489016
3	1995	903.668018441265	2.87297198469
3	2003	907.649818699987	6.793401346802
3	2007	908.729924723327	5.061906282062
3	2011	910.070058643921	2.420239943934
3	2017	911.614335140107	2.88441041678
3	2023	916.469820503353	6.399761859432
3	2031	917.83972713282	6.225391992713
3	2035	918.020681029803	1.55086052645
3	2041	918.76421830738	0.92449117456
3	2045	919.424178994277	1.403497964474
3	2049	920.56987836211	1.80566005473
3	2063	925.532680105182	6.108501110905
3	2067	927.295143642474	6.725265280364
3	2071	927.418424851524	1.885744746342
3	2077	927.906454601203	0.611310958729
3	2087	929.458689008582	2.040264157058
3	2093	933.08986318843	5.183408587227
3	2097	933.358282702678	3.899593694096
3	2105	935.431461222098	2.341598033668
3	2111	938.9673131777	5.609030475022
3	2117	940.27529222997	4.843831007872
3	2123	946.637417613145	7.670104435445
3	2127	950.68683643572	10.41154420575
3	2133	953.601418298355	6.96400068521
3	2141	956.900277631871	6.213441196151
3	2147	965.731292016125	12.12987371777
3	2151	966.48337753752	9.583099905649
3	2155	966.492703745418	0.761411729293
3	2163	970.581532255106	4.098154717586
3	2167	971.051491183809	4.558787438391
3	2177	976.74519472292	6.163662467814
3	2183	977.941152553464	6.889661369655
3	2189	983.136165757094	6.390971034174
3	2193	983.397002828118	5.455850274654
3	2197	984.589732693081	1.453566935987
3	2207	988.787581690241	5.390578862123
3	2213	992.917536411485	8.327803718404
3	2217	993.943518634289	5.155936944048
3	2223	996.839446271421	3.921909859936
3	2227	997.368652115495	3.425133481206
3	2233	999.132176877238	2.292730605817
4	278	104.502449570999	90.4322296992
4	284	105.425613485099	88.455652758015
4	290	106.142235769004	86.289200332095
4	298	110.878841379833	82.766448284572
4	302	111.088654081991	80.59741895593
4	312	113.598935591147	82.5725152172
4	318	121.075079383908	88.551664282178
4	322	121.741179427587	89.110506346938
4	328	127.701741566711	89.7474434693
4	334	131.115321163692	91.201257228517
4	338	131.307637245861	84.944155741594
4	344	132.172336954908	78.311788972323
4	354	135.611631396869	78.374915786417
4	360	137.835001808898	80.261148782603
4	366	141.487568341615	81.047335738903
4	372	142.746464424682	79.085767637851
4	378	149.431374018395	85.645437941933
4	384	152.593928190556	88.375719728353
4	388	153.367059061982	76.996844914413
4	394	157.124157602511	80.235111500574
4	402	163.903363768851	85.678223298542
4	408	166.042601313248	78.768540198637
4	412	170.501259700831	80.720267056446
4	416	170.933158346712	77.760290646839
4	424	174.206131713128	70.329909260809
4	428	176.012133327313	71.352782193965
4	432	177.461553132777	71.695425108458
4	442	180.749406297711	73.917888291458
4	446	183.323043478194	72.772109912189
4	450	184.371250332748	72.95377186254
4	456	185.133658587373	73.433024318125
4	466	189.719701844602	77.843057139104
4	470	190.471413679817	76.253997367651
4	474	191.71265091619	66.445866368774
4	478	192.396424928997	61.488975263018
4	488	192.908481158257	61.17352901224
4	494	193.903624973547	61.511613912866
4	502	197.329382441915	64.902171638996
4	506	198.44190398364	64.98165854655
4	516	204.030007926115	66.196151800048
4	520	205.023443791282	66.7573188157
4	528	208.363176793155	66.211331465131
4	532	209.211491796925	66.121503003821
4	540	216.56008695089	64.123777872201
4	546	217.589129428004	61.9801482416
4	552	220.190413134171	61.834141514929
4	558	223.698400895005	61.999911794468
4	564	232.954835139188	66.921763439919
4	570	234.795992043732	62.501767067996
4	574	235.702677634339	62.192080890116
4	578	237.723300466868	60.143045346135
4	586	241.071697227087	61.069186267056
4	592	242.286872886361	61.698743666748
4	598	243.340345026375	58.715373026328
4	604	246.914337867864	61.566510882596
4	612	247.833921681052	62.472853603112
4	616	248.427203352139	62.164100775125
4	622	249.644143021143	57.170888640497
4	626	250.5284499658	57.865699069984
4	632	250.829638215607	58.043534430176
4	640	252.160335186125	58.729538505475
4	648	253.509837036336	59.019569166079
4	654	258.019025330171	63.180491898863
4	660	274.997816769387	74.699948962345
4	666	279.294652900368	78.146911312506
4	672	281.935579488721	78.635125838969
4	676	283.524257702332	76.685901885236
4	680	284.944924799156	77.297024403285
4	686	286.826000286533	77.424038783674
4	690	288.550919137927	76.084761609785
4	702	302.116430432736	85.34909875191
4	706	303.521562715713	84.877837084068
4	712	305.946033929169	82.913479878663
4	718	306.571123087376	82.832151560695
4	724	309.929742872584	75.529834892729
4	732	314.023900359354	75.813163558288
4	738	318.776460709737	80.161868350991
4	744	325.416914032805	84.016745397387
4	748	329.444690921746	86.398306003585
4	754	335.570195225936	89.797217958763
4	760	336.221088877498	89.291579783536
4	768	344.754860741135	97.083269644249
4	774	345.445580609759	96.250769037202
4	780	349.044969266299	98.433478045187
4	784	349.362660897716	98.265616746761
4	790	349.823692836589	98.257282184188
4	796	352.517619632878	99.733776203235
4	802	354.610819897029	101.78157164608
4	808	355.573064653967	101.14959421658
4	816	358.086309724126	96.959978933881
4	822	360.12165241335	84.350955690516
4	826	360.385118856283	78.926120558919
4	832	360.666630970527	75.167709751447
4	840	363.646663145558	73.818993755904
4	844	363.984188883971	74.103771154932
4	850	369.67215163755	75.92180388912
4	854	370.549597715423	76.156771568173
4	864	377.641961258108	73.797969834766
4	868	380.218966801723	74.028547973688
4	876	382.526450788009	73.533582949474
4	882	393.696553248761	83.135667622747
4	888	397.924488880098	85.084855082529
4	894	398.214178197349	81.633369028754
4	900	402.344323891611	79.569493346982
4	904	402.373432748947	72.501063389615
4	912	403.854576586028	67.92312107
4	918	409.460359997536	70.755176820867
4	922	412.550422299883	72.70134752746
4	926	413.113011201201	68.17756787187
4	934	415.762260445148	67.856894104987
4	938	419.074430120185	69.409566460077
4	946	423.370965676614	72.331788990519
4	950	426.393892378516	73.689668831833
4	958	431.461168596549	76.802161432167
4	962	432.108922015054	75.033788547761
4	970	437.858078494734	80.599478942213
4	976	438.717501585198	79.706870218069
4	982	447.006232980721	86.402080340069
4	986	447.812656720496	86.875842832317
4	992	448.503101928863	86.345255014627
4	996	449.720772689046	85.238695812334
4	1004	451.167849183575	80.108973318016
4	1008	451.930080606363	80.75232544018
4	1012	453.491542273703	81.134869773213
4	1024	456.539570504692	75.850603900398
4	1030	457.177985799551	74.663076860959
4	1036	459.684162811943	71.071379689765
4	1042	463.290639302162	68.554318490328
4	1050	475.513926523126	77.425585946771
4	1054	477.524321411813	76.787065772046
4	1058	478.092441782463	75.145177854615
4	1066	483.396625092549	80.3225507992
4	1072	485.355913590579	80.462143496827
4	1080	496.159058748007	83.010372504701
4	1086	500.133986825674	86.761715395242
4	1090	502.177415393661	82.418501926942
4	1096	504.616659105103	82.957064461655
4	1100	505.018083579872	77.736465144471
4	1110	507.476957845992	77.38448337998
4	1116	509.664443552706	74.698441147003
4	1122	512.603373653864	75.516085057398
4	1128	522.902527118944	84.637612772388
4	1132	524.315651417758	84.381871406793
4	1136	524.827113508633	76.676518811039
4	1142	525.449716772853	75.043092752689
4	1152	531.052270590501	80.084062396901
4	1156	531.170007945744	77.570682857183
4	1162	533.776499627757	79.822884313602
4	1166	534.02624055703	80.020667909009
4	1170	534.048054068604	78.181794489589
4	1176	534.536028844557	77.723305885371
4	1188	541.703240558741	82.961596611494
4	1192	541.71588649024	80.474122396702
4	1200	550.325088949926	83.978028153309
4	1206	550.971424760558	83.378737133297
4	1210	552.801177171855	71.600239704569
4	1214	552.81284599526	71.582433157258
4	1222	555.670903212376	71.185329153257
4	1230	560.127828023039	74.176921958798
4	1234	561.217774874836	70.98387318216
4	1240	562.625656242224	64.8365882301
4	1248	568.48222582883	65.111505391068
4	1254	577.257582025181	71.670493404115
4	1258	577.891897818827	71.89926294665
4	1262	578.730738917076	71.540471198169
4	1272	583.909696374055	76.125953693676
4	1276	585.145410724091	75.008742165715
4	1284	591.566093087086	77.100270802615
4	1288	592.091645866541	66.883825709832
4	1294	598.244038947916	72.367757936199
4	1302	602.780984142939	75.754573009756
4	1306	603.376741432557	73.4871452845
4	1312	606.85793234297	75.134289573674
4	1316	607.437674917157	73.285957088107
4	1326	613.988452708212	78.619845800052
4	1330	615.393822435569	79.4934659372
4	1338	619.233987981906	82.619791777824
4	1342	619.608061325823	80.410943650969
4	1346	620.044756202305	78.310708786796
4	1354	621.689406474266	79.501455634929
4	1358	625.18716552006	74.545498108687
4	1362	625.609530496815	72.463423647186
4	1370	626.473569092595	71.270041778204
4	1376	626.878439524338	70.936183413238
4	1384	639.567934694542	83.335271906919
4	1390	640.375109162317	78.928662804683
4	1398	648.839439663788	84.757817200457
4	1404	652.170025861661	85.29129272083
4	1408	652.571822950461	82.88267152831
4	1414	655.855340023309	76.963109565876
4	1418	656.027121496609	76.822876883846
4	1426	657.90508038372	75.910576830297
4	1434	660.794540511491	75.632097566026
4	1438	662.637271436606	76.028153887501
4	1446	666.648388087402	73.829492397098
4	1450	670.612829496651	71.162048911246
4	1456	672.405170867014	72.702138409996
4	1464	676.789298467627	69.995047416206
4	1470	678.583619131037	71.117449122624
4	1476	679.580502733203	71.947217309708
4	1480	680.021607231081	72.075807359645
4	1484	680.696830495004	62.059352352178
4	1490	682.475492525137	63.360197976639
4	1494	683.619498584668	62.892508623968
4	1502	686.746236343778	65.642998845158
4	1512	689.933530716894	64.18788212799
4	1518	694.420847128425	68.154917502983
4	1522	698.227321093135	71.552563664492
4	1528	699.191056799407	66.984325672276
4	1534	702.02043260703	68.043246215088
4	1542	708.055439031234	68.348182119067
4	1548	714.13319236853	71.500254270979
4	1552	716.045467460244	70.317063579524
4	1556	716.814266541283	67.379603282342
4	1560	716.888952626716	64.18781727921
4	1568	719.624734211905	63.496419901787
4	1576	722.430531711491	66.163895596487
4	1580	722.730664193636	64.759410639759
4	1584	723.491090901403	64.468700294988
4	1588	723.656315194239	58.525428910601
4	1592	723.737321892071	58.128503268156
4	1602	725.508201270021	54.001386855949
4	1612	726.437062406175	52.921973549716
4	1620	732.056859974575	58.404085425681
4	1626	732.251683918295	54.698223374623
4	1630	736.732666620672	58.089348175368
4	1636	738.422964134178	57.55071288478
4	1642	739.092101324803	55.416771792346
4	1646	740.444787046087	55.826062547086
4	1652	747.136459264964	59.998262681804
4	1656	748.35479485674	60.465635191559
4	1662	748.913465980014	60.758096045017
4	1670	751.588357070949	59.734959447065
4	1676	754.523986852824	56.214903542054
4	1686	760.929396352204	61.368892156791
4	1692	767.174596411316	64.153466261508
4	1696	768.427680504513	64.837716183056
4	1700	768.492196798663	60.274586526047
4	1704	768.970874242775	51.584090332524
4	1716	774.146514180117	56.174712830833
4	1720	774.358242518564	53.086931992128
4	1726	777.013749694228	55.541640563675
4	1732	778.768451064484	54.888529653607
4	1738	779.378804040693	54.861519111003
4	1744	781.289815124375	56.745468834847
4	1750	784.492670632606	58.971756001728
4	1758	788.008121715597	62.244012250985
4	1764	790.351738059459	63.953149498706
4	1770	792.4091927898	65.740843526687
4	1774	795.419379589633	67.645102855429
4	1778	796.141497828926	63.996954891398
4	1786	802.522351356841	64.604353946706
4	1790	803.162654042909	64.56027155413
4	1798	806.951226583836	65.689047001075
4	1804	816.426174874433	67.541595826543
4	1808	816.455947794527	65.086071032264
4	1816	818.066777349225	66.540305715289
4	1822	821.483230572497	68.102111767154
4	1826	822.093984768914	67.070366348056
4	1830	822.902931427541	66.433849475464
4	1842	825.190120869304	66.029348724144
4	1848	826.80805813167	65.430382361482
4	1852	830.890562304787	61.058576761133
4	1856	831.231249102591	61.331902388795
4	1862	832.768264000785	62.086742223778
4	1870	836.163381300815	65.052464805483
4	1878	841.468792481279	66.839676121254
4	1884	842.544053402033	65.243372195419
4	1890	848.745629946662	69.76119710561
4	1896	850.545273537922	70.999015907988
4	1902	861.124365716294	77.423471020275
4	1908	880.211850219717	95.09795824251
4	1912	881.731172253501	96.455479626907
4	1916	881.985013921898	92.923158956374
4	1924	882.626219144764	90.925404067407
4	1932	884.800508669927	88.236467603321
4	1936	886.709000863799	87.446112029421
4	1940	887.792807692052	83.460140064471
4	1948	890.502770613605	85.690356945367
4	1952	891.298722810782	77.052234379404
4	1958	893.098307237646	76.487264325803
4	1962	893.12593593322	75.940522902537
4	1970	895.824348941975	76.672532493048
4	1976	897.639397864169	74.571847003798
4	1986	900.795046456575	77.543630970157
4	1990	900.856417353185	76.533020362323
4	1996	903.668018441265	78.84540315406
4	2004	907.649818699987	81.628879677395
4	2008	908.729924723327	76.94584454742
4	2012	910.070058643921	75.267029462791
4	2018	911.614335140107	76.261927746609
4	2024	916.469820503353	80.24884627747
4	2032	917.83972713282	79.112616972952
4	2036	918.020681029803	76.112931230105
4	2042	918.76421830738	72.781271922089
4	2046	919.424178994277	70.502156690252
4	2050	920.56987836211	66.280907538734
4	2064	925.532680105182	61.988790028366
4	2068	927.295143642474	45.277591702117
4	2072	927.418424851524	45.298516531886
4	2078	927.906454601203	45.029828544518
4	2088	929.458689008582	45.067690948422
4	2094	933.08986318843	44.7483161142
4	2098	933.358282702678	43.658994555037
4	2106	935.431461222098	43.978235769446
4	2112	938.9673131777	44.746975313233
4	2118	940.27529222997	45.313624355485
4	2124	946.637417613145	50.264409256805
4	2128	950.68683643572	52.981434407045
4	2134	953.601418298355	55.670635181181
4	2142	956.900277631871	56.934576383277
4	2148	965.731292016125	62.064843435543
4	2152	966.48337753752	61.712607836586
4	2156	966.492703745418	60.880906124514
4	2164	970.581532255106	59.361425791215
4	2168	971.051491183809	58.817018338781
4	2178	976.74519472292	60.236189615143
4	2184	977.941152553464	60.992185628833
4	2190	983.136165757094	64.951930124398
4	2194	983.397002828118	61.416700794355
4	2198	984.589732693081	62.44776291187
4	2208	988.787581690241	66.416964431349
4	2214	992.917536411485	69.953698690433
4	2218	993.943518634289	68.938686479696
4	2224	996.839446271421	69.210321912768
4	2228	997.368652115495	68.903296032142
4	2234	999.132176877238	70.637342328591
5	278	104.502449570999	0
5	284	105.425613485099	0
5	290	106.142235769004	0
5	298	110.878841379833	0
5	302	111.088654081991	0
5	312	113.598935591147	0
5	318	121.075079383908	0
5	322	121.741179427587	0
5	328	127.701741566711	0
5	334	131.115321163692	0
5	338	131.307637245861	0
5	344	132.172336954908	0
5	354	135.611631396869	0
5	360	137.835001808898	0
5	366	141.487568341615	0
5	372	142.746464424682	0
5	378	149.431374018395	0
5	384	152.593928190556	0
5	388	153.367059061982	0
5	394	157.124157602511	0
5	402	163.903363768851	0
5	408	166.042601313248	0
5	412	170.501259700831	0
5	416	170.933158346712	0
5	424	174.206131713128	0
5	428	176.012133327313	0
5	432	177.461553132777	0
5	442	180.749406297711	0
5	446	183.323043478194	0
5	450	184.371250332748	0
5	456	185.133658587373	0
5	466	189.719701844602	0
5	470	190.471413679817	0
5	474	191.71265091619	0
5	478	192.396424928997	0
5	488	192.908481158257	0
5	494	193.903624973547	0
5	502	197.329382441915	0
5	506	198.44190398364	0
5	516	204.030007926115	0
5	520	205.023443791282	0
5	528	208.363176793155	0
5	532	209.211491796925	0
5	540	216.56008695089	0
5	546	217.589129428004	0
5	552	220.190413134171	0
5	558	223.698400895005	0
5	564	232.954835139188	0
5	570	234.795992043732	0
5	574	235.702677634339	0
5	578	237.723300466868	0
5	586	241.071697227087	0
5	592	242.286872886361	0
5	598	243.340345026375	0
5	604	246.914337867864	0
5	612	247.833921681052	0
5	616	248.427203352139	0
5	622	249.644143021143	0
5	626	250.5284499658	0
5	632	250.829638215607	0
5	640	252.160335186125	0
5	648	253.509837036336	0
5	654	258.019025330171	0
5	660	274.997816769387	0
5	666	279.294652900368	0
5	672	281.935579488721	0
5	676	283.524257702332	0
5	680	284.944924799156	0
5	686	286.826000286533	0
5	690	288.550919137927	0
5	702	302.116430432736	0
5	706	303.521562715713	0
5	712	305.946033929169	0
5	718	306.571123087376	0
5	724	309.929742872584	0
5	732	314.023900359354	0
5	738	318.776460709737	0
5	744	325.416914032805	0
5	748	329.444690921746	0
5	754	335.570195225936	0
5	760	336.221088877498	0
5	768	344.754860741135	0
5	774	345.445580609759	0
5	780	349.044969266299	0
5	784	349.362660897716	0
5	790	349.823692836589	0
5	796	352.517619632878	0
5	802	354.610819897029	0
5	808	355.573064653967	0
5	816	358.086309724126	0
5	822	360.12165241335	0
5	826	360.385118856283	0
5	832	360.666630970527	0
5	840	363.646663145558	0
5	844	363.984188883971	0
5	850	369.67215163755	0
5	854	370.549597715423	0
5	864	377.641961258108	0
5	868	380.218966801723	0
5	876	382.526450788009	0
5	882	393.696553248761	0
5	888	397.924488880098	0
5	894	398.214178197349	0
5	900	402.344323891611	0
5	904	402.373432748947	0
5	912	403.854576586028	0
5	918	409.460359997536	0
5	922	412.550422299883	0
5	926	413.113011201201	0
5	934	415.762260445148	0
5	938	419.074430120185	0
5	946	423.370965676614	0
5	950	426.393892378516	0
5	958	431.461168596549	0
5	962	432.108922015054	0
5	970	437.858078494734	0
5	976	438.717501585198	0
5	982	447.006232980721	0
5	986	447.812656720496	0
5	992	448.503101928863	0
5	996	449.720772689046	0
5	1004	451.167849183575	0
5	1008	451.930080606363	0
5	1012	453.491542273703	0
5	1024	456.539570504692	0
5	1030	457.177985799551	0
5	1036	459.684162811943	0
5	1042	463.290639302162	0
5	1050	475.513926523126	0
5	1054	477.524321411813	0
5	1058	478.092441782463	0
5	1066	483.396625092549	0
5	1072	485.355913590579	0
5	1080	496.159058748007	0
5	1086	500.133986825674	0
5	1090	502.177415393661	0
5	1096	504.616659105103	0
5	1100	505.018083579872	0
5	1110	507.476957845992	0
5	1116	509.664443552706	0
5	1122	512.603373653864	0
5	1128	522.902527118944	0
5	1132	524.315651417758	0
5	1136	524.827113508633	0
5	1142	525.449716772853	0
5	1152	531.052270590501	0
5	1156	531.170007945744	0
5	1162	533.776499627757	0
5	1166	534.02624055703	0
5	1170	534.048054068604	0
5	1176	534.536028844557	0
5	1188	541.703240558741	0
5	1192	541.71588649024	0
5	1200	550.325088949926	0
5	1206	550.971424760558	0
5	1210	552.801177171855	0
5	1214	552.81284599526	0
5	1222	555.670903212376	0
5	1230	560.127828023039	0
5	1234	561.217774874836	0
5	1240	562.625656242224	0
5	1248	568.48222582883	0
5	1254	577.257582025181	0
5	1258	577.891897818827	0
5	1262	578.730738917076	0
5	1272	583.909696374055	0
5	1276	585.145410724091	0
5	1284	591.566093087086	0
5	1288	592.091645866541	0
5	1294	598.244038947916	0
5	1302	602.780984142939	0
5	1306	603.376741432557	0
5	1312	606.85793234297	0
5	1316	607.437674917157	0
5	1326	613.988452708212	0
5	1330	615.393822435569	0
5	1338	619.233987981906	0
5	1342	619.608061325823	0
5	1346	620.044756202305	0
5	1354	621.689406474266	0
5	1358	625.18716552006	0
5	1362	625.609530496815	0
5	1370	626.473569092595	0
5	1376	626.878439524338	0
5	1384	639.567934694542	0
5	1390	640.375109162317	0
5	1398	648.839439663788	0
5	1404	652.170025861661	0
5	1408	652.571822950461	0
5	1414	655.855340023309	0
5	1418	656.027121496609	0
5	1426	657.90508038372	0
5	1434	660.794540511491	0
5	1438	662.637271436606	0
5	1446	666.648388087402	0
5	1450	670.612829496651	0
5	1456	672.405170867014	0
5	1464	676.789298467627	0
5	1470	678.583619131037	0
5	1476	679.580502733203	0
5	1480	680.021607231081	0
5	1484	680.696830495004	0
5	1490	682.475492525137	0
5	1494	683.619498584668	0
5	1502	686.746236343778	0
5	1512	689.933530716894	0
5	1518	694.420847128425	0
5	1522	698.227321093135	0
5	1528	699.191056799407	0
5	1534	702.02043260703	0
5	1542	708.055439031234	0
5	1548	714.13319236853	0
5	1552	716.045467460244	0
5	1556	716.814266541283	0
5	1560	716.888952626716	0
5	1568	719.624734211905	0
5	1576	722.430531711491	0
5	1580	722.730664193636	0
5	1584	723.491090901403	0
5	1588	723.656315194239	0
5	1592	723.737321892071	0
5	1602	725.508201270021	0
5	1612	726.437062406175	0
5	1620	732.056859974575	0
5	1626	732.251683918295	0
5	1630	736.732666620672	0
5	1636	738.422964134178	0
5	1642	739.092101324803	0
5	1646	740.444787046087	0
5	1652	747.136459264964	0
5	1656	748.35479485674	0
5	1662	748.913465980014	0
5	1670	751.588357070949	0
5	1676	754.523986852824	0
5	1686	760.929396352204	0
5	1692	767.174596411316	0
5	1696	768.427680504513	0
5	1700	768.492196798663	0
5	1704	768.970874242775	0
5	1716	774.146514180117	0
5	1720	774.358242518564	0
5	1726	777.013749694228	0
5	1732	778.768451064484	0
5	1738	779.378804040693	0
5	1744	781.289815124375	0
5	1750	784.492670632606	0
5	1758	788.008121715597	0
5	1764	790.351738059459	0
5	1770	792.4091927898	0
5	1774	795.419379589633	0
5	1778	796.141497828926	0
5	1786	802.522351356841	0
5	1790	803.162654042909	0
5	1798	806.951226583836	0
5	1804	816.426174874433	0
5	1808	816.455947794527	0
5	1816	818.066777349225	0
5	1822	821.483230572497	0
5	1826	822.093984768914	0
5	1830	822.902931427541	0
5	1842	825.190120869304	0
5	1848	826.80805813167	0
5	1852	830.890562304787	0
5	1856	831.231249102591	0
5	1862	832.768264000785	0
5	1870	836.163381300815	0
5	1878	841.468792481279	0
5	1884	842.544053402033	0
5	1890	848.745629946662	0
5	1896	850.545273537922	0
5	1902	861.124365716294	0
5	1908	880.211850219717	0
5	1912	881.731172253501	0
5	1916	881.985013921898	0
5	1924	882.626219144764	0
5	1932	884.800508669927	0
5	1936	886.709000863799	0
5	1940	887.792807692052	0
5	1948	890.502770613605	0
5	1952	891.298722810782	0
5	1958	893.098307237646	0
5	1962	893.12593593322	0
5	1970	895.824348941975	0
5	1976	897.639397864169	0
5	1986	900.795046456575	0
5	1990	900.856417353185	0
5	1996	903.668018441265	0
5	2004	907.649818699987	0
5	2008	908.729924723327	0
5	2012	910.070058643921	0
5	2018	911.614335140107	0
5	2024	916.469820503353	0
5	2032	917.83972713282	0
5	2036	918.020681029803	0
5	2042	918.76421830738	0
5	2046	919.424178994277	0
5	2050	920.56987836211	0
5	2064	925.532680105182	0
5	2068	927.295143642474	0
5	2072	927.418424851524	0
5	2078	927.906454601203	0
5	2088	929.458689008582	0
5	2094	933.08986318843	0
5	2098	933.358282702678	0
5	2106	935.431461222098	0
5	2112	938.9673131777	0
5	2118	940.27529222997	0
5	2124	946.637417613145	0
5	2128	950.68683643572	0
5	2134	953.601418298355	0
5	2142	956.900277631871	0
5	2148	965.731292016125	0
5	2152	966.48337753752	0
5	2156	966.492703745418	0
5	2164	970.581532255106	0
5	2168	971.051491183809	0
5	2178	976.74519472292	0
5	2184	977.941152553464	0
5	2190	983.136165757094	0
5	2194	983.397002828118	0
5	2198	984.589732693081	0
5	2208	988.787581690241	0
5	2214	992.917536411485	0
5	2218	993.943518634289	0
5	2224	996.839446271421	0
5	2228	997.368652115495	0
5	2234	999.132176877238	0

